0 0 581.206
0 0.2 581.206
0 0.4 581.203
0 0.6 581.195
0 0.8 581.181
0 1 581.161
0 1.2 581.135
0 1.4 581.103
0 1.6 581.065
0 1.8 581.022
0 2 580.973
0 2.2 580.918
0 2.4 580.859
0 2.6 580.794
0 2.8 580.725
0 3 580.651
0 3.2 580.573
0 3.4 580.491
0 3.6 580.405
0 3.8 580.317
0 4 580.225
0 4.2 580.131
0 4.4 580.034
0 4.6 579.936
0 4.8 579.837
0 5 579.736
0 5.2 579.636
0 5.4 579.535
0 5.6 579.435
0 5.8 579.335
0 6 579.237
0 6.2 579.141
0 6.4 579.047
0 6.6 578.956
0 6.8 578.867
0 7 578.782
0 7.2 578.701
0 7.4 578.624
0 7.6 578.552
0 7.8 578.485
0 8 578.422
0 8.2 578.365
0 8.4 578.314
0 8.6 578.269
0 8.8 578.229
0 9 578.196
0 9.2 578.17
0 9.4 578.15
0 9.6 578.136
0 9.8 578.13
0 10 578.13
0.2 0 581.206
0.2 0.2 581.206
0.2 0.4 581.203
0.2 0.6 581.195
0.2 0.8 581.181
0.2 1 581.161
0.2 1.2 581.135
0.2 1.4 581.103
0.2 1.6 581.065
0.2 1.8 581.022
0.2 2 580.973
0.2 2.2 580.918
0.2 2.4 580.859
0.2 2.6 580.794
0.2 2.8 580.725
0.2 3 580.651
0.2 3.2 580.573
0.2 3.4 580.491
0.2 3.6 580.405
0.2 3.8 580.317
0.2 4 580.225
0.2 4.2 580.131
0.2 4.4 580.034
0.2 4.6 579.936
0.2 4.8 579.837
0.2 5 579.736
0.2 5.2 579.636
0.2 5.4 579.535
0.2 5.6 579.435
0.2 5.8 579.335
0.2 6 579.237
0.2 6.2 579.141
0.2 6.4 579.047
0.2 6.6 578.956
0.2 6.8 578.867
0.2 7 578.782
0.2 7.2 578.701
0.2 7.4 578.624
0.2 7.6 578.552
0.2 7.8 578.485
0.2 8 578.422
0.2 8.2 578.365
0.2 8.4 578.314
0.2 8.6 578.269
0.2 8.8 578.229
0.2 9 578.196
0.2 9.2 578.17
0.2 9.4 578.15
0.2 9.6 578.136
0.2 9.8 578.13
0.2 10 578.13
0.4 0 581.234
0.4 0.2 581.234
0.4 0.4 581.231
0.4 0.6 581.223
0.4 0.8 581.209
0.4 1 581.189
0.4 1.2 581.163
0.4 1.4 581.131
0.4 1.6 581.093
0.4 1.8 581.049
0.4 2 581
0.4 2.2 580.945
0.4 2.4 580.886
0.4 2.6 580.821
0.4 2.8 580.751
0.4 3 580.677
0.4 3.2 580.599
0.4 3.4 580.516
0.4 3.6 580.43
0.4 3.8 580.341
0.4 4 580.249
0.4 4.2 580.154
0.4 4.4 580.058
0.4 4.6 579.959
0.4 4.8 579.859
0.4 5 579.759
0.4 5.2 579.657
0.4 5.4 579.556
0.4 5.6 579.456
0.4 5.8 579.356
0.4 6 579.257
0.4 6.2 579.161
0.4 6.4 579.066
0.4 6.6 578.974
0.4 6.8 578.886
0.4 7 578.8
0.4 7.2 578.719
0.4 7.4 578.642
0.4 7.6 578.569
0.4 7.8 578.501
0.4 8 578.438
0.4 8.2 578.381
0.4 8.4 578.33
0.4 8.6 578.284
0.4 8.8 578.245
0.4 9 578.212
0.4 9.2 578.185
0.4 9.4 578.165
0.4 9.6 578.151
0.4 9.8 578.145
0.4 10 578.145
0.6 0 581.287
0.6 0.2 581.287
0.6 0.4 581.284
0.6 0.6 581.276
0.6 0.8 581.261
0.6 1 581.241
0.6 1.2 581.215
0.6 1.4 581.183
0.6 1.6 581.144
0.6 1.8 581.1
0.6 2 581.051
0.6 2.2 580.996
0.6 2.4 580.936
0.6 2.6 580.871
0.6 2.8 580.8
0.6 3 580.726
0.6 3.2 580.647
0.6 3.4 580.564
0.6 3.6 580.477
0.6 3.8 580.387
0.6 4 580.294
0.6 4.2 580.199
0.6 4.4 580.101
0.6 4.6 580.002
0.6 4.8 579.901
0.6 5 579.8
0.6 5.2 579.698
0.6 5.4 579.596
0.6 5.6 579.494
0.6 5.8 579.393
0.6 6 579.294
0.6 6.2 579.196
0.6 6.4 579.101
0.6 6.6 579.009
0.6 6.8 578.919
0.6 7 578.833
0.6 7.2 578.751
0.6 7.4 578.673
0.6 7.6 578.599
0.6 7.8 578.531
0.6 8 578.468
0.6 8.2 578.41
0.6 8.4 578.358
0.6 8.6 578.312
0.6 8.8 578.272
0.6 9 578.239
0.6 9.2 578.212
0.6 9.4 578.192
0.6 9.6 578.178
0.6 9.8 578.171
0.6 10 578.171
0.8 0 581.364
0.8 0.2 581.364
0.8 0.4 581.362
0.8 0.6 581.353
0.8 0.8 581.339
0.8 1 581.318
0.8 1.2 581.291
0.8 1.4 581.259
0.8 1.6 581.22
0.8 1.8 581.176
0.8 2 581.126
0.8 2.2 581.07
0.8 2.4 581.01
0.8 2.6 580.944
0.8 2.8 580.873
0.8 3 580.797
0.8 3.2 580.717
0.8 3.4 580.633
0.8 3.6 580.546
0.8 3.8 580.455
0.8 4 580.361
0.8 4.2 580.264
0.8 4.4 580.165
0.8 4.6 580.065
0.8 4.8 579.963
0.8 5 579.86
0.8 5.2 579.756
0.8 5.4 579.653
0.8 5.6 579.55
0.8 5.8 579.448
0.8 6 579.347
0.8 6.2 579.248
0.8 6.4 579.152
0.8 6.6 579.058
0.8 6.8 578.967
0.8 7 578.88
0.8 7.2 578.797
0.8 7.4 578.718
0.8 7.6 578.644
0.8 7.8 578.574
0.8 8 578.51
0.8 8.2 578.452
0.8 8.4 578.399
0.8 8.6 578.352
0.8 8.8 578.312
0.8 9 578.278
0.8 9.2 578.251
0.8 9.4 578.231
0.8 9.6 578.217
0.8 9.8 578.21
0.8 10 578.21
1 0 581.466
1 0.2 581.466
1 0.4 581.464
1 0.6 581.455
1 0.8 581.44
1 1 581.419
1 1.2 581.392
1 1.4 581.359
1 1.6 581.32
1 1.8 581.275
1 2 581.225
1 2.2 581.168
1 2.4 581.107
1 2.6 581.04
1 2.8 580.968
1 3 580.891
1 3.2 580.81
1 3.4 580.725
1 3.6 580.636
1 3.8 580.543
1 4 580.448
1 4.2 580.35
1 4.4 580.249
1 4.6 580.147
1 4.8 580.043
1 5 579.938
1 5.2 579.833
1 5.4 579.728
1 5.6 579.623
1 5.8 579.519
1 6 579.417
1 6.2 579.316
1 6.4 579.218
1 6.6 579.123
1 6.8 579.03
1 7 578.942
1 7.2 578.857
1 7.4 578.776
1 7.6 578.701
1 7.8 578.63
1 8 578.565
1 8.2 578.506
1 8.4 578.452
1 8.6 578.405
1 8.8 578.364
1 9 578.329
1 9.2 578.302
1 9.4 578.281
1 9.6 578.267
1 9.8 578.26
1 10 578.26
1.2 0 581.593
1.2 0.2 581.593
1.2 0.4 581.59
1.2 0.6 581.581
1.2 0.8 581.566
1.2 1 581.545
1.2 1.2 581.518
1.2 1.4 581.484
1.2 1.6 581.444
1.2 1.8 581.399
1.2 2 581.347
1.2 2.2 581.29
1.2 2.4 581.227
1.2 2.6 581.159
1.2 2.8 581.086
1.2 3 581.008
1.2 3.2 580.925
1.2 3.4 580.839
1.2 3.6 580.748
1.2 3.8 580.654
1.2 4 580.556
1.2 4.2 580.456
1.2 4.4 580.353
1.2 4.6 580.249
1.2 4.8 580.143
1.2 5 580.036
1.2 5.2 579.928
1.2 5.4 579.821
1.2 5.6 579.714
1.2 5.8 579.608
1.2 6 579.503
1.2 6.2 579.4
1.2 6.4 579.3
1.2 6.6 579.202
1.2 6.8 579.108
1.2 7 579.017
1.2 7.2 578.931
1.2 7.4 578.849
1.2 7.6 578.771
1.2 7.8 578.699
1.2 8 578.633
1.2 8.2 578.572
1.2 8.4 578.517
1.2 8.6 578.469
1.2 8.8 578.427
1.2 9 578.392
1.2 9.2 578.364
1.2 9.4 578.342
1.2 9.6 578.328
1.2 9.8 578.321
1.2 10 578.321
1.4 0 581.744
1.4 0.2 581.744
1.4 0.4 581.741
1.4 0.6 581.732
1.4 0.8 581.717
1.4 1 581.695
1.4 1.2 581.667
1.4 1.4 581.633
1.4 1.6 581.593
1.4 1.8 581.546
1.4 2 581.494
1.4 2.2 581.435
1.4 2.4 581.371
1.4 2.6 581.302
1.4 2.8 581.227
1.4 3 581.147
1.4 3.2 581.063
1.4 3.4 580.974
1.4 3.6 580.881
1.4 3.8 580.785
1.4 4 580.685
1.4 4.2 580.583
1.4 4.4 580.477
1.4 4.6 580.37
1.4 4.8 580.262
1.4 5 580.152
1.4 5.2 580.042
1.4 5.4 579.932
1.4 5.6 579.822
1.4 5.8 579.713
1.4 6 579.606
1.4 6.2 579.5
1.4 6.4 579.397
1.4 6.6 579.297
1.4 6.8 579.2
1.4 7 579.107
1.4 7.2 579.018
1.4 7.4 578.934
1.4 7.6 578.855
1.4 7.8 578.781
1.4 8 578.713
1.4 8.2 578.65
1.4 8.4 578.594
1.4 8.6 578.545
1.4 8.8 578.502
1.4 9 578.466
1.4 9.2 578.437
1.4 9.4 578.415
1.4 9.6 578.4
1.4 9.8 578.393
1.4 10 578.393
1.6 0 581.92
1.6 0.2 581.92
1.6 0.4 581.917
1.6 0.6 581.908
1.6 0.8 581.892
1.6 1 581.87
1.6 1.2 581.842
1.6 1.4 581.807
1.6 1.6 581.765
1.6 1.8 581.718
1.6 2 581.664
1.6 2.2 581.605
1.6 2.4 581.539
1.6 2.6 581.468
1.6 2.8 581.392
1.6 3 581.31
1.6 3.2 581.223
1.6 3.4 581.132
1.6 3.6 581.037
1.6 3.8 580.938
1.6 4 580.835
1.6 4.2 580.73
1.6 4.4 580.622
1.6 4.6 580.512
1.6 4.8 580.4
1.6 5 580.287
1.6 5.2 580.174
1.6 5.4 580.06
1.6 5.6 579.947
1.6 5.8 579.835
1.6 6 579.724
1.6 6.2 579.616
1.6 6.4 579.51
1.6 6.6 579.406
1.6 6.8 579.307
1.6 7 579.211
1.6 7.2 579.119
1.6 7.4 579.033
1.6 7.6 578.951
1.6 7.8 578.875
1.6 8 578.805
1.6 8.2 578.741
1.6 8.4 578.683
1.6 8.6 578.632
1.6 8.8 578.588
1.6 9 578.551
1.6 9.2 578.521
1.6 9.4 578.498
1.6 9.6 578.483
1.6 9.8 578.476
1.6 10 578.476
1.8 0 582.121
1.8 0.2 582.121
1.8 0.4 582.118
1.8 0.6 582.108
1.8 0.8 582.092
1.8 1 582.07
1.8 1.2 582.04
1.8 1.4 582.005
1.8 1.6 581.963
1.8 1.8 581.914
1.8 2 581.859
1.8 2.2 581.798
1.8 2.4 581.731
1.8 2.6 581.658
1.8 2.8 581.579
1.8 3 581.495
1.8 3.2 581.406
1.8 3.4 581.313
1.8 3.6 581.214
1.8 3.8 581.112
1.8 4 581.007
1.8 4.2 580.898
1.8 4.4 580.786
1.8 4.6 580.673
1.8 4.8 580.557
1.8 5 580.441
1.8 5.2 580.323
1.8 5.4 580.206
1.8 5.6 580.089
1.8 5.8 579.973
1.8 6 579.859
1.8 6.2 579.747
1.8 6.4 579.637
1.8 6.6 579.531
1.8 6.8 579.428
1.8 7 579.329
1.8 7.2 579.234
1.8 7.4 579.145
1.8 7.6 579.06
1.8 7.8 578.982
1.8 8 578.909
1.8 8.2 578.843
1.8 8.4 578.783
1.8 8.6 578.731
1.8 8.8 578.685
1.8 9 578.647
1.8 9.2 578.616
1.8 9.4 578.593
1.8 9.6 578.577
1.8 9.8 578.569
1.8 10 578.569
2 0 582.347
2 0.2 582.347
2 0.4 582.343
2 0.6 582.334
2 0.8 582.317
2 1 582.294
2 1.2 582.264
2 1.4 582.228
2 1.6 582.184
2 1.8 582.134
2 2 582.078
2 2.2 582.015
2 2.4 581.946
2 2.6 581.871
2 2.8 581.79
2 3 581.704
2 3.2 581.612
2 3.4 581.515
2 3.6 581.414
2 3.8 581.309
2 4 581.199
2 4.2 581.087
2 4.4 580.971
2 4.6 580.853
2 4.8 580.734
2 5 580.613
2 5.2 580.492
2 5.4 580.37
2 5.6 580.249
2 5.8 580.129
2 6 580.01
2 6.2 579.894
2 6.4 579.78
2 6.6 579.669
2 6.8 579.563
2 7 579.46
2 7.2 579.362
2 7.4 579.269
2 7.6 579.182
2 7.8 579.1
2 8 579.025
2 8.2 578.956
2 8.4 578.895
2 8.6 578.84
2 8.8 578.793
2 9 578.753
2 9.2 578.721
2 9.4 578.697
2 9.6 578.681
2 9.8 578.673
2 10 578.673
2.2 0 582.597
2.2 0.2 582.597
2.2 0.4 582.594
2.2 0.6 582.584
2.2 0.8 582.567
2.2 1 582.543
2.2 1.2 582.513
2.2 1.4 582.475
2.2 1.6 582.431
2.2 1.8 582.38
2.2 2 582.322
2.2 2.2 582.257
2.2 2.4 582.186
2.2 2.6 582.109
2.2 2.8 582.025
2.2 3 581.936
2.2 3.2 581.841
2.2 3.4 581.741
2.2 3.6 581.636
2.2 3.8 581.527
2.2 4 581.413
2.2 4.2 581.296
2.2 4.4 581.177
2.2 4.6 581.054
2.2 4.8 580.93
2.2 5 580.804
2.2 5.2 580.678
2.2 5.4 580.551
2.2 5.6 580.425
2.2 5.8 580.3
2.2 6 580.177
2.2 6.2 580.056
2.2 6.4 579.938
2.2 6.6 579.823
2.2 6.8 579.711
2.2 7 579.605
2.2 7.2 579.503
2.2 7.4 579.406
2.2 7.6 579.315
2.2 7.8 579.231
2.2 8 579.153
2.2 8.2 579.081
2.2 8.4 579.017
2.2 8.6 578.961
2.2 8.8 578.912
2.2 9 578.87
2.2 9.2 578.837
2.2 9.4 578.812
2.2 9.6 578.795
2.2 9.8 578.787
2.2 10 578.787
2.4 0 582.873
2.4 0.2 582.873
2.4 0.4 582.87
2.4 0.6 582.859
2.4 0.8 582.842
2.4 1 582.818
2.4 1.2 582.786
2.4 1.4 582.748
2.4 1.6 582.702
2.4 1.8 582.65
2.4 2 582.59
2.4 2.2 582.523
2.4 2.4 582.45
2.4 2.6 582.37
2.4 2.8 582.284
2.4 3 582.192
2.4 3.2 582.093
2.4 3.4 581.99
2.4 3.6 581.881
2.4 3.8 581.767
2.4 4 581.649
2.4 4.2 581.527
2.4 4.4 581.402
2.4 4.6 581.275
2.4 4.8 581.145
2.4 5 581.014
2.4 5.2 580.883
2.4 5.4 580.751
2.4 5.6 580.619
2.4 5.8 580.489
2.4 6 580.36
2.4 6.2 580.233
2.4 6.4 580.11
2.4 6.6 579.99
2.4 6.8 579.874
2.4 7 579.763
2.4 7.2 579.656
2.4 7.4 579.556
2.4 7.6 579.461
2.4 7.8 579.373
2.4 8 579.292
2.4 8.2 579.217
2.4 8.4 579.15
2.4 8.6 579.091
2.4 8.8 579.04
2.4 9 578.997
2.4 9.2 578.963
2.4 9.4 578.937
2.4 9.6 578.92
2.4 9.8 578.911
2.4 10 578.911
2.6 0 583.174
2.6 0.2 583.174
2.6 0.4 583.171
2.6 0.6 583.16
2.6 0.8 583.142
2.6 1 583.117
2.6 1.2 583.085
2.6 1.4 583.046
2.6 1.6 582.999
2.6 1.8 582.945
2.6 2 582.883
2.6 2.2 582.815
2.6 2.4 582.739
2.6 2.6 582.656
2.6 2.8 582.567
2.6 3 582.471
2.6 3.2 582.369
2.6 3.4 582.261
2.6 3.6 582.148
2.6 3.8 582.03
2.6 4 581.907
2.6 4.2 581.78
2.6 4.4 581.649
2.6 4.6 581.516
2.6 4.8 581.381
2.6 5 581.244
2.6 5.2 581.106
2.6 5.4 580.967
2.6 5.6 580.83
2.6 5.8 580.693
2.6 6 580.559
2.6 6.2 580.426
2.6 6.4 580.297
2.6 6.6 580.171
2.6 6.8 580.05
2.6 7 579.934
2.6 7.2 579.823
2.6 7.4 579.717
2.6 7.6 579.619
2.6 7.8 579.526
2.6 8 579.441
2.6 8.2 579.364
2.6 8.4 579.294
2.6 8.6 579.232
2.6 8.8 579.179
2.6 9 579.134
2.6 9.2 579.098
2.6 9.4 579.071
2.6 9.6 579.053
2.6 9.8 579.044
2.6 10 579.044
2.8 0 583.501
2.8 0.2 583.501
2.8 0.4 583.497
2.8 0.6 583.486
2.8 0.8 583.468
2.8 1 583.443
2.8 1.2 583.41
2.8 1.4 583.369
2.8 1.6 583.321
2.8 1.8 583.265
2.8 2 583.202
2.8 2.2 583.131
2.8 2.4 583.053
2.8 2.6 582.968
2.8 2.8 582.875
2.8 3 582.775
2.8 3.2 582.669
2.8 3.4 582.557
2.8 3.6 582.439
2.8 3.8 582.315
2.8 4 582.186
2.8 4.2 582.053
2.8 4.4 581.917
2.8 4.6 581.777
2.8 4.8 581.635
2.8 5 581.492
2.8 5.2 581.347
2.8 5.4 581.202
2.8 5.6 581.058
2.8 5.8 580.914
2.8 6 580.773
2.8 6.2 580.634
2.8 6.4 580.499
2.8 6.6 580.367
2.8 6.8 580.24
2.8 7 580.118
2.8 7.2 580.001
2.8 7.4 579.891
2.8 7.6 579.787
2.8 7.8 579.691
2.8 8 579.602
2.8 8.2 579.521
2.8 8.4 579.448
2.8 8.6 579.383
2.8 8.8 579.327
2.8 9 579.281
2.8 9.2 579.243
2.8 9.4 579.215
2.8 9.6 579.196
2.8 9.8 579.186
2.8 10 579.186
3 0 583.853
3 0.2 583.853
3 0.4 583.849
3 0.6 583.838
3 0.8 583.82
3 1 583.794
3 1.2 583.76
3 1.4 583.718
3 1.6 583.669
3 1.8 583.612
3 2 583.546
3 2.2 583.473
3 2.4 583.393
3 2.6 583.304
3 2.8 583.208
3 3 583.104
3 3.2 582.994
3 3.4 582.876
3 3.6 582.753
3 3.8 582.623
3 4 582.489
3 4.2 582.349
3 4.4 582.206
3 4.6 582.059
3 4.8 581.91
3 5 581.759
3 5.2 581.607
3 5.4 581.454
3 5.6 581.302
3 5.8 581.152
3 6 581.003
3 6.2 580.857
3 6.4 580.714
3 6.6 580.576
3 6.8 580.442
3 7 580.314
3 7.2 580.192
3 7.4 580.076
3 7.6 579.967
3 7.8 579.866
3 8 579.773
3 8.2 579.687
3 8.4 579.611
3 8.6 579.543
3 8.8 579.485
3 9 579.436
3 9.2 579.397
3 9.4 579.367
3 9.6 579.347
3 9.8 579.337
3 10 579.337
3.2 0 584.231
3.2 0.2 584.231
3.2 0.4 584.227
3.2 0.6 584.216
3.2 0.8 584.197
3.2 1 584.17
3.2 1.2 584.136
3.2 1.4 584.093
3.2 1.6 584.043
3.2 1.8 583.984
3.2 2 583.917
3.2 2.2 583.841
3.2 2.4 583.758
3.2 2.6 583.666
3.2 2.8 583.566
3.2 3 583.458
3.2 3.2 583.343
3.2 3.4 583.22
3.2 3.6 583.091
3.2 3.8 582.955
3.2 4 582.814
3.2 4.2 582.667
3.2 4.4 582.516
3.2 4.6 582.362
3.2 4.8 582.205
3.2 5 582.045
3.2 5.2 581.885
3.2 5.4 581.724
3.2 5.6 581.564
3.2 5.8 581.405
3.2 6 581.248
3.2 6.2 581.094
3.2 6.4 580.944
3.2 6.6 580.798
3.2 6.8 580.658
3.2 7 580.523
3.2 7.2 580.394
3.2 7.4 580.272
3.2 7.6 580.158
3.2 7.8 580.051
3.2 8 579.953
3.2 8.2 579.864
3.2 8.4 579.784
3.2 8.6 579.713
3.2 8.8 579.651
3.2 9 579.6
3.2 9.2 579.558
3.2 9.4 579.527
3.2 9.6 579.506
3.2 9.8 579.496
3.2 10 579.496
3.4 0 584.635
3.4 0.2 584.635
3.4 0.4 584.631
3.4 0.6 584.62
3.4 0.8 584.6
3.4 1 584.573
3.4 1.2 584.538
3.4 1.4 584.495
3.4 1.6 584.443
3.4 1.8 584.383
3.4 2 584.314
3.4 2.2 584.236
3.4 2.4 584.149
3.4 2.6 584.054
3.4 2.8 583.95
3.4 3 583.838
3.4 3.2 583.717
3.4 3.4 583.589
3.4 3.6 583.453
3.4 3.8 583.31
3.4 4 583.162
3.4 4.2 583.007
3.4 4.4 582.848
3.4 4.6 582.685
3.4 4.8 582.519
3.4 5 582.351
3.4 5.2 582.182
3.4 5.4 582.012
3.4 5.6 581.842
3.4 5.8 581.674
3.4 6 581.509
3.4 6.2 581.346
3.4 6.4 581.188
3.4 6.6 581.034
3.4 6.8 580.885
3.4 7 580.743
3.4 7.2 580.607
3.4 7.4 580.479
3.4 7.6 580.359
3.4 7.8 580.246
3.4 8 580.143
3.4 8.2 580.049
3.4 8.4 579.965
3.4 8.6 579.89
3.4 8.8 579.826
3.4 9 579.772
3.4 9.2 579.728
3.4 9.4 579.696
3.4 9.6 579.674
3.4 9.8 579.663
3.4 10 579.663
3.6 0 585.065
3.6 0.2 585.065
3.6 0.4 585.061
3.6 0.6 585.049
3.6 0.8 585.03
3.6 1 585.002
3.6 1.2 584.967
3.6 1.4 584.923
3.6 1.6 584.87
3.6 1.8 584.808
3.6 2 584.737
3.6 2.2 584.657
3.6 2.4 584.568
3.6 2.6 584.469
3.6 2.8 584.361
3.6 3 584.244
3.6 3.2 584.118
3.6 3.4 583.983
3.6 3.6 583.84
3.6 3.8 583.69
3.6 4 583.533
3.6 4.2 583.371
3.6 4.4 583.202
3.6 4.6 583.03
3.6 4.8 582.854
3.6 5 582.676
3.6 5.2 582.497
3.6 5.4 582.317
3.6 5.6 582.137
3.6 5.8 581.96
3.6 6 581.784
3.6 6.2 581.612
3.6 6.4 581.444
3.6 6.6 581.282
3.6 6.8 581.125
3.6 7 580.975
3.6 7.2 580.831
3.6 7.4 580.696
3.6 7.6 580.569
3.6 7.8 580.451
3.6 8 580.342
3.6 8.2 580.243
3.6 8.4 580.154
3.6 8.6 580.076
3.6 8.8 580.008
3.6 9 579.951
3.6 9.2 579.906
3.6 9.4 579.871
3.6 9.6 579.848
3.6 9.8 579.837
3.6 10 579.837
3.8 0 585.521
3.8 0.2 585.521
3.8 0.4 585.517
3.8 0.6 585.505
3.8 0.8 585.486
3.8 1 585.458
3.8 1.2 585.422
3.8 1.4 585.378
3.8 1.6 585.324
3.8 1.8 585.261
3.8 2 585.189
3.8 2.2 585.106
3.8 2.4 585.014
3.8 2.6 584.912
3.8 2.8 584.799
3.8 3 584.677
3.8 3.2 584.545
3.8 3.4 584.404
3.8 3.6 584.253
3.8 3.8 584.095
3.8 4 583.929
3.8 4.2 583.757
3.8 4.4 583.579
3.8 4.6 583.396
3.8 4.8 583.21
3.8 5 583.021
3.8 5.2 582.83
3.8 5.4 582.639
3.8 5.6 582.449
3.8 5.8 582.26
3.8 6 582.074
3.8 6.2 581.892
3.8 6.4 581.714
3.8 6.6 581.542
3.8 6.8 581.376
3.8 7 581.217
3.8 7.2 581.066
3.8 7.4 580.923
3.8 7.6 580.789
3.8 7.8 580.664
3.8 8 580.55
3.8 8.2 580.445
3.8 8.4 580.352
3.8 8.6 580.269
3.8 8.8 580.198
3.8 9 580.138
3.8 9.2 580.09
3.8 9.4 580.053
3.8 9.6 580.029
3.8 9.8 580.017
3.8 10 580.017
4 0 586.003
4 0.2 586.003
4 0.4 585.999
4 0.6 585.987
4 0.8 585.968
4 1 585.94
4 1.2 585.904
4 1.4 585.86
4 1.6 585.806
4 1.8 585.742
4 2 585.668
4 2.2 585.583
4 2.4 585.488
4 2.6 585.382
4 2.8 585.265
4 3 585.138
4 3.2 584.999
4 3.4 584.851
4 3.6 584.693
4 3.8 584.526
4 4 584.35
4 4.2 584.168
4 4.4 583.979
4 4.6 583.784
4 4.8 583.586
4 5 583.385
4 5.2 583.183
4 5.4 582.98
4 5.6 582.777
4 5.8 582.577
4 6 582.379
4 6.2 582.186
4 6.4 581.997
4 6.6 581.814
4 6.8 581.639
4 7 581.47
4 7.2 581.31
4 7.4 581.159
4 7.6 581.017
4 7.8 580.886
4 8 580.765
4 8.2 580.655
4 8.4 580.556
4 8.6 580.469
4 8.8 580.394
4 9 580.331
4 9.2 580.28
4 9.4 580.242
4 9.6 580.216
4 9.8 580.204
4 10 580.204
4.2 0 586.51
4.2 0.2 586.51
4.2 0.4 586.506
4.2 0.6 586.495
4.2 0.8 586.476
4.2 1 586.449
4.2 1.2 586.414
4.2 1.4 586.369
4.2 1.6 586.315
4.2 1.8 586.251
4.2 2 586.175
4.2 2.2 586.089
4.2 2.4 585.992
4.2 2.6 585.882
4.2 2.8 585.761
4.2 3 585.627
4.2 3.2 585.482
4.2 3.4 585.326
4.2 3.6 585.159
4.2 3.8 584.982
4.2 4 584.796
4.2 4.2 584.602
4.2 4.4 584.401
4.2 4.6 584.195
4.2 4.8 583.984
4.2 5 583.769
4.2 5.2 583.553
4.2 5.4 583.337
4.2 5.6 583.122
4.2 5.8 582.908
4.2 6 582.698
4.2 6.2 582.492
4.2 6.4 582.292
4.2 6.6 582.098
4.2 6.8 581.912
4.2 7 581.733
4.2 7.2 581.564
4.2 7.4 581.404
4.2 7.6 581.254
4.2 7.8 581.115
4.2 8 580.987
4.2 8.2 580.871
4.2 8.4 580.767
4.2 8.6 580.675
4.2 8.8 580.596
4.2 9 580.529
4.2 9.2 580.476
4.2 9.4 580.436
4.2 9.6 580.409
4.2 9.8 580.396
4.2 10 580.396
4.4 0 587.043
4.4 0.2 587.043
4.4 0.4 587.04
4.4 0.6 587.029
4.4 0.8 587.011
4.4 1 586.985
4.4 1.2 586.95
4.4 1.4 586.906
4.4 1.6 586.853
4.4 1.8 586.788
4.4 2 586.713
4.4 2.2 586.625
4.4 2.4 586.525
4.4 2.6 586.412
4.4 2.8 586.286
4.4 3 586.147
4.4 3.2 585.995
4.4 3.4 585.83
4.4 3.6 585.654
4.4 3.8 585.466
4.4 4 585.269
4.4 4.2 585.062
4.4 4.4 584.848
4.4 4.6 584.627
4.4 4.8 584.402
4.4 5 584.173
4.4 5.2 583.943
4.4 5.4 583.712
4.4 5.6 583.482
4.4 5.8 583.255
4.4 6 583.031
4.4 6.2 582.812
4.4 6.4 582.599
4.4 6.6 582.393
4.4 6.8 582.195
4.4 7 582.005
4.4 7.2 581.826
4.4 7.4 581.656
4.4 7.6 581.498
4.4 7.8 581.351
4.4 8 581.216
4.4 8.2 581.093
4.4 8.4 580.983
4.4 8.6 580.886
4.4 8.8 580.803
4.4 9 580.733
4.4 9.2 580.677
4.4 9.4 580.635
4.4 9.6 580.606
4.4 9.8 580.592
4.4 10 580.592
4.6 0 587.602
4.6 0.2 587.602
4.6 0.4 587.599
4.6 0.6 587.589
4.6 0.8 587.572
4.6 1 587.547
4.6 1.2 587.514
4.6 1.4 587.472
4.6 1.6 587.419
4.6 1.8 587.355
4.6 2 587.28
4.6 2.2 587.191
4.6 2.4 587.089
4.6 2.6 586.973
4.6 2.8 586.842
4.6 3 586.697
4.6 3.2 586.538
4.6 3.4 586.364
4.6 3.6 586.178
4.6 3.8 585.978
4.6 4 585.768
4.6 4.2 585.548
4.6 4.4 585.319
4.6 4.6 585.083
4.6 4.8 584.842
4.6 5 584.597
4.6 5.2 584.351
4.6 5.4 584.104
4.6 5.6 583.858
4.6 5.8 583.615
4.6 6 583.377
4.6 6.2 583.143
4.6 6.4 582.916
4.6 6.6 582.697
4.6 6.8 582.487
4.6 7 582.286
4.6 7.2 582.096
4.6 7.4 581.916
4.6 7.6 581.749
4.6 7.8 581.593
4.6 8 581.45
4.6 8.2 581.321
4.6 8.4 581.205
4.6 8.6 581.103
4.6 8.8 581.015
4.6 9 580.941
4.6 9.2 580.882
4.6 9.4 580.837
4.6 9.6 580.808
4.6 9.8 580.793
4.6 10 580.793
4.8 0 588.186
4.8 0.2 588.186
4.8 0.4 588.183
4.8 0.6 588.175
4.8 0.8 588.159
4.8 1 588.137
4.8 1.2 588.106
4.8 1.4 588.066
4.8 1.6 588.015
4.8 1.8 587.953
4.8 2 587.878
4.8 2.2 587.789
4.8 2.4 587.685
4.8 2.6 587.566
4.8 2.8 587.431
4.8 3 587.28
4.8 3.2 587.113
4.8 3.4 586.93
4.8 3.6 586.732
4.8 3.8 586.52
4.8 4 586.296
4.8 4.2 586.06
4.8 4.4 585.815
4.8 4.6 585.562
4.8 4.8 585.304
4.8 5 585.042
4.8 5.2 584.777
4.8 5.4 584.513
4.8 5.6 584.25
4.8 5.8 583.99
4.8 6 583.735
4.8 6.2 583.486
4.8 6.4 583.245
4.8 6.6 583.011
4.8 6.8 582.788
4.8 7 582.575
4.8 7.2 582.373
4.8 7.4 582.183
4.8 7.6 582.005
4.8 7.8 581.841
4.8 8 581.69
4.8 8.2 581.553
4.8 8.4 581.431
4.8 8.6 581.323
4.8 8.8 581.23
4.8 9 581.153
4.8 9.2 581.091
4.8 9.4 581.044
4.8 9.6 581.012
4.8 9.8 580.997
4.8 10 580.997
5 0 588.794
5 0.2 588.794
5 0.4 588.792
5 0.6 588.785
5 0.8 588.772
5 1 588.752
5 1.2 588.725
5 1.4 588.688
5 1.6 588.64
5 1.8 588.581
5 2 588.508
5 2.2 588.419
5 2.4 588.315
5 2.6 588.194
5 2.8 588.055
5 3 587.897
5 3.2 587.722
5 3.4 587.528
5 3.6 587.318
5 3.8 587.092
5 4 586.852
5 4.2 586.6
5 4.4 586.337
5 4.6 586.065
5 4.8 585.788
5 5 585.506
5 5.2 585.222
5 5.4 584.938
5 5.6 584.656
5 5.8 584.378
5 6 584.106
5 6.2 583.84
5 6.4 583.582
5 6.6 583.334
5 6.8 583.096
5 7 582.87
5 7.2 582.656
5 7.4 582.455
5 7.6 582.267
5 7.8 582.093
5 8 581.934
5 8.2 581.789
5 8.4 581.66
5 8.6 581.547
5 8.8 581.449
5 9 581.367
5 9.2 581.302
5 9.4 581.253
5 9.6 581.22
5 9.8 581.203
5 10 581.203
5.2 0 589.425
5.2 0.2 589.425
5.2 0.4 589.424
5.2 0.6 589.42
5.2 0.8 589.41
5.2 1 589.394
5.2 1.2 589.371
5.2 1.4 589.339
5.2 1.6 589.296
5.2 1.8 589.241
5.2 2 589.171
5.2 2.2 589.084
5.2 2.4 588.98
5.2 2.6 588.857
5.2 2.8 588.714
5.2 3 588.55
5.2 3.2 588.366
5.2 3.4 588.162
5.2 3.6 587.938
5.2 3.8 587.697
5.2 4 587.44
5.2 4.2 587.168
5.2 4.4 586.885
5.2 4.6 586.593
5.2 4.8 586.294
5.2 5 585.99
5.2 5.2 585.685
5.2 5.4 585.38
5.2 5.6 585.077
5.2 5.8 584.779
5.2 6 584.488
5.2 6.2 584.204
5.2 6.4 583.929
5.2 6.6 583.665
5.2 6.8 583.412
5.2 7 583.171
5.2 7.2 582.944
5.2 7.4 582.731
5.2 7.6 582.532
5.2 7.8 582.349
5.2 8 582.181
5.2 8.2 582.028
5.2 8.4 581.892
5.2 8.6 581.773
5.2 8.8 581.67
5.2 9 581.584
5.2 9.2 581.515
5.2 9.4 581.463
5.2 9.6 581.429
5.2 9.8 581.411
5.2 10 581.411
5.4 0 590.079
5.4 0.2 590.079
5.4 0.4 590.08
5.4 0.6 590.078
5.4 0.8 590.072
5.4 1 590.062
5.4 1.2 590.045
5.4 1.4 590.019
5.4 1.6 589.983
5.4 1.8 589.933
5.4 2 589.868
5.4 2.2 589.785
5.4 2.4 589.683
5.4 2.6 589.559
5.4 2.8 589.412
5.4 3 589.243
5.4 3.2 589.049
5.4 3.4 588.833
5.4 3.6 588.595
5.4 3.8 588.336
5.4 4 588.059
5.4 4.2 587.767
5.4 4.4 587.461
5.4 4.6 587.145
5.4 4.8 586.822
5.4 5 586.494
5.4 5.2 586.165
5.4 5.4 585.837
5.4 5.6 585.512
5.4 5.8 585.192
5.4 6 584.88
5.4 6.2 584.576
5.4 6.4 584.283
5.4 6.6 584.002
5.4 6.8 583.733
5.4 7 583.478
5.4 7.2 583.237
5.4 7.4 583.011
5.4 7.6 582.801
5.4 7.8 582.607
5.4 8 582.43
5.4 8.2 582.269
5.4 8.4 582.126
5.4 8.6 582
5.4 8.8 581.892
5.4 9 581.802
5.4 9.2 581.729
5.4 9.4 581.675
5.4 9.6 581.638
5.4 9.8 581.62
5.4 10 581.62
5.6 0 590.753
5.6 0.2 590.753
5.6 0.4 590.756
5.6 0.6 590.758
5.6 0.8 590.758
5.6 1 590.755
5.6 1.2 590.746
5.6 1.4 590.729
5.6 1.6 590.701
5.6 1.8 590.659
5.6 2 590.601
5.6 2.2 590.524
5.6 2.4 590.425
5.6 2.6 590.301
5.6 2.8 590.152
5.6 3 589.976
5.6 3.2 589.773
5.6 3.4 589.544
5.6 3.6 589.289
5.6 3.8 589.011
5.6 4 588.713
5.6 4.2 588.396
5.6 4.4 588.065
5.6 4.6 587.723
5.6 4.8 587.373
5.6 5 587.019
5.6 5.2 586.663
5.6 5.4 586.309
5.6 5.6 585.959
5.6 5.8 585.616
5.6 6 585.281
5.6 6.2 584.957
5.6 6.4 584.644
5.6 6.6 584.344
5.6 6.8 584.059
5.6 7 583.788
5.6 7.2 583.533
5.6 7.4 583.294
5.6 7.6 583.072
5.6 7.8 582.867
5.6 8 582.68
5.6 8.2 582.511
5.6 8.4 582.36
5.6 8.6 582.228
5.6 8.8 582.114
5.6 9 582.019
5.6 9.2 581.943
5.6 9.4 581.886
5.6 9.6 581.848
5.6 9.8 581.829
5.6 10 581.829
5.8 0 591.446
5.8 0.2 591.446
5.8 0.4 591.452
5.8 0.6 591.459
5.8 0.8 591.466
5.8 1 591.471
5.8 1.2 591.472
5.8 1.4 591.467
5.8 1.6 591.45
5.8 1.8 591.42
5.8 2 591.372
5.8 2.2 591.303
5.8 2.4 591.209
5.8 2.6 591.088
5.8 2.8 590.937
5.8 3 590.755
5.8 3.2 590.542
5.8 3.4 590.298
5.8 3.6 590.025
5.8 3.8 589.726
5.8 4 589.402
5.8 4.2 589.058
5.8 4.4 588.699
5.8 4.6 588.327
5.8 4.8 587.946
5.8 5 587.562
5.8 5.2 587.177
5.8 5.4 586.795
5.8 5.6 586.418
5.8 5.8 586.05
5.8 6 585.691
5.8 6.2 585.344
5.8 6.4 585.01
5.8 6.6 584.691
5.8 6.8 584.387
5.8 7 584.1
5.8 7.2 583.83
5.8 7.4 583.578
5.8 7.6 583.343
5.8 7.8 583.128
5.8 8 582.931
5.8 8.2 582.753
5.8 8.4 582.594
5.8 8.6 582.455
5.8 8.8 582.336
5.8 9 582.236
5.8 9.2 582.157
5.8 9.4 582.097
5.8 9.6 582.057
5.8 9.8 582.037
5.8 10 582.037
6 0 592.156
6 0.2 592.156
6 0.4 592.164
6 0.6 592.177
6 0.8 592.193
6 1 592.21
6 1.2 592.224
6 1.4 592.233
6 1.6 592.232
6 1.8 592.217
6 2 592.183
6 2.2 592.125
6 2.4 592.039
6 2.6 591.922
6 2.8 591.77
6 3 591.583
6 3.2 591.359
6 3.4 591.1
6 3.6 590.806
6 3.8 590.482
6 4 590.13
6 4.2 589.755
6 4.4 589.362
6 4.6 588.956
6 4.8 588.542
6 5 588.124
6 5.2 587.707
6 5.4 587.294
6 5.6 586.888
6 5.8 586.491
6 6 586.107
6 6.2 585.736
6 6.4 585.38
6 6.6 585.04
6 6.8 584.718
6 7 584.414
6 7.2 584.128
6 7.4 583.862
6 7.6 583.615
6 7.8 583.387
6 8 583.18
6 8.2 582.993
6 8.4 582.827
6 8.6 582.681
6 8.8 582.556
6 9 582.452
6 9.2 582.368
6 9.4 582.306
6 9.6 582.264
6 9.8 582.243
6 10 582.243
6.2 0 592.879
6.2 0.2 592.879
6.2 0.4 592.891
6.2 0.6 592.911
6.2 0.8 592.938
6.2 1 592.969
6.2 1.2 593
6.2 1.4 593.028
6.2 1.6 593.046
6.2 1.8 593.051
6.2 2 593.035
6.2 2.2 592.992
6.2 2.4 592.918
6.2 2.6 592.808
6.2 2.8 592.658
6.2 3 592.466
6.2 3.2 592.231
6.2 3.4 591.954
6.2 3.6 591.637
6.2 3.8 591.284
6.2 4 590.899
6.2 4.2 590.488
6.2 4.4 590.057
6.2 4.6 589.612
6.2 4.8 589.16
6.2 5 588.704
6.2 5.2 588.251
6.2 5.4 587.803
6.2 5.6 587.365
6.2 5.8 586.939
6.2 6 586.527
6.2 6.2 586.13
6.2 6.4 585.751
6.2 6.6 585.39
6.2 6.8 585.049
6.2 7 584.727
6.2 7.2 584.425
6.2 7.4 584.144
6.2 7.6 583.884
6.2 7.8 583.645
6.2 8 583.428
6.2 8.2 583.232
6.2 8.4 583.057
6.2 8.6 582.905
6.2 8.8 582.774
6.2 9 582.665
6.2 9.2 582.577
6.2 9.4 582.512
6.2 9.6 582.468
6.2 9.8 582.446
6.2 10 582.446
6.4 0 593.611
6.4 0.2 593.611
6.4 0.4 593.628
6.4 0.6 593.658
6.4 0.8 593.698
6.4 1 593.746
6.4 1.2 593.798
6.4 1.4 593.849
6.4 1.6 593.893
6.4 1.8 593.923
6.4 2 593.931
6.4 2.2 593.91
6.4 2.4 593.852
6.4 2.6 593.753
6.4 2.8 593.606
6.4 3 593.409
6.4 3.2 593.162
6.4 3.4 592.865
6.4 3.6 592.521
6.4 3.8 592.135
6.4 4 591.712
6.4 4.2 591.259
6.4 4.4 590.784
6.4 4.6 590.295
6.4 4.8 589.798
6.4 5 589.3
6.4 5.2 588.807
6.4 5.4 588.322
6.4 5.6 587.849
6.4 5.8 587.391
6.4 6 586.949
6.4 6.2 586.526
6.4 6.4 586.123
6.4 6.6 585.74
6.4 6.8 585.378
6.4 7 585.038
6.4 7.2 584.72
6.4 7.4 584.424
6.4 7.6 584.15
6.4 7.8 583.9
6.4 8 583.672
6.4 8.2 583.466
6.4 8.4 583.284
6.4 8.6 583.124
6.4 8.8 582.988
6.4 9 582.874
6.4 9.2 582.782
6.4 9.4 582.714
6.4 9.6 582.668
6.4 9.8 582.646
6.4 10 582.646
6.6 0 594.348
6.6 0.2 594.348
6.6 0.4 594.371
6.6 0.6 594.411
6.6 0.8 594.468
6.6 1 594.537
6.6 1.2 594.615
6.6 1.4 594.696
6.6 1.6 594.772
6.6 1.8 594.835
6.6 2 594.875
6.6 2.2 594.882
6.6 2.4 594.847
6.6 2.6 594.762
6.6 2.8 594.621
6.6 3 594.422
6.6 3.2 594.162
6.6 3.4 593.842
6.6 3.6 593.467
6.6 3.8 593.041
6.6 4 592.572
6.6 4.2 592.07
6.6 4.4 591.543
6.6 4.6 591.002
6.6 4.8 590.456
6.6 5 589.91
6.6 5.2 589.372
6.6 5.4 588.847
6.6 5.6 588.336
6.6 5.8 587.844
6.6 6 587.371
6.6 6.2 586.92
6.6 6.4 586.492
6.6 6.6 586.086
6.6 6.8 585.703
6.6 7 585.345
6.6 7.2 585.01
6.6 7.4 584.699
6.6 7.6 584.412
6.6 7.8 584.15
6.6 8 583.911
6.6 8.2 583.697
6.6 8.4 583.506
6.6 8.6 583.339
6.6 8.8 583.197
6.6 9 583.078
6.6 9.2 582.983
6.6 9.4 582.912
6.6 9.6 582.864
6.6 9.8 582.841
6.6 10 582.841
6.8 0 595.085
6.8 0.2 595.085
6.8 0.4 595.114
6.8 0.6 595.167
6.8 0.8 595.243
6.8 1 595.338
6.8 1.2 595.448
6.8 1.4 595.566
6.8 1.6 595.683
6.8 1.8 595.788
6.8 2 595.87
6.8 2.2 595.914
6.8 2.4 595.909
6.8 2.6 595.845
6.8 2.8 595.714
6.8 3 595.513
6.8 3.2 595.239
6.8 3.4 594.893
6.8 3.6 594.481
6.8 3.8 594.008
6.8 4 593.485
6.8 4.2 592.923
6.8 4.4 592.336
6.8 4.6 591.734
6.8 4.8 591.13
6.8 5 590.531
6.8 5.2 589.944
6.8 5.4 589.374
6.8 5.6 588.823
6.8 5.8 588.295
6.8 6 587.791
6.8 6.2 587.311
6.8 6.4 586.856
6.8 6.6 586.427
6.8 6.8 586.023
6.8 7 585.646
6.8 7.2 585.294
6.8 7.4 584.968
6.8 7.6 584.668
6.8 7.8 584.394
6.8 8 584.145
6.8 8.2 583.921
6.8 8.4 583.722
6.8 8.6 583.549
6.8 8.8 583.4
6.8 9 583.277
6.8 9.2 583.178
6.8 9.4 583.104
6.8 9.6 583.054
6.8 9.8 583.03
6.8 10 583.03
7 0 595.815
7 0.2 595.815
7 0.4 595.851
7 0.6 595.919
7 0.8 596.018
7 1 596.143
7 1.2 596.291
7 1.4 596.454
7 1.6 596.623
7 1.8 596.784
7 2 596.92
7 2.2 597.014
7 2.4 597.049
7 2.6 597.013
7 2.8 596.896
7 3 596.694
7 3.2 596.405
7 3.4 596.03
7 3.6 595.573
7 3.8 595.044
7 4 594.455
7 4.2 593.821
7 4.4 593.159
7 4.6 592.487
7 4.8 591.817
7 5 591.158
7 5.2 590.518
7 5.4 589.9
7 5.6 589.307
7 5.8 588.741
7 6 588.203
7 6.2 587.694
7 6.4 587.212
7 6.6 586.76
7 6.8 586.336
7 7 585.939
7 7.2 585.571
7 7.4 585.23
7 7.6 584.917
7 7.8 584.63
7 8 584.371
7 8.2 584.138
7 8.4 583.932
7 8.6 583.751
7 8.8 583.597
7 9 583.469
7 9.2 583.366
7 9.4 583.289
7 9.6 583.238
7 9.8 583.213
7 10 583.213
7.2 0 596.53
7.2 0.2 596.53
7.2 0.4 596.575
7.2 0.6 596.659
7.2 0.8 596.783
7.2 1 596.944
7.2 1.2 597.137
7.2 1.4 597.355
7.2 1.6 597.589
7.2 1.8 597.822
7.2 2 598.031
7.2 2.2 598.19
7.2 2.4 598.278
7.2 2.6 598.279
7.2 2.8 598.182
7.2 3 597.981
7.2 3.2 597.675
7.2 3.4 597.265
7.2 3.6 596.757
7.2 3.8 596.159
7.2 4 595.487
7.2 4.2 594.763
7.2 4.4 594.012
7.2 4.6 593.256
7.2 4.8 592.51
7.2 5 591.785
7.2 5.2 591.086
7.2 5.4 590.418
7.2 5.6 589.781
7.2 5.8 589.177
7.2 6 588.605
7.2 6.2 588.066
7.2 6.4 587.559
7.2 6.6 587.083
7.2 6.8 586.638
7.2 7 586.223
7.2 7.2 585.838
7.2 7.4 585.483
7.2 7.6 585.156
7.2 7.8 584.859
7.2 8 584.589
7.2 8.2 584.347
7.2 8.4 584.133
7.2 8.6 583.946
7.2 8.8 583.786
7.2 9 583.653
7.2 9.2 583.547
7.2 9.4 583.467
7.2 9.6 583.414
7.2 9.8 583.388
7.2 10 583.388
7.4 0 597.223
7.4 0.2 597.223
7.4 0.4 597.276
7.4 0.6 597.379
7.4 0.8 597.53
7.4 1 597.73
7.4 1.2 597.975
7.4 1.4 598.26
7.4 1.6 598.575
7.4 1.8 598.902
7.4 2 599.209
7.4 2.2 599.457
7.4 2.4 599.614
7.4 2.6 599.661
7.4 2.8 599.589
7.4 3 599.391
7.4 3.2 599.067
7.4 3.4 598.618
7.4 3.6 598.047
7.4 3.8 597.365
7.4 4 596.59
7.4 4.2 595.751
7.4 4.4 594.888
7.4 4.6 594.033
7.4 4.8 593.201
7.4 5 592.403
7.4 5.2 591.643
7.4 5.4 590.923
7.4 5.6 590.241
7.4 5.8 589.599
7.4 6 588.994
7.4 6.2 588.425
7.4 6.4 587.892
7.4 6.6 587.393
7.4 6.8 586.928
7.4 7 586.495
7.4 7.2 586.094
7.4 7.4 585.725
7.4 7.6 585.386
7.4 7.8 585.076
7.4 8 584.797
7.4 8.2 584.546
7.4 8.4 584.325
7.4 8.6 584.131
7.4 8.8 583.966
7.4 9 583.829
7.4 9.2 583.719
7.4 9.4 583.637
7.4 9.6 583.582
7.4 9.8 583.555
7.4 10 583.555
7.6 0 597.885
7.6 0.2 597.885
7.6 0.4 597.947
7.6 0.6 598.067
7.6 0.8 598.248
7.6 1 598.489
7.6 1.2 598.791
7.6 1.4 599.152
7.6 1.6 599.567
7.6 1.8 600.019
7.6 2 600.466
7.6 2.2 600.832
7.6 2.4 601.076
7.6 2.6 601.181
7.6 2.8 601.139
7.6 3 600.947
7.6 3.2 600.604
7.6 3.4 600.11
7.6 3.6 599.467
7.6 3.8 598.683
7.6 4 597.774
7.6 4.2 596.78
7.6 4.4 595.776
7.6 4.6 594.803
7.6 4.8 593.877
7.6 5 593.002
7.6 5.2 592.179
7.6 5.4 591.406
7.6 5.6 590.681
7.6 5.8 590.001
7.6 6 589.363
7.6 6.2 588.767
7.6 6.4 588.209
7.6 6.6 587.688
7.6 6.8 587.203
7.6 7 586.754
7.6 7.2 586.337
7.6 7.4 585.954
7.6 7.6 585.603
7.6 7.8 585.283
7.6 8 584.994
7.6 8.2 584.735
7.6 8.4 584.506
7.6 8.6 584.307
7.6 8.8 584.136
7.6 9 583.995
7.6 9.2 583.882
7.6 9.4 583.797
7.6 9.6 583.741
7.6 9.8 583.713
7.6 10 583.713
7.8 0 598.507
7.8 0.2 598.507
7.8 0.4 598.577
7.8 0.6 598.715
7.8 0.8 598.923
7.8 1 599.205
7.8 1.2 599.565
7.8 1.4 600.009
7.8 1.6 600.542
7.8 1.8 601.158
7.8 2 601.821
7.8 2.2 602.347
7.8 2.4 602.697
7.8 2.6 602.866
7.8 2.8 602.857
7.8 3 602.671
7.8 3.2 602.308
7.8 3.4 601.769
7.8 3.6 601.048
7.8 3.8 600.144
7.8 4 599.061
7.8 4.2 597.836
7.8 4.4 596.652
7.8 4.6 595.545
7.8 4.8 594.519
7.8 5 593.567
7.8 5.2 592.683
7.8 5.4 591.86
7.8 5.6 591.094
7.8 5.8 590.378
7.8 6 589.71
7.8 6.2 589.087
7.8 6.4 588.506
7.8 6.6 587.965
7.8 6.8 587.462
7.8 7 586.996
7.8 7.2 586.566
7.8 7.4 586.17
7.8 7.6 585.807
7.8 7.8 585.477
7.8 8 585.179
7.8 8.2 584.912
7.8 8.4 584.677
7.8 8.6 584.471
7.8 8.8 584.296
7.8 9 584.151
7.8 9.2 584.034
7.8 9.4 583.947
7.8 9.6 583.889
7.8 9.8 583.861
7.8 10 583.861
8 0 599.08
8 0.2 599.08
8 0.4 599.157
8 0.6 599.31
8 0.8 599.543
8 1 599.861
8 1.2 600.274
8 1.4 600.797
8 1.6 601.45
8 1.8 602.27
8 2 603.331
8 2.2 604.055
8 2.4 604.516
8 2.6 604.749
8 2.8 604.77
8 3 604.589
8 3.2 604.209
8 3.4 603.626
8 3.6 602.83
8 3.8 601.802
8 4 600.507
8 4.2 598.87
8 4.4 597.468
8 4.6 596.226
8 4.8 595.105
8 5 594.083
8 5.2 593.144
8 5.4 592.277
8 5.6 591.473
8 5.8 590.726
8 6 590.031
8 6.2 589.384
8 6.4 588.782
8 6.6 588.222
8 6.8 587.703
8 7 587.222
8 7.2 586.778
8 7.4 586.37
8 7.6 585.996
8 7.8 585.657
8 8 585.351
8 8.2 585.077
8 8.4 584.835
8 8.6 584.624
8 8.8 584.444
8 9 584.295
8 9.2 584.176
8 9.4 584.087
8 9.6 584.027
8 9.8 583.998
8 10 583.998
8.2 0 599.598
8.2 0.2 599.598
8.2 0.4 599.681
8.2 0.6 599.845
8.2 0.8 600.095
8.2 1 600.44
8.2 1.2 600.892
8.2 1.4 601.471
8.2 1.6 602.21
8.2 1.8 603.158
8.2 2 604.396
8.2 2.2 605.245
8.2 2.4 605.783
8.2 2.6 606.06
8.2 2.8 606.103
8.2 3 605.925
8.2 3.2 605.53
8.2 3.4 604.915
8.2 3.6 604.063
8.2 3.8 602.945
8.2 4 601.514
8.2 4.2 599.687
8.2 4.4 598.144
8.2 4.6 596.802
8.2 4.8 595.609
8.2 5 594.533
8.2 5.2 593.551
8.2 5.4 592.648
8.2 5.6 591.814
8.2 5.8 591.04
8.2 6 590.322
8.2 6.2 589.654
8.2 6.4 589.034
8.2 6.6 588.457
8.2 6.8 587.923
8.2 7 587.428
8.2 7.2 586.972
8.2 7.4 586.553
8.2 7.6 586.17
8.2 7.8 585.822
8.2 8 585.508
8.2 8.2 585.228
8.2 8.4 584.98
8.2 8.6 584.764
8.2 8.8 584.58
8.2 9 584.427
8.2 9.2 584.305
8.2 9.4 584.214
8.2 9.6 584.153
8.2 9.8 584.123
8.2 10 584.123
8.4 0 600.056
8.4 0.2 600.056
8.4 0.4 600.141
8.4 0.6 600.312
8.4 0.8 600.571
8.4 1 600.93
8.4 1.2 601.4
8.4 1.4 602.005
8.4 1.6 602.779
8.4 1.8 603.774
8.4 2 605.069
8.4 2.2 605.962
8.4 2.4 606.53
8.4 2.6 606.824
8.4 2.8 606.874
8.4 3 606.695
8.4 3.2 606.291
8.4 3.4 605.658
8.4 3.6 604.778
8.4 3.8 603.621
8.4 4 602.134
8.4 4.2 600.239
8.4 4.4 598.637
8.4 4.6 597.247
8.4 4.8 596.016
8.4 5 594.907
8.4 5.2 593.897
8.4 5.4 592.969
8.4 5.6 592.112
8.4 5.8 591.318
8.4 6 590.581
8.4 6.2 589.896
8.4 6.4 589.259
8.4 6.6 588.668
8.4 6.8 588.12
8.4 7 587.614
8.4 7.2 587.147
8.4 7.4 586.719
8.4 7.6 586.327
8.4 7.8 585.971
8.4 8 585.651
8.4 8.2 585.364
8.4 8.4 585.111
8.4 8.6 584.891
8.4 8.8 584.703
8.4 9 584.547
8.4 9.2 584.422
8.4 9.4 584.329
8.4 9.6 584.267
8.4 9.8 584.236
8.4 10 584.236
8.6 0 600.45
8.6 0.2 600.45
8.6 0.4 600.536
8.6 0.6 600.707
8.6 0.8 600.967
8.6 1 601.325
8.6 1.2 601.793
8.6 1.4 602.389
8.6 1.6 603.145
8.6 1.8 604.109
8.6 2 605.362
8.6 2.2 606.223
8.6 2.4 606.77
8.6 2.6 607.051
8.6 2.8 607.092
8.6 3 606.907
8.6 3.2 606.5
8.6 3.4 605.866
8.6 3.6 604.99
8.6 3.8 603.844
8.6 4 602.38
8.6 4.2 600.516
8.6 4.4 598.934
8.6 4.6 597.552
8.6 4.8 596.318
8.6 5 595.201
8.6 5.2 594.178
8.6 5.4 593.237
8.6 5.6 592.365
8.6 5.8 591.557
8.6 6 590.805
8.6 6.2 590.106
8.6 6.4 589.457
8.6 6.6 588.854
8.6 6.8 588.295
8.6 7 587.779
8.6 7.2 587.303
8.6 7.4 586.866
8.6 7.6 586.466
8.6 7.8 586.104
8.6 8 585.777
8.6 8.2 585.485
8.6 8.4 585.227
8.6 8.6 585.003
8.6 8.8 584.812
8.6 9 584.653
8.6 9.2 584.526
8.6 9.4 584.432
8.6 9.6 584.369
8.6 9.8 584.337
8.6 10 584.337
8.8 0 600.779
8.8 0.2 600.779
8.8 0.4 600.864
8.8 0.6 601.031
8.8 0.8 601.285
8.8 1 601.63
8.8 1.2 602.074
8.8 1.4 602.631
8.8 1.6 603.319
8.8 1.8 604.173
8.8 2 605.265
8.8 2.2 606.015
8.8 2.4 606.494
8.8 2.6 606.735
8.8 2.8 606.754
8.8 3 606.56
8.8 3.2 606.154
8.8 3.4 605.535
8.8 3.6 604.69
8.8 3.8 603.604
8.8 4 602.242
8.8 4.2 600.531
8.8 4.4 599.051
8.8 4.6 597.726
8.8 4.8 596.522
8.8 5 595.417
8.8 5.2 594.398
8.8 5.4 593.452
8.8 5.6 592.574
8.8 5.8 591.756
8.8 6 590.995
8.8 6.2 590.286
8.8 6.4 589.627
8.8 6.6 589.014
8.8 6.8 588.446
8.8 7 587.921
8.8 7.2 587.437
8.8 7.4 586.993
8.8 7.6 586.587
8.8 7.8 586.219
8.8 8 585.886
8.8 8.2 585.59
8.8 8.4 585.328
8.8 8.6 585.1
8.8 8.8 584.906
8.8 9 584.745
8.8 9.2 584.616
8.8 9.4 584.52
8.8 9.6 584.456
8.8 9.8 584.424
8.8 10 584.424
9 0 601.045
9 0.2 601.045
9 0.4 601.127
9 0.6 601.288
9 0.8 601.529
9 1 601.853
9 1.2 602.262
9 1.4 602.76
9 1.6 603.347
9 1.8 604.018
9 2 604.729
9 2.2 605.295
9 2.4 605.675
9 2.6 605.859
9 2.8 605.848
9 3 605.642
9 3.2 605.241
9 3.4 604.645
9 3.6 603.851
9 3.8 602.857
9 4 601.671
9 4.2 600.334
9 4.4 599.029
9 4.6 597.798
9 4.8 596.645
9 5 595.567
9 5.2 594.561
9 5.4 593.619
9 5.6 592.74
9 5.8 591.918
9 6 591.15
9 6.2 590.434
9 6.4 589.767
9 6.6 589.147
9 6.8 588.572
9 7 588.04
9 7.2 587.55
9 7.4 587.1
9 7.6 586.688
9 7.8 586.315
9 8 585.979
9 8.2 585.678
9 8.4 585.413
9 8.6 585.182
9 8.8 584.985
9 9 584.822
9 9.2 584.692
9 9.4 584.595
9 9.6 584.53
9 9.8 584.498
9 10 584.498
9.2 0 601.252
9.2 0.2 601.252
9.2 0.4 601.33
9.2 0.6 601.482
9.2 0.8 601.709
9.2 1 602.009
9.2 1.2 602.379
9.2 1.4 602.817
9.2 1.6 603.31
9.2 1.8 603.839
9.2 2 604.356
9.2 2.2 604.781
9.2 2.4 605.069
9.2 2.6 605.197
9.2 2.8 605.154
9.2 3 604.937
9.2 3.2 604.542
9.2 3.4 603.972
9.2 3.6 603.228
9.2 3.8 602.321
9.2 4 601.271
9.2 4.2 600.121
9.2 4.4 598.953
9.2 4.6 597.809
9.2 4.8 596.71
9.2 5 595.665
9.2 5.2 594.676
9.2 5.4 593.743
9.2 5.6 592.866
9.2 5.8 592.043
9.2 6 591.272
9.2 6.2 590.552
9.2 6.4 589.879
9.2 6.6 589.254
9.2 6.8 588.673
9.2 7 588.136
9.2 7.2 587.641
9.2 7.4 587.186
9.2 7.6 586.77
9.2 7.8 586.393
9.2 8 586.053
9.2 8.2 585.749
9.2 8.4 585.481
9.2 8.6 585.248
9.2 8.8 585.05
9.2 9 584.885
9.2 9.2 584.753
9.2 9.4 584.655
9.2 9.6 584.59
9.2 9.8 584.557
9.2 10 584.557
9.4 0 601.402
9.4 0.2 601.402
9.4 0.4 601.476
9.4 0.6 601.621
9.4 0.8 601.834
9.4 1 602.112
9.4 1.2 602.449
9.4 1.4 602.836
9.4 1.6 603.257
9.4 1.8 603.689
9.4 2 604.093
9.4 2.2 604.423
9.4 2.4 604.641
9.4 2.6 604.723
9.4 2.8 604.654
9.4 3 604.426
9.4 3.2 604.038
9.4 3.4 603.49
9.4 3.6 602.788
9.4 3.8 601.946
9.4 4 600.987
9.4 4.2 599.946
9.4 4.4 598.87
9.4 4.6 597.794
9.4 4.8 596.741
9.4 5 595.724
9.4 5.2 594.753
9.4 5.4 593.83
9.4 5.6 592.957
9.4 5.8 592.134
9.4 6 591.362
9.4 6.2 590.639
9.4 6.4 589.963
9.4 6.6 589.334
9.4 6.8 588.749
9.4 7 588.208
9.4 7.2 587.709
9.4 7.4 587.251
9.4 7.6 586.832
9.4 7.8 586.452
9.4 8 586.109
9.4 8.2 585.803
9.4 8.4 585.533
9.4 8.6 585.298
9.4 8.8 585.098
9.4 9 584.932
9.4 9.2 584.799
9.4 9.4 584.7
9.4 9.6 584.635
9.4 9.8 584.602
9.4 10 584.602
9.6 0 601.5
9.6 0.2 601.5
9.6 0.4 601.571
9.6 0.6 601.71
9.6 0.8 601.912
9.6 1 602.173
9.6 1.2 602.486
9.6 1.4 602.838
9.6 1.6 603.212
9.6 1.8 603.584
9.6 2 603.923
9.6 2.2 604.195
9.6 2.4 604.367
9.6 2.6 604.417
9.6 2.8 604.33
9.6 3 604.096
9.6 3.2 603.711
9.6 3.4 603.179
9.6 3.6 602.506
9.6 3.8 601.707
9.6 4 600.803
9.6 4.2 599.825
9.6 4.4 598.805
9.6 4.6 597.773
9.6 4.8 596.752
9.6 5 595.757
9.6 5.2 594.799
9.6 5.4 593.884
9.6 5.6 593.015
9.6 5.8 592.194
9.6 6 591.421
9.6 6.2 590.696
9.6 6.4 590.019
9.6 6.6 589.387
9.6 6.8 588.8
9.6 7 588.256
9.6 7.2 587.754
9.6 7.4 587.294
9.6 7.6 586.873
9.6 7.8 586.491
9.6 8 586.147
9.6 8.2 585.839
9.6 8.4 585.568
9.6 8.6 585.332
9.6 8.8 585.13
9.6 9 584.963
9.6 9.2 584.83
9.6 9.4 584.731
9.6 9.6 584.665
9.6 9.8 584.632
9.6 10 584.632
9.8 0 601.548
9.8 0.2 601.548
9.8 0.4 601.618
9.8 0.6 601.753
9.8 0.8 601.95
9.8 1 602.202
9.8 1.2 602.502
9.8 1.4 602.836
9.8 1.6 603.187
9.8 1.8 603.531
9.8 2 603.84
9.8 2.2 604.083
9.8 2.4 604.233
9.8 2.6 604.268
9.8 2.8 604.171
9.8 3 603.933
9.8 3.2 603.551
9.8 3.4 603.026
9.8 3.6 602.368
9.8 3.8 601.59
9.8 4 600.713
9.8 4.2 599.763
9.8 4.4 598.77
9.8 4.6 597.76
9.8 4.8 596.755
9.8 5 595.772
9.8 5.2 594.821
9.8 5.4 593.91
9.8 5.6 593.043
9.8 5.8 592.223
9.8 6 591.45
9.8 6.2 590.725
9.8 6.4 590.046
9.8 6.6 589.413
9.8 6.8 588.825
9.8 7 588.28
9.8 7.2 587.777
9.8 7.4 587.316
9.8 7.6 586.894
9.8 7.8 586.511
9.8 8 586.165
9.8 8.2 585.857
9.8 8.4 585.585
9.8 8.6 585.348
9.8 8.8 585.147
9.8 9 584.979
9.8 9.2 584.846
9.8 9.4 584.746
9.8 9.6 584.68
9.8 9.8 584.647
9.8 10 584.647
10 0 601.548
10 0.2 601.548
10 0.4 601.618
10 0.6 601.753
10 0.8 601.95
10 1 602.202
10 1.2 602.502
10 1.4 602.836
10 1.6 603.187
10 1.8 603.531
10 2 603.84
10 2.2 604.083
10 2.4 604.233
10 2.6 604.268
10 2.8 604.171
10 3 603.933
10 3.2 603.551
10 3.4 603.026
10 3.6 602.368
10 3.8 601.59
10 4 600.713
10 4.2 599.763
10 4.4 598.77
10 4.6 597.76
10 4.8 596.755
10 5 595.772
10 5.2 594.821
10 5.4 593.91
10 5.6 593.043
10 5.8 592.223
10 6 591.45
10 6.2 590.725
10 6.4 590.046
10 6.6 589.413
10 6.8 588.825
10 7 588.28
10 7.2 587.777
10 7.4 587.316
10 7.6 586.894
10 7.8 586.511
10 8 586.165
10 8.2 585.857
10 8.4 585.585
10 8.6 585.348
10 8.8 585.147
10 9 584.979
10 9.2 584.846
10 9.4 584.746
10 9.6 584.68
10 9.8 584.647
10 10 584.647
