1 -0.000846896 1.00085
2 -0.00161212 0.903563
3 -0.00230566 0.430202
4 -0.00293602 0.273399
5 -0.00351051 0.19567
6 -0.00403542 0.149524
7 -0.00451617 0.119133
8 -0.00495749 0.0977195
9 -0.00536349 0.0818955
10 -0.00573776 0.0697813
11 -0.00608346 0.0602504
12 -0.00640337 0.0525872
13 -0.00669995 0.0463155
14 -0.00697536 0.0411064
15 -0.00723153 0.0367258
16 -0.00747019 0.0330023
17 -0.00769286 0.029808
18 -0.00790092 0.0270454
19 -0.00809559 0.024639
20 -0.00827798 0.0225294
21 -0.00844908 0.0206695
22 -0.00860979 0.0190211
23 -0.00876092 0.0175534
24 -0.00890321 0.016241
25 -0.00903731 0.0150628
26 -0.00916385 0.0140012
27 -0.00928336 0.0130415
28 -0.00939635 0.0121713
29 -0.00950328 0.0113799
30 -0.00960456 0.0106582
31 -0.00970059 0.00999842
32 -0.00979172 0.00939384
33 -0.00987826 0.00883858
34 -0.00996053 0.00832756
35 -0.0100388 0.0078563
36 -0.0101133 0.0074209
37 -0.0101842 0.0070179
38 -0.0102519 0.00664426
39 -0.0103165 0.00629729
40 -0.0103781 0.00597457
41 -0.010437 0.00567397
42 -0.0104933 0.00539359
43 -0.0105471 0.0051317
44 -0.0105987 0.00488677
45 -0.010648 0.00465741
46 -0.0106953 0.00444238
47 -0.0107407 0.00424056
48 -0.0107842 0.00405091
49 -0.010826 0.00387252
50 -0.0108661 0.00370454
51 -0.0109046 0.00354622
52 -0.0109417 0.00339684
53 -0.0109773 0.00325577
54 -0.0110116 0.00312244
55 -0.0110445 0.0029963
56 -0.0110763 0.00287687
57 -0.0111069 0.00276369
58 -0.0111364 0.00265636
59 -0.0111649 0.00255449
60 -0.0111923 0.00245774
61 -0.0112188 0.00236577
62 -0.0112444 0.00227829
63 -0.011269 0.00219502
64 -0.0112929 0.0021157
65 -0.0113159 0.00204011
66 -0.0113382 0.00196801
67 -0.0113597 0.0018992
68 -0.0113806 0.0018335
69 -0.0114007 0.00177072
70 -0.0114202 0.00171069
71 -0.0114391 0.00165328
72 -0.0114574 0.00159833
73 -0.0114751 0.0015457
74 -0.0114922 0.00149528
75 -0.0115089 0.00144694
76 -0.011525 0.00140058
77 -0.0115406 0.0013561
78 -0.0115558 0.00131339
79 -0.0115705 0.00127237
80 -0.0115847 0.00123295
81 -0.0115986 0.00119506
82 -0.011612 0.00115861
83 -0.0116251 0.00112354
84 -0.0116377 0.00108978
85 -0.01165 0.00105728
86 -0.011662 0.00102596
87 -0.0116736 0.000995779
88 -0.0116849 0.000966682
89 -0.0116959 0.000938619
90 -0.0117065 0.000911544
91 -0.0117169 0.000885413
92 -0.011727 0.000860185
93 -0.0117368 0.00083582
94 -0.0117463 0.00081228
95 -0.0117556 0.000789532
96 -0.0117646 0.00076754
97 -0.0117734 0.000746275
98 -0.0117819 0.000725705
99 -0.0117902 0.000705802
100 -0.0117983 0.00068654
101 -0.0118062 0.000667893
102 -0.0118139 0.000649835
103 -0.0118214 0.000632345
104 -0.0118286 0.0006154
105 -0.0118357 0.000598979
106 -0.0118426 0.000583062
107 -0.0118493 0.00056763
108 -0.0118559 0.000552666
109 -0.0118623 0.00053815
110 -0.0118685 0.000524068
111 -0.0118745 0.000510404
112 -0.0118804 0.000497142
113 -0.0118862 0.000484268
114 -0.0118918 0.000471768
115 -0.0118973 0.000459629
116 -0.0119026 0.00044784
117 -0.0119078 0.000436387
118 -0.0119129 0.000425259
119 -0.0119178 0.000414446
120 -0.0119226 0.000403936
121 -0.0119273 0.00039372
122 -0.0119319 0.000383788
123 -0.0119363 0.00037413
124 -0.0119407 0.000364739
125 -0.0119449 0.000355604
126 -0.0119491 0.000346719
127 -0.0119531 0.000338075
128 -0.0119571 0.000329664
129 -0.0119609 0.00032148
130 -0.0119647 0.000313515
131 -0.0119683 0.000305762
132 -0.0119719 0.000298216
133 -0.0119754 0.00029087
134 -0.0119788 0.000283717
135 -0.0119821 0.000276752
136 -0.0119853 0.00026997
137 -0.0119885 0.000263364
138 -0.0119916 0.000256931
139 -0.0119946 0.000250665
140 -0.0119975 0.00024456
141 -0.0120004 0.000238613
142 -0.0120032 0.000232819
143 -0.0120059 0.000227173
144 -0.0120085 0.000221671
145 -0.0120111 0.00021631
146 -0.0120137 0.000211085
147 -0.0120161 0.000205992
148 -0.0120186 0.000201029
149 -0.0120209 0.00019619
150 -0.0120232 0.000191474
151 -0.0120255 0.000186876
152 -0.0120277 0.000182393
153 -0.0120298 0.000178022
154 -0.0120319 0.000173761
155 -0.0120339 0.000169606
156 -0.0120359 0.000165554
157 -0.0120379 0.000161602
158 -0.0120398 0.000157749
159 -0.0120416 0.000153991
160 -0.0120434 0.000150326
161 -0.0120452 0.000146751
162 -0.0120469 0.000143264
163 -0.0120486 0.000139863
164 -0.0120503 0.000136545
165 -0.0120519 0.000133309
166 -0.0120534 0.000130152
167 -0.012055 0.000127072
168 -0.0120565 0.000124067
169 -0.0120579 0.000121136
170 -0.0120593 0.000118276
171 -0.0120607 0.000115486
172 -0.0120621 0.000112763
173 -0.0120634 0.000110107
174 -0.0120647 0.000107515
175 -0.012066 0.000104985
176 -0.0120672 0.000102517
177 -0.0120684 0.000100109
178 -0.0120696 9.77587e-05
179 -0.0120708 9.54652e-05
180 -0.0120719 9.3227e-05
181 -0.012073 9.10427e-05
182 -0.0120741 8.8911e-05
183 -0.0120751 8.68305e-05
184 -0.0120761 8.48e-05
185 -0.0120771 8.28183e-05
186 -0.0120781 8.08841e-05
187 -0.0120791 7.89963e-05
188 -0.01208 7.71538e-05
189 -0.0120809 7.53553e-05
190 -0.0120818 7.35999e-05
191 -0.0120827 7.18864e-05
192 -0.0120835 7.02138e-05
193 -0.0120843 6.85812e-05
194 -0.0120852 6.69876e-05
195 -0.0120859 6.54319e-05
196 -0.0120867 6.39134e-05
197 -0.0120875 6.2431e-05
198 -0.0120882 6.09839e-05
199 -0.0120889 5.95712e-05
200 -0.0120896 5.81921e-05
201 -0.0120903 5.68458e-05
202 -0.012091 5.55314e-05
203 -0.0120917 5.42483e-05
204 -0.0120923 5.29956e-05
205 -0.0120929 5.17726e-05
206 -0.0120935 5.05786e-05
207 -0.0120941 4.94128e-05
208 -0.0120947 4.82747e-05
209 -0.0120953 4.71635e-05
210 -0.0120958 4.60786e-05
211 -0.0120964 4.50194e-05
212 -0.0120969 4.39852e-05
213 -0.0120974 4.29754e-05
214 -0.0120979 4.19894e-05
215 -0.0120984 4.10267e-05
216 -0.0120989 4.00868e-05
217 -0.0120994 3.91689e-05
218 -0.0120999 3.82728e-05
219 -0.0121003 3.73977e-05
220 -0.0121008 3.65432e-05
221 -0.0121012 3.57088e-05
222 -0.0121016 3.48941e-05
223 -0.012102 3.40985e-05
224 -0.0121024 3.33216e-05
225 -0.0121028 3.2563e-05
226 -0.0121032 3.18221e-05
227 -0.0121036 3.10987e-05
228 -0.0121039 3.03922e-05
229 -0.0121043 2.97023e-05
230 -0.0121047 2.90286e-05
231 -0.012105 2.83706e-05
232 -0.0121053 2.77281e-05
233 -0.0121057 2.71006e-05
234 -0.012106 2.64877e-05
235 -0.0121063 2.58892e-05
236 -0.0121066 2.53047e-05
237 -0.0121069 2.47338e-05
238 -0.0121072 2.41763e-05
239 -0.0121075 2.36318e-05
240 -0.0121078 2.31e-05
241 -0.012108 2.25805e-05
242 -0.0121083 2.20732e-05
243 -0.0121086 2.15777e-05
244 -0.0121088 2.10937e-05
245 -0.0121091 2.0621e-05
246 -0.0121093 2.01593e-05
247 -0.0121096 1.97084e-05
248 -0.0121098 1.92679e-05
249 -0.01211 1.88376e-05
250 -0.0121102 1.84173e-05
251 -0.0121105 1.80068e-05
252 -0.0121107 1.76057e-05
253 -0.0121109 1.7214e-05
254 -0.0121111 1.68314e-05
255 -0.0121113 1.64576e-05
256 -0.0121115 1.60924e-05
257 -0.0121117 1.57357e-05
258 -0.0121119 1.53873e-05
259 -0.012112 1.50469e-05
260 -0.0121122 1.47143e-05
261 -0.0121124 1.43894e-05
262 -0.0121126 1.4072e-05
263 -0.0121127 1.3762e-05
264 -0.0121129 1.3459e-05
265 -0.012113 1.31631e-05
266 -0.0121132 1.28739e-05
267 -0.0121134 1.25914e-05
268 -0.0121135 1.23154e-05
269 -0.0121137 1.20457e-05
270 -0.0121138 1.17822e-05
271 -0.0121139 1.15248e-05
272 -0.0121141 1.12732e-05
273 -0.0121142 1.10274e-05
274 -0.0121143 1.07873e-05
275 -0.0121145 1.05526e-05
276 -0.0121146 1.03233e-05
277 -0.0121147 1.00992e-05
278 -0.0121148 9.88025e-06
279 -0.0121149 9.66629e-06
280 -0.0121151 9.4572e-06
281 -0.0121152 9.25288e-06
282 -0.0121153 9.05321e-06
283 -0.0121154 8.85808e-06
284 -0.0121155 8.66739e-06
285 -0.0121156 8.48102e-06
286 -0.0121157 8.29889e-06
287 -0.0121158 8.12088e-06
288 -0.0121159 7.94691e-06
289 -0.012116 7.77688e-06
290 -0.0121161 7.6107e-06
291 -0.0121162 7.44827e-06
292 -0.0121163 7.28951e-06
293 -0.0121163 7.13434e-06
294 -0.0121164 6.98266e-06
295 -0.0121165 6.83441e-06
296 -0.0121166 6.68949e-06
297 -0.0121167 6.54783e-06
298 -0.0121168 6.40936e-06
299 -0.0121168 6.274e-06
300 -0.0121169 6.14168e-06
301 -0.012117 6.01232e-06
302 -0.012117 5.88586e-06
303 -0.0121171 5.76223e-06
304 -0.0121172 5.64137e-06
305 -0.0121173 5.52321e-06
306 -0.0121173 5.40768e-06
307 -0.0121174 5.29473e-06
308 -0.0121174 5.1843e-06
309 -0.0121175 5.07633e-06
310 -0.0121176 4.97076e-06
311 -0.0121176 4.86753e-06
312 -0.0121177 4.7666e-06
313 -0.0121177 4.66791e-06
314 -0.0121178 4.5714e-06
315 -0.0121178 4.47703e-06
316 -0.0121179 4.38474e-06
317 -0.012118 4.2945e-06
318 -0.012118 4.20624e-06
319 -0.0121181 4.11993e-06
320 -0.0121181 4.03553e-06
321 -0.0121182 3.95297e-06
322 -0.0121182 3.87224e-06
323 -0.0121182 3.79327e-06
324 -0.0121183 3.71604e-06
325 -0.0121183 3.6405e-06
326 -0.0121184 3.56662e-06
327 -0.0121184 3.49434e-06
328 -0.0121185 3.42365e-06
329 -0.0121185 3.3545e-06
330 -0.0121185 3.28686e-06
331 -0.0121186 3.22068e-06
332 -0.0121186 3.15595e-06
333 -0.0121187 3.09262e-06
334 -0.0121187 3.03067e-06
335 -0.0121187 2.97005e-06
336 -0.0121188 2.91075e-06
337 -0.0121188 2.85273e-06
338 -0.0121188 2.79597e-06
339 -0.0121189 2.74042e-06
340 -0.0121189 2.68608e-06
341 -0.0121189 2.6329e-06
342 -0.012119 2.58087e-06
343 -0.012119 2.52995e-06
344 -0.012119 2.48012e-06
345 -0.0121191 2.43136e-06
346 -0.0121191 2.38364e-06
347 -0.0121191 2.33694e-06
348 -0.0121191 2.29123e-06
349 -0.0121192 2.2465e-06
350 -0.0121192 2.20272e-06
351 -0.0121192 2.15987e-06
352 -0.0121192 2.11793e-06
353 -0.0121193 2.07687e-06
354 -0.0121193 2.03669e-06
355 -0.0121193 1.99735e-06
356 -0.0121193 1.95884e-06
357 -0.0121194 1.92115e-06
358 -0.0121194 1.88425e-06
359 -0.0121194 1.84812e-06
360 -0.0121194 1.81275e-06
361 -0.0121195 1.77812e-06
362 -0.0121195 1.74421e-06
363 -0.0121195 1.71102e-06
364 -0.0121195 1.67851e-06
365 -0.0121195 1.64669e-06
366 -0.0121196 1.61552e-06
367 -0.0121196 1.585e-06
368 -0.0121196 1.55512e-06
369 -0.0121196 1.52585e-06
370 -0.0121196 1.49719e-06
371 -0.0121196 1.46912e-06
372 -0.0121197 1.44163e-06
373 -0.0121197 1.4147e-06
374 -0.0121197 1.38833e-06
375 -0.0121197 1.3625e-06
376 -0.0121197 1.33719e-06
377 -0.0121197 1.31241e-06
378 -0.0121198 1.28813e-06
379 -0.0121198 1.26435e-06
380 -0.0121198 1.24105e-06
381 -0.0121198 1.21822e-06
382 -0.0121198 1.19586e-06
383 -0.0121198 1.17394e-06
384 -0.0121198 1.15248e-06
385 -0.0121199 1.13144e-06
386 -0.0121199 1.11083e-06
387 -0.0121199 1.09064e-06
388 -0.0121199 1.07085e-06
389 -0.0121199 1.05146e-06
390 -0.0121199 1.03245e-06
391 -0.0121199 1.01383e-06
392 -0.01212 9.95576e-07
393 -0.01212 9.77687e-07
394 -0.01212 9.60153e-07
395 -0.01212 9.42968e-07
396 -0.01212 9.26124e-07
397 -0.01212 9.09612e-07
398 -0.01212 8.93427e-07
399 -0.01212 8.77561e-07
400 -0.01212 8.62007e-07
401 -0.0121201 8.46759e-07
402 -0.0121201 8.31809e-07
403 -0.0121201 8.17153e-07
404 -0.0121201 8.02783e-07
405 -0.0121201 7.88693e-07
406 -0.0121201 7.74877e-07
407 -0.0121201 7.6133e-07
408 -0.0121201 7.48046e-07
409 -0.0121201 7.35019e-07
410 -0.0121201 7.22244e-07
411 -0.0121201 7.09715e-07
412 -0.0121202 6.97428e-07
413 -0.0121202 6.85377e-07
414 -0.0121202 6.73557e-07
415 -0.0121202 6.61964e-07
416 -0.0121202 6.50592e-07
417 -0.0121202 6.39437e-07
418 -0.0121202 6.28495e-07
419 -0.0121202 6.1776e-07
420 -0.0121202 6.0723e-07
421 -0.0121202 5.96898e-07
422 -0.0121202 5.86762e-07
423 -0.0121202 5.76818e-07
424 -0.0121202 5.6706e-07
425 -0.0121203 5.57486e-07
426 -0.0121203 5.48091e-07
427 -0.0121203 5.38873e-07
428 -0.0121203 5.29826e-07
429 -0.0121203 5.20949e-07
430 -0.0121203 5.12236e-07
431 -0.0121203 5.03686e-07
432 -0.0121203 4.95294e-07
433 -0.0121203 4.87057e-07
434 -0.0121203 4.78973e-07
435 -0.0121203 4.71037e-07
436 -0.0121203 4.63248e-07
437 -0.0121203 4.55601e-07
438 -0.0121203 4.48095e-07
439 -0.0121203 4.40726e-07
440 -0.0121203 4.33491e-07
441 -0.0121203 4.26388e-07
442 -0.0121204 4.19415e-07
443 -0.0121204 4.12568e-07
444 -0.0121204 4.05845e-07
445 -0.0121204 3.99243e-07
446 -0.0121204 3.92761e-07
447 -0.0121204 3.86395e-07
448 -0.0121204 3.80144e-07
449 -0.0121204 3.74004e-07
450 -0.0121204 3.67975e-07
451 -0.0121204 3.62053e-07
452 -0.0121204 3.56237e-07
453 -0.0121204 3.50525e-07
454 -0.0121204 3.44913e-07
455 -0.0121204 3.39401e-07
456 -0.0121204 3.33987e-07
457 -0.0121204 3.28668e-07
458 -0.0121204 3.23443e-07
459 -0.0121204 3.1831e-07
460 -0.0121204 3.13267e-07
461 -0.0121204 3.08312e-07
462 -0.0121204 3.03444e-07
463 -0.0121204 2.9866e-07
464 -0.0121204 2.9396e-07
465 -0.0121204 2.89341e-07
466 -0.0121205 2.84803e-07
467 -0.0121205 2.80343e-07
468 -0.0121205 2.7596e-07
469 -0.0121205 2.71653e-07
470 -0.0121205 2.67419e-07
471 -0.0121205 2.63259e-07
472 -0.0121205 2.59169e-07
473 -0.0121205 2.5515e-07
474 -0.0121205 2.51199e-07
475 -0.0121205 2.47316e-07
476 -0.0121205 2.43498e-07
477 -0.0121205 2.39745e-07
478 -0.0121205 2.36056e-07
479 -0.0121205 2.32429e-07
480 -0.0121205 2.28863e-07
481 -0.0121205 2.25358e-07
482 -0.0121205 2.21911e-07
483 -0.0121205 2.18522e-07
484 -0.0121205 2.15189e-07
485 -0.0121205 2.11913e-07
486 -0.0121205 2.08691e-07
487 -0.0121205 2.05522e-07
488 -0.0121205 2.02406e-07
489 -0.0121205 1.99342e-07
490 -0.0121205 1.96329e-07
491 -0.0121205 1.93365e-07
492 -0.0121205 1.9045e-07
493 -0.0121205 1.87583e-07
494 -0.0121205 1.84763e-07
495 -0.0121205 1.81989e-07
496 -0.0121205 1.79261e-07
497 -0.0121205 1.76577e-07
498 -0.0121205 1.73937e-07
499 -0.0121205 1.7134e-07
500 -0.0121205 1.68785e-07
501 -0.0121205 1.66271e-07
502 -0.0121205 1.63799e-07
503 -0.0121205 1.61366e-07
504 -0.0121205 1.58972e-07
505 -0.0121206 1.56617e-07
506 -0.0121206 1.54299e-07
507 -0.0121206 1.52019e-07
508 -0.0121206 1.49775e-07
509 -0.0121206 1.47567e-07
510 -0.0121206 1.45394e-07
511 -0.0121206 1.43256e-07
512 -0.0121206 1.41152e-07
513 -0.0121206 1.39081e-07
514 -0.0121206 1.37043e-07
515 -0.0121206 1.35037e-07
516 -0.0121206 1.33063e-07
517 -0.0121206 1.3112e-07
518 -0.0121206 1.29207e-07
519 -0.0121206 1.27324e-07
520 -0.0121206 1.25471e-07
521 -0.0121206 1.23647e-07
522 -0.0121206 1.21852e-07
523 -0.0121206 1.20084e-07
524 -0.0121206 1.18344e-07
525 -0.0121206 1.16631e-07
526 -0.0121206 1.14944e-07
527 -0.0121206 1.13284e-07
528 -0.0121206 1.11649e-07
529 -0.0121206 1.10039e-07
530 -0.0121206 1.08455e-07
531 -0.0121206 1.06894e-07
532 -0.0121206 1.05358e-07
533 -0.0121206 1.03845e-07
534 -0.0121206 1.02356e-07
535 -0.0121206 1.00889e-07
536 -0.0121206 9.94442e-08
537 -0.0121206 9.80217e-08
538 -0.0121206 9.66209e-08
539 -0.0121206 9.52413e-08
540 -0.0121206 9.38827e-08
541 -0.0121206 9.25447e-08
542 -0.0121206 9.12268e-08
543 -0.0121206 8.99289e-08
544 -0.0121206 8.86506e-08
545 -0.0121206 8.73915e-08
546 -0.0121206 8.61513e-08
547 -0.0121206 8.49297e-08
548 -0.0121206 8.37265e-08
549 -0.0121206 8.25413e-08
550 -0.0121206 8.13738e-08
551 -0.0121206 8.02237e-08
552 -0.0121206 7.90907e-08
553 -0.0121206 7.79746e-08
554 -0.0121206 7.68751e-08
555 -0.0121206 7.57919e-08
556 -0.0121206 7.47248e-08
557 -0.0121206 7.36735e-08
558 -0.0121206 7.26377e-08
559 -0.0121206 7.16172e-08
560 -0.0121206 7.06118e-08
561 -0.0121206 6.96211e-08
562 -0.0121206 6.86451e-08
563 -0.0121206 6.76833e-08
564 -0.0121206 6.67357e-08
565 -0.0121206 6.58019e-08
566 -0.0121206 6.48818e-08
567 -0.0121206 6.39752e-08
568 -0.0121206 6.30818e-08
569 -0.0121206 6.22014e-08
570 -0.0121206 6.13338e-08
571 -0.0121206 6.04789e-08
572 -0.0121206 5.96363e-08
573 -0.0121206 5.8806e-08
574 -0.0121206 5.79877e-08
575 -0.0121206 5.71812e-08
576 -0.0121206 5.63864e-08
577 -0.0121206 5.56031e-08
578 -0.0121206 5.48311e-08
579 -0.0121206 5.40702e-08
580 -0.0121206 5.33203e-08
581 -0.0121206 5.25811e-08
582 -0.0121206 5.18525e-08
583 -0.0121206 5.11344e-08
584 -0.0121206 5.04266e-08
585 -0.0121206 4.97289e-08
586 -0.0121206 4.90412e-08
587 -0.0121206 4.83633e-08
588 -0.0121206 4.76951e-08
589 -0.0121206 4.70364e-08
590 -0.0121206 4.63871e-08
591 -0.0121206 4.5747e-08
592 -0.0121206 4.5116e-08
593 -0.0121206 4.4494e-08
594 -0.0121206 4.38808e-08
595 -0.0121206 4.32762e-08
596 -0.0121206 4.26803e-08
597 -0.0121206 4.20928e-08
598 -0.0121206 4.15135e-08
599 -0.0121206 4.09425e-08
600 -0.0121206 4.03795e-08
601 -0.0121206 3.98244e-08
602 -0.0121206 3.92771e-08
603 -0.0121206 3.87376e-08
604 -0.0121206 3.82056e-08
605 -0.0121207 3.76811e-08
606 -0.0121207 3.71639e-08
607 -0.0121207 3.6654e-08
608 -0.0121207 3.61513e-08
609 -0.0121207 3.56555e-08
610 -0.0121207 3.51667e-08
611 -0.0121207 3.46848e-08
612 -0.0121207 3.42095e-08
613 -0.0121207 3.37409e-08
614 -0.0121207 3.32789e-08
615 -0.0121207 3.28232e-08
616 -0.0121207 3.23739e-08
617 -0.0121207 3.19308e-08
618 -0.0121207 3.1494e-08
619 -0.0121207 3.10631e-08
620 -0.0121207 3.06383e-08
621 -0.0121207 3.02193e-08
622 -0.0121207 2.98062e-08
623 -0.0121207 2.93987e-08
624 -0.0121207 2.89969e-08
625 -0.0121207 2.86007e-08
626 -0.0121207 2.82099e-08
627 -0.0121207 2.78246e-08
628 -0.0121207 2.74445e-08
629 -0.0121207 2.70697e-08
630 -0.0121207 2.67e-08
631 -0.0121207 2.63355e-08
632 -0.0121207 2.5976e-08
633 -0.0121207 2.56214e-08
634 -0.0121207 2.52717e-08
635 -0.0121207 2.49268e-08
636 -0.0121207 2.45866e-08
637 -0.0121207 2.42511e-08
638 -0.0121207 2.39202e-08
639 -0.0121207 2.35938e-08
640 -0.0121207 2.32719e-08
641 -0.0121207 2.29545e-08
642 -0.0121207 2.26413e-08
643 -0.0121207 2.23325e-08
644 -0.0121207 2.20279e-08
645 -0.0121207 2.17274e-08
646 -0.0121207 2.1431e-08
647 -0.0121207 2.11387e-08
648 -0.0121207 2.08504e-08
649 -0.0121207 2.0566e-08
650 -0.0121207 2.02855e-08
651 -0.0121207 2.00088e-08
652 -0.0121207 1.97359e-08
653 -0.0121207 1.94667e-08
654 -0.0121207 1.92012e-08
655 -0.0121207 1.89392e-08
656 -0.0121207 1.86809e-08
657 -0.0121207 1.8426e-08
658 -0.0121207 1.81746e-08
659 -0.0121207 1.79266e-08
660 -0.0121207 1.7682e-08
661 -0.0121207 1.74407e-08
662 -0.0121207 1.72027e-08
663 -0.0121207 1.69679e-08
664 -0.0121207 1.67363e-08
665 -0.0121207 1.65079e-08
666 -0.0121207 1.62825e-08
667 -0.0121207 1.60602e-08
668 -0.0121207 1.58409e-08
669 -0.0121207 1.56245e-08
670 -0.0121207 1.54111e-08
671 -0.0121207 1.52006e-08
672 -0.0121207 1.49929e-08
673 -0.0121207 1.4788e-08
674 -0.0121207 1.45859e-08
675 -0.0121207 1.43866e-08
676 -0.0121207 1.41899e-08
677 -0.0121207 1.39959e-08
678 -0.0121207 1.38045e-08
679 -0.0121207 1.36156e-08
680 -0.0121207 1.34294e-08
681 -0.0121207 1.32456e-08
682 -0.0121207 1.30643e-08
683 -0.0121207 1.28855e-08
684 -0.0121207 1.27091e-08
685 -0.0121207 1.2535e-08
686 -0.0121207 1.23633e-08
687 -0.0121207 1.21939e-08
688 -0.0121207 1.20268e-08
689 -0.0121207 1.1862e-08
690 -0.0121207 1.16993e-08
691 -0.0121207 1.15389e-08
692 -0.0121207 1.13806e-08
693 -0.0121207 1.12244e-08
694 -0.0121207 1.10704e-08
695 -0.0121207 1.09184e-08
696 -0.0121207 1.07684e-08
697 -0.0121207 1.06205e-08
698 -0.0121207 1.04746e-08
699 -0.0121207 1.03306e-08
700 -0.0121207 1.01886e-08
701 -0.0121207 1.00484e-08
702 -0.0121207 9.9102e-09
