0 0 287.286
0 0.2 287.286
0 0.4 287.284
0 0.6 287.28
0 0.8 287.272
0 1 287.261
0 1.2 287.247
0 1.4 287.229
0 1.6 287.209
0 1.8 287.185
0 2 287.158
0 2.2 287.128
0 2.4 287.096
0 2.6 287.06
0 2.8 287.022
0 3 286.982
0 3.2 286.939
0 3.4 286.894
0 3.6 286.847
0 3.8 286.798
0 4 286.748
0 4.2 286.696
0 4.4 286.643
0 4.6 286.59
0 4.8 286.535
0 5 286.48
0 5.2 286.425
0 5.4 286.37
0 5.6 286.315
0 5.8 286.26
0 6 286.206
0 6.2 286.154
0 6.4 286.102
0 6.6 286.052
0 6.8 286.003
0 7 285.957
0 7.2 285.912
0 7.4 285.87
0 7.6 285.83
0 7.8 285.793
0 8 285.759
0 8.2 285.728
0 8.4 285.7
0 8.6 285.675
0 8.8 285.653
0 9 285.635
0 9.2 285.621
0 9.4 285.61
0 9.6 285.602
0 9.8 285.599
0 10 285.599
0.2 0 287.286
0.2 0.2 287.286
0.2 0.4 287.284
0.2 0.6 287.28
0.2 0.8 287.272
0.2 1 287.261
0.2 1.2 287.247
0.2 1.4 287.229
0.2 1.6 287.209
0.2 1.8 287.185
0.2 2 287.158
0.2 2.2 287.128
0.2 2.4 287.096
0.2 2.6 287.06
0.2 2.8 287.022
0.2 3 286.982
0.2 3.2 286.939
0.2 3.4 286.894
0.2 3.6 286.847
0.2 3.8 286.798
0.2 4 286.748
0.2 4.2 286.696
0.2 4.4 286.643
0.2 4.6 286.59
0.2 4.8 286.535
0.2 5 286.48
0.2 5.2 286.425
0.2 5.4 286.37
0.2 5.6 286.315
0.2 5.8 286.26
0.2 6 286.206
0.2 6.2 286.154
0.2 6.4 286.102
0.2 6.6 286.052
0.2 6.8 286.003
0.2 7 285.957
0.2 7.2 285.912
0.2 7.4 285.87
0.2 7.6 285.83
0.2 7.8 285.793
0.2 8 285.759
0.2 8.2 285.728
0.2 8.4 285.7
0.2 8.6 285.675
0.2 8.8 285.653
0.2 9 285.635
0.2 9.2 285.621
0.2 9.4 285.61
0.2 9.6 285.602
0.2 9.8 285.599
0.2 10 285.599
0.4 0 287.301
0.4 0.2 287.301
0.4 0.4 287.3
0.4 0.6 287.295
0.4 0.8 287.288
0.4 1 287.276
0.4 1.2 287.262
0.4 1.4 287.245
0.4 1.6 287.224
0.4 1.8 287.2
0.4 2 287.173
0.4 2.2 287.143
0.4 2.4 287.11
0.4 2.6 287.075
0.4 2.8 287.037
0.4 3 286.996
0.4 3.2 286.953
0.4 3.4 286.908
0.4 3.6 286.861
0.4 3.8 286.812
0.4 4 286.761
0.4 4.2 286.709
0.4 4.4 286.656
0.4 4.6 286.602
0.4 4.8 286.547
0.4 5 286.492
0.4 5.2 286.437
0.4 5.4 286.381
0.4 5.6 286.326
0.4 5.8 286.271
0.4 6 286.217
0.4 6.2 286.164
0.4 6.4 286.112
0.4 6.6 286.062
0.4 6.8 286.013
0.4 7 285.967
0.4 7.2 285.922
0.4 7.4 285.88
0.4 7.6 285.84
0.4 7.8 285.803
0.4 8 285.768
0.4 8.2 285.737
0.4 8.4 285.709
0.4 8.6 285.684
0.4 8.8 285.662
0.4 9 285.644
0.4 9.2 285.629
0.4 9.4 285.618
0.4 9.6 285.611
0.4 9.8 285.607
0.4 10 285.607
0.6 0 287.33
0.6 0.2 287.33
0.6 0.4 287.329
0.6 0.6 287.324
0.6 0.8 287.316
0.6 1 287.305
0.6 1.2 287.291
0.6 1.4 287.273
0.6 1.6 287.252
0.6 1.8 287.228
0.6 2 287.201
0.6 2.2 287.171
0.6 2.4 287.138
0.6 2.6 287.102
0.6 2.8 287.064
0.6 3 287.023
0.6 3.2 286.979
0.6 3.4 286.934
0.6 3.6 286.886
0.6 3.8 286.837
0.6 4 286.786
0.6 4.2 286.734
0.6 4.4 286.68
0.6 4.6 286.626
0.6 4.8 286.571
0.6 5 286.515
0.6 5.2 286.459
0.6 5.4 286.403
0.6 5.6 286.347
0.6 5.8 286.292
0.6 6 286.237
0.6 6.2 286.184
0.6 6.4 286.132
0.6 6.6 286.081
0.6 6.8 286.032
0.6 7 285.985
0.6 7.2 285.94
0.6 7.4 285.897
0.6 7.6 285.857
0.6 7.8 285.819
0.6 8 285.784
0.6 8.2 285.753
0.6 8.4 285.724
0.6 8.6 285.699
0.6 8.8 285.677
0.6 9 285.659
0.6 9.2 285.644
0.6 9.4 285.633
0.6 9.6 285.625
0.6 9.8 285.622
0.6 10 285.622
0.8 0 287.373
0.8 0.2 287.373
0.8 0.4 287.371
0.8 0.6 287.367
0.8 0.8 287.359
0.8 1 287.348
0.8 1.2 287.333
0.8 1.4 287.315
0.8 1.6 287.294
0.8 1.8 287.27
0.8 2 287.242
0.8 2.2 287.212
0.8 2.4 287.178
0.8 2.6 287.142
0.8 2.8 287.103
0.8 3 287.062
0.8 3.2 287.018
0.8 3.4 286.972
0.8 3.6 286.924
0.8 3.8 286.874
0.8 4 286.823
0.8 4.2 286.77
0.8 4.4 286.715
0.8 4.6 286.66
0.8 4.8 286.604
0.8 5 286.548
0.8 5.2 286.491
0.8 5.4 286.434
0.8 5.6 286.378
0.8 5.8 286.322
0.8 6 286.267
0.8 6.2 286.212
0.8 6.4 286.16
0.8 6.6 286.108
0.8 6.8 286.058
0.8 7 286.01
0.8 7.2 285.965
0.8 7.4 285.921
0.8 7.6 285.881
0.8 7.8 285.843
0.8 8 285.808
0.8 8.2 285.775
0.8 8.4 285.747
0.8 8.6 285.721
0.8 8.8 285.699
0.8 9 285.68
0.8 9.2 285.665
0.8 9.4 285.654
0.8 9.6 285.647
0.8 9.8 285.643
0.8 10 285.643
1 0 287.429
1 0.2 287.429
1 0.4 287.427
1 0.6 287.423
1 0.8 287.415
1 1 287.403
1 1.2 287.388
1 1.4 287.37
1 1.6 287.349
1 1.8 287.324
1 2 287.296
1 2.2 287.266
1 2.4 287.232
1 2.6 287.195
1 2.8 287.156
1 3 287.114
1 3.2 287.069
1 3.4 287.022
1 3.6 286.974
1 3.8 286.923
1 4 286.871
1 4.2 286.817
1 4.4 286.762
1 4.6 286.705
1 4.8 286.648
1 5 286.591
1 5.2 286.533
1 5.4 286.476
1 5.6 286.418
1 5.8 286.361
1 6 286.305
1 6.2 286.25
1 6.4 286.196
1 6.6 286.144
1 6.8 286.093
1 7 286.044
1 7.2 285.998
1 7.4 285.954
1 7.6 285.912
1 7.8 285.873
1 8 285.838
1 8.2 285.805
1 8.4 285.776
1 8.6 285.75
1 8.8 285.727
1 9 285.708
1 9.2 285.693
1 9.4 285.682
1 9.6 285.674
1 9.8 285.67
1 10 285.67
1.2 0 287.498
1.2 0.2 287.498
1.2 0.4 287.497
1.2 0.6 287.492
1.2 0.8 287.484
1.2 1 287.472
1.2 1.2 287.457
1.2 1.4 287.439
1.2 1.6 287.417
1.2 1.8 287.392
1.2 2 287.364
1.2 2.2 287.332
1.2 2.4 287.298
1.2 2.6 287.261
1.2 2.8 287.221
1.2 3 287.178
1.2 3.2 287.132
1.2 3.4 287.085
1.2 3.6 287.035
1.2 3.8 286.983
1.2 4 286.93
1.2 4.2 286.875
1.2 4.4 286.819
1.2 4.6 286.761
1.2 4.8 286.703
1.2 5 286.645
1.2 5.2 286.586
1.2 5.4 286.527
1.2 5.6 286.468
1.2 5.8 286.41
1.2 6 286.352
1.2 6.2 286.296
1.2 6.4 286.241
1.2 6.6 286.187
1.2 6.8 286.136
1.2 7 286.086
1.2 7.2 286.038
1.2 7.4 285.993
1.2 7.6 285.951
1.2 7.8 285.911
1.2 8 285.875
1.2 8.2 285.841
1.2 8.4 285.811
1.2 8.6 285.785
1.2 8.8 285.762
1.2 9 285.743
1.2 9.2 285.727
1.2 9.4 285.715
1.2 9.6 285.708
1.2 9.8 285.704
1.2 10 285.704
1.4 0 287.582
1.4 0.2 287.582
1.4 0.4 287.58
1.4 0.6 287.575
1.4 0.8 287.567
1.4 1 287.555
1.4 1.2 287.539
1.4 1.4 287.521
1.4 1.6 287.499
1.4 1.8 287.473
1.4 2 287.444
1.4 2.2 287.412
1.4 2.4 287.377
1.4 2.6 287.339
1.4 2.8 287.298
1.4 3 287.254
1.4 3.2 287.208
1.4 3.4 287.159
1.4 3.6 287.108
1.4 3.8 287.056
1.4 4 287.001
1.4 4.2 286.945
1.4 4.4 286.887
1.4 4.6 286.828
1.4 4.8 286.769
1.4 5 286.708
1.4 5.2 286.648
1.4 5.4 286.587
1.4 5.6 286.527
1.4 5.8 286.467
1.4 6 286.409
1.4 6.2 286.351
1.4 6.4 286.294
1.4 6.6 286.239
1.4 6.8 286.186
1.4 7 286.135
1.4 7.2 286.086
1.4 7.4 286.04
1.4 7.6 285.997
1.4 7.8 285.956
1.4 8 285.919
1.4 8.2 285.884
1.4 8.4 285.854
1.4 8.6 285.827
1.4 8.8 285.803
1.4 9 285.783
1.4 9.2 285.767
1.4 9.4 285.755
1.4 9.6 285.747
1.4 9.8 285.743
1.4 10 285.743
1.6 0 287.678
1.6 0.2 287.678
1.6 0.4 287.677
1.6 0.6 287.672
1.6 0.8 287.663
1.6 1 287.651
1.6 1.2 287.635
1.6 1.4 287.616
1.6 1.6 287.593
1.6 1.8 287.567
1.6 2 287.538
1.6 2.2 287.505
1.6 2.4 287.469
1.6 2.6 287.43
1.6 2.8 287.388
1.6 3 287.344
1.6 3.2 287.296
1.6 3.4 287.246
1.6 3.6 287.194
1.6 3.8 287.14
1.6 4 287.083
1.6 4.2 287.025
1.6 4.4 286.966
1.6 4.6 286.906
1.6 4.8 286.844
1.6 5 286.782
1.6 5.2 286.72
1.6 5.4 286.658
1.6 5.6 286.596
1.6 5.8 286.534
1.6 6 286.474
1.6 6.2 286.414
1.6 6.4 286.356
1.6 6.6 286.299
1.6 6.8 286.245
1.6 7 286.192
1.6 7.2 286.142
1.6 7.4 286.094
1.6 7.6 286.05
1.6 7.8 286.008
1.6 8 285.969
1.6 8.2 285.934
1.6 8.4 285.902
1.6 8.6 285.874
1.6 8.8 285.85
1.6 9 285.83
1.6 9.2 285.813
1.6 9.4 285.801
1.6 9.6 285.793
1.6 9.8 285.789
1.6 10 285.789
1.8 0 287.789
1.8 0.2 287.789
1.8 0.4 287.787
1.8 0.6 287.782
1.8 0.8 287.773
1.8 1 287.76
1.8 1.2 287.744
1.8 1.4 287.725
1.8 1.6 287.702
1.8 1.8 287.675
1.8 2 287.645
1.8 2.2 287.611
1.8 2.4 287.575
1.8 2.6 287.535
1.8 2.8 287.491
1.8 3 287.445
1.8 3.2 287.397
1.8 3.4 287.345
1.8 3.6 287.291
1.8 3.8 287.235
1.8 4 287.177
1.8 4.2 287.118
1.8 4.4 287.057
1.8 4.6 286.994
1.8 4.8 286.931
1.8 5 286.867
1.8 5.2 286.803
1.8 5.4 286.738
1.8 5.6 286.674
1.8 5.8 286.611
1.8 6 286.548
1.8 6.2 286.486
1.8 6.4 286.426
1.8 6.6 286.368
1.8 6.8 286.311
1.8 7 286.257
1.8 7.2 286.205
1.8 7.4 286.156
1.8 7.6 286.109
1.8 7.8 286.066
1.8 8 286.026
1.8 8.2 285.99
1.8 8.4 285.957
1.8 8.6 285.929
1.8 8.8 285.903
1.8 9 285.882
1.8 9.2 285.866
1.8 9.4 285.853
1.8 9.6 285.844
1.8 9.8 285.84
1.8 10 285.84
2 0 287.913
2 0.2 287.913
2 0.4 287.911
2 0.6 287.905
2 0.8 287.896
2 1 287.884
2 1.2 287.867
2 1.4 287.847
2 1.6 287.824
2 1.8 287.796
2 2 287.765
2 2.2 287.731
2 2.4 287.693
2 2.6 287.652
2 2.8 287.607
2 3 287.56
2 3.2 287.51
2 3.4 287.457
2 3.6 287.401
2 3.8 287.343
2 4 287.283
2 4.2 287.221
2 4.4 287.158
2 4.6 287.093
2 4.8 287.028
2 5 286.962
2 5.2 286.895
2 5.4 286.828
2 5.6 286.762
2 5.8 286.696
2 6 286.631
2 6.2 286.567
2 6.4 286.504
2 6.6 286.444
2 6.8 286.385
2 7 286.329
2 7.2 286.275
2 7.4 286.224
2 7.6 286.176
2 7.8 286.131
2 8 286.09
2 8.2 286.053
2 8.4 286.019
2 8.6 285.989
2 8.8 285.963
2 9 285.941
2 9.2 285.923
2 9.4 285.91
2 9.6 285.901
2 9.8 285.897
2 10 285.897
2.2 0 288.05
2.2 0.2 288.05
2.2 0.4 288.048
2.2 0.6 288.043
2.2 0.8 288.034
2.2 1 288.021
2.2 1.2 288.004
2.2 1.4 287.983
2.2 1.6 287.959
2.2 1.8 287.931
2.2 2 287.899
2.2 2.2 287.864
2.2 2.4 287.825
2.2 2.6 287.782
2.2 2.8 287.737
2.2 3 287.688
2.2 3.2 287.635
2.2 3.4 287.581
2.2 3.6 287.523
2.2 3.8 287.463
2.2 4 287.401
2.2 4.2 287.337
2.2 4.4 287.271
2.2 4.6 287.204
2.2 4.8 287.136
2.2 5 287.067
2.2 5.2 286.997
2.2 5.4 286.928
2.2 5.6 286.859
2.2 5.8 286.79
2.2 6 286.722
2.2 6.2 286.656
2.2 6.4 286.591
2.2 6.6 286.528
2.2 6.8 286.467
2.2 7 286.408
2.2 7.2 286.352
2.2 7.4 286.299
2.2 7.6 286.25
2.2 7.8 286.203
2.2 8 286.16
2.2 8.2 286.121
2.2 8.4 286.086
2.2 8.6 286.055
2.2 8.8 286.028
2.2 9 286.005
2.2 9.2 285.987
2.2 9.4 285.973
2.2 9.6 285.964
2.2 9.8 285.96
2.2 10 285.96
2.4 0 288.202
2.4 0.2 288.202
2.4 0.4 288.2
2.4 0.6 288.194
2.4 0.8 288.185
2.4 1 288.171
2.4 1.2 288.154
2.4 1.4 288.133
2.4 1.6 288.108
2.4 1.8 288.079
2.4 2 288.047
2.4 2.2 288.01
2.4 2.4 287.97
2.4 2.6 287.926
2.4 2.8 287.879
2.4 3 287.828
2.4 3.2 287.774
2.4 3.4 287.717
2.4 3.6 287.657
2.4 3.8 287.595
2.4 4 287.53
2.4 4.2 287.464
2.4 4.4 287.395
2.4 4.6 287.325
2.4 4.8 287.254
2.4 5 287.182
2.4 5.2 287.11
2.4 5.4 287.037
2.4 5.6 286.965
2.4 5.8 286.893
2.4 6 286.823
2.4 6.2 286.753
2.4 6.4 286.686
2.4 6.6 286.62
2.4 6.8 286.556
2.4 7 286.495
2.4 7.2 286.437
2.4 7.4 286.381
2.4 7.6 286.329
2.4 7.8 286.281
2.4 8 286.236
2.4 8.2 286.196
2.4 8.4 286.159
2.4 8.6 286.127
2.4 8.8 286.099
2.4 9 286.075
2.4 9.2 286.056
2.4 9.4 286.042
2.4 9.6 286.032
2.4 9.8 286.027
2.4 10 286.027
2.6 0 288.367
2.6 0.2 288.367
2.6 0.4 288.365
2.6 0.6 288.36
2.6 0.8 288.35
2.6 1 288.336
2.6 1.2 288.318
2.6 1.4 288.297
2.6 1.6 288.271
2.6 1.8 288.241
2.6 2 288.208
2.6 2.2 288.17
2.6 2.4 288.129
2.6 2.6 288.083
2.6 2.8 288.034
2.6 3 287.982
2.6 3.2 287.926
2.6 3.4 287.866
2.6 3.6 287.804
2.6 3.8 287.739
2.6 4 287.672
2.6 4.2 287.602
2.6 4.4 287.531
2.6 4.6 287.457
2.6 4.8 287.383
2.6 5 287.308
2.6 5.2 287.232
2.6 5.4 287.156
2.6 5.6 287.081
2.6 5.8 287.006
2.6 6 286.932
2.6 6.2 286.859
2.6 6.4 286.788
2.6 6.6 286.719
2.6 6.8 286.653
2.6 7 286.589
2.6 7.2 286.528
2.6 7.4 286.47
2.6 7.6 286.416
2.6 7.8 286.365
2.6 8 286.319
2.6 8.2 286.276
2.6 8.4 286.238
2.6 8.6 286.204
2.6 8.8 286.175
2.6 9 286.15
2.6 9.2 286.13
2.6 9.4 286.115
2.6 9.6 286.106
2.6 9.8 286.101
2.6 10 286.101
2.8 0 288.547
2.8 0.2 288.547
2.8 0.4 288.545
2.8 0.6 288.539
2.8 0.8 288.529
2.8 1 288.515
2.8 1.2 288.497
2.8 1.4 288.474
2.8 1.6 288.448
2.8 1.8 288.418
2.8 2 288.383
2.8 2.2 288.344
2.8 2.4 288.301
2.8 2.6 288.254
2.8 2.8 288.203
2.8 3 288.149
2.8 3.2 288.09
2.8 3.4 288.029
2.8 3.6 287.964
2.8 3.8 287.896
2.8 4 287.825
2.8 4.2 287.753
2.8 4.4 287.678
2.8 4.6 287.601
2.8 4.8 287.523
2.8 5 287.444
2.8 5.2 287.365
2.8 5.4 287.285
2.8 5.6 287.206
2.8 5.8 287.127
2.8 6 287.05
2.8 6.2 286.973
2.8 6.4 286.899
2.8 6.6 286.827
2.8 6.8 286.757
2.8 7 286.69
2.8 7.2 286.626
2.8 7.4 286.565
2.8 7.6 286.509
2.8 7.8 286.456
2.8 8 286.407
2.8 8.2 286.362
2.8 8.4 286.322
2.8 8.6 286.287
2.8 8.8 286.256
2.8 9 286.23
2.8 9.2 286.21
2.8 9.4 286.194
2.8 9.6 286.184
2.8 9.8 286.179
2.8 10 286.179
3 0 288.741
3 0.2 288.741
3 0.4 288.738
3 0.6 288.732
3 0.8 288.722
3 1 288.708
3 1.2 288.689
3 1.4 288.666
3 1.6 288.639
3 1.8 288.608
3 2 288.572
3 2.2 288.532
3 2.4 288.488
3 2.6 288.439
3 2.8 288.386
3 3 288.329
3 3.2 288.269
3 3.4 288.204
3 3.6 288.136
3 3.8 288.065
3 4 287.991
3 4.2 287.915
3 4.4 287.836
3 4.6 287.756
3 4.8 287.674
3 5 287.591
3 5.2 287.507
3 5.4 287.424
3 5.6 287.34
3 5.8 287.258
3 6 287.176
3 6.2 287.096
3 6.4 287.017
3 6.6 286.941
3 6.8 286.868
3 7 286.798
3 7.2 286.731
3 7.4 286.667
3 7.6 286.607
3 7.8 286.552
3 8 286.5
3 8.2 286.454
3 8.4 286.412
3 8.6 286.375
3 8.8 286.343
3 9 286.316
3 9.2 286.294
3 9.4 286.278
3 9.6 286.267
3 9.8 286.261
3 10 286.261
3.2 0 288.948
3.2 0.2 288.948
3.2 0.4 288.946
3.2 0.6 288.94
3.2 0.8 288.929
3.2 1 288.915
3.2 1.2 288.896
3.2 1.4 288.872
3.2 1.6 288.845
3.2 1.8 288.812
3.2 2 288.776
3.2 2.2 288.734
3.2 2.4 288.688
3.2 2.6 288.638
3.2 2.8 288.583
3.2 3 288.524
3.2 3.2 288.461
3.2 3.4 288.393
3.2 3.6 288.322
3.2 3.8 288.248
3.2 4 288.17
3.2 4.2 288.09
3.2 4.4 288.007
3.2 4.6 287.922
3.2 4.8 287.836
3.2 5 287.748
3.2 5.2 287.66
3.2 5.4 287.572
3.2 5.6 287.484
3.2 5.8 287.397
3.2 6 287.311
3.2 6.2 287.226
3.2 6.4 287.144
3.2 6.6 287.064
3.2 6.8 286.986
3.2 7 286.912
3.2 7.2 286.842
3.2 7.4 286.775
3.2 7.6 286.712
3.2 7.8 286.653
3.2 8 286.6
3.2 8.2 286.551
3.2 8.4 286.506
3.2 8.6 286.467
3.2 8.8 286.434
3.2 9 286.406
3.2 9.2 286.383
3.2 9.4 286.366
3.2 9.6 286.354
3.2 9.8 286.349
3.2 10 286.349
3.4 0 289.17
3.4 0.2 289.17
3.4 0.4 289.168
3.4 0.6 289.162
3.4 0.8 289.151
3.4 1 289.136
3.4 1.2 289.117
3.4 1.4 289.093
3.4 1.6 289.065
3.4 1.8 289.032
3.4 2 288.994
3.4 2.2 288.951
3.4 2.4 288.904
3.4 2.6 288.851
3.4 2.8 288.794
3.4 3 288.733
3.4 3.2 288.666
3.4 3.4 288.596
3.4 3.6 288.521
3.4 3.8 288.443
3.4 4 288.361
3.4 4.2 288.277
3.4 4.4 288.189
3.4 4.6 288.1
3.4 4.8 288.009
3.4 5 287.916
3.4 5.2 287.823
3.4 5.4 287.73
3.4 5.6 287.637
3.4 5.8 287.545
3.4 6 287.454
3.4 6.2 287.364
3.4 6.4 287.277
3.4 6.6 287.193
3.4 6.8 287.111
3.4 7 287.033
3.4 7.2 286.959
3.4 7.4 286.888
3.4 7.6 286.822
3.4 7.8 286.761
3.4 8 286.704
3.4 8.2 286.652
3.4 8.4 286.606
3.4 8.6 286.565
3.4 8.8 286.53
3.4 9 286.5
3.4 9.2 286.476
3.4 9.4 286.458
3.4 9.6 286.446
3.4 9.8 286.44
3.4 10 286.44
3.6 0 289.406
3.6 0.2 289.406
3.6 0.4 289.404
3.6 0.6 289.398
3.6 0.8 289.387
3.6 1 289.372
3.6 1.2 289.352
3.6 1.4 289.328
3.6 1.6 289.299
3.6 1.8 289.265
3.6 2 289.227
3.6 2.2 289.183
3.6 2.4 289.134
3.6 2.6 289.079
3.6 2.8 289.02
3.6 3 288.956
3.6 3.2 288.886
3.6 3.4 288.812
3.6 3.6 288.734
3.6 3.8 288.652
3.6 4 288.566
3.6 4.2 288.476
3.6 4.4 288.384
3.6 4.6 288.289
3.6 4.8 288.193
3.6 5 288.095
3.6 5.2 287.996
3.6 5.4 287.897
3.6 5.6 287.799
3.6 5.8 287.701
3.6 6 287.605
3.6 6.2 287.511
3.6 6.4 287.418
3.6 6.6 287.329
3.6 6.8 287.243
3.6 7 287.16
3.6 7.2 287.082
3.6 7.4 287.007
3.6 7.6 286.938
3.6 7.8 286.873
3.6 8 286.813
3.6 8.2 286.759
3.6 8.4 286.71
3.6 8.6 286.667
3.6 8.8 286.63
3.6 9 286.598
3.6 9.2 286.573
3.6 9.4 286.554
3.6 9.6 286.542
3.6 9.8 286.536
3.6 10 286.536
3.8 0 289.657
3.8 0.2 289.657
3.8 0.4 289.654
3.8 0.6 289.648
3.8 0.8 289.637
3.8 1 289.622
3.8 1.2 289.603
3.8 1.4 289.578
3.8 1.6 289.549
3.8 1.8 289.514
3.8 2 289.474
3.8 2.2 289.429
3.8 2.4 289.379
3.8 2.6 289.322
3.8 2.8 289.261
3.8 3 289.194
3.8 3.2 289.121
3.8 3.4 289.044
3.8 3.6 288.961
3.8 3.8 288.874
3.8 4 288.783
3.8 4.2 288.689
3.8 4.4 288.591
3.8 4.6 288.49
3.8 4.8 288.388
3.8 5 288.284
3.8 5.2 288.18
3.8 5.4 288.075
3.8 5.6 287.97
3.8 5.8 287.867
3.8 6 287.764
3.8 6.2 287.664
3.8 6.4 287.567
3.8 6.6 287.472
3.8 6.8 287.381
3.8 7 287.294
3.8 7.2 287.211
3.8 7.4 287.132
3.8 7.6 287.058
3.8 7.8 286.99
3.8 8 286.927
3.8 8.2 286.87
3.8 8.4 286.818
3.8 8.6 286.773
3.8 8.8 286.734
3.8 9 286.701
3.8 9.2 286.674
3.8 9.4 286.655
3.8 9.6 286.641
3.8 9.8 286.635
3.8 10 286.635
4 0 289.921
4 0.2 289.921
4 0.4 289.919
4 0.6 289.913
4 0.8 289.902
4 1 289.887
4 1.2 289.868
4 1.4 289.843
4 1.6 289.813
4 1.8 289.778
4 2 289.738
4 2.2 289.691
4 2.4 289.639
4 2.6 289.581
4 2.8 289.517
4 3 289.447
4 3.2 289.371
4 3.4 289.289
4 3.6 289.202
4 3.8 289.111
4 4 289.014
4 4.2 288.914
4 4.4 288.81
4 4.6 288.704
4 4.8 288.595
4 5 288.484
4 5.2 288.373
4 5.4 288.262
4 5.6 288.15
4 5.8 288.04
4 6 287.932
4 6.2 287.826
4 6.4 287.722
4 6.6 287.622
4 6.8 287.525
4 7 287.433
4 7.2 287.345
4 7.4 287.262
4 7.6 287.184
4 7.8 287.112
4 8 287.045
4 8.2 286.985
4 8.4 286.93
4 8.6 286.883
4 8.8 286.841
4 9 286.807
4 9.2 286.779
4 9.4 286.758
4 9.6 286.744
4 9.8 286.737
4 10 286.737
4.2 0 290.2
4.2 0.2 290.2
4.2 0.4 290.198
4.2 0.6 290.192
4.2 0.8 290.182
4.2 1 290.167
4.2 1.2 290.148
4.2 1.4 290.123
4.2 1.6 290.093
4.2 1.8 290.058
4.2 2 290.017
4.2 2.2 289.969
4.2 2.4 289.916
4.2 2.6 289.856
4.2 2.8 289.789
4.2 3 289.716
4.2 3.2 289.636
4.2 3.4 289.55
4.2 3.6 289.459
4.2 3.8 289.362
4.2 4 289.259
4.2 4.2 289.153
4.2 4.4 289.043
4.2 4.6 288.929
4.2 4.8 288.813
4.2 5 288.695
4.2 5.2 288.577
4.2 5.4 288.458
4.2 5.6 288.34
4.2 5.8 288.222
4.2 6 288.107
4.2 6.2 287.994
4.2 6.4 287.884
4.2 6.6 287.777
4.2 6.8 287.675
4.2 7 287.577
4.2 7.2 287.484
4.2 7.4 287.396
4.2 7.6 287.314
4.2 7.8 287.237
4.2 8 287.167
4.2 8.2 287.103
4.2 8.4 287.046
4.2 8.6 286.996
4.2 8.8 286.952
4.2 9 286.916
4.2 9.2 286.886
4.2 9.4 286.864
4.2 9.6 286.85
4.2 9.8 286.842
4.2 10 286.842
4.4 0 290.493
4.4 0.2 290.493
4.4 0.4 290.491
4.4 0.6 290.486
4.4 0.8 290.476
4.4 1 290.461
4.4 1.2 290.442
4.4 1.4 290.418
4.4 1.6 290.389
4.4 1.8 290.353
4.4 2 290.312
4.4 2.2 290.264
4.4 2.4 290.209
4.4 2.6 290.147
4.4 2.8 290.078
4.4 3 290.001
4.4 3.2 289.918
4.4 3.4 289.827
4.4 3.6 289.731
4.4 3.8 289.628
4.4 4 289.519
4.4 4.2 289.406
4.4 4.4 289.288
4.4 4.6 289.167
4.4 4.8 289.043
4.4 5 288.917
4.4 5.2 288.791
4.4 5.4 288.664
4.4 5.6 288.538
4.4 5.8 288.413
4.4 6 288.29
4.4 6.2 288.169
4.4 6.4 288.052
4.4 6.6 287.939
4.4 6.8 287.83
4.4 7 287.726
4.4 7.2 287.628
4.4 7.4 287.535
4.4 7.6 287.448
4.4 7.8 287.367
4.4 8 287.293
4.4 8.2 287.225
4.4 8.4 287.165
4.4 8.6 287.112
4.4 8.8 287.066
4.4 9 287.028
4.4 9.2 286.997
4.4 9.4 286.973
4.4 9.6 286.958
4.4 9.8 286.95
4.4 10 286.95
4.6 0 290.801
4.6 0.2 290.801
4.6 0.4 290.799
4.6 0.6 290.793
4.6 0.8 290.784
4.6 1 290.771
4.6 1.2 290.752
4.6 1.4 290.729
4.6 1.6 290.7
4.6 1.8 290.665
4.6 2 290.624
4.6 2.2 290.575
4.6 2.4 290.519
4.6 2.6 290.455
4.6 2.8 290.383
4.6 3 290.304
4.6 3.2 290.216
4.6 3.4 290.121
4.6 3.6 290.018
4.6 3.8 289.909
4.6 4 289.793
4.6 4.2 289.672
4.6 4.4 289.547
4.6 4.6 289.417
4.6 4.8 289.285
4.6 5 289.15
4.6 5.2 289.015
4.6 5.4 288.879
4.6 5.6 288.744
4.6 5.8 288.611
4.6 6 288.48
4.6 6.2 288.351
4.6 6.4 288.227
4.6 6.6 288.107
4.6 6.8 287.991
4.6 7 287.881
4.6 7.2 287.776
4.6 7.4 287.677
4.6 7.6 287.585
4.6 7.8 287.5
4.6 8 287.422
4.6 8.2 287.35
4.6 8.4 287.287
4.6 8.6 287.231
4.6 8.8 287.182
4.6 9 287.142
4.6 9.2 287.109
4.6 9.4 287.085
4.6 9.6 287.068
4.6 9.8 287.06
4.6 10 287.06
4.8 0 291.121
4.8 0.2 291.121
4.8 0.4 291.12
4.8 0.6 291.115
4.8 0.8 291.107
4.8 1 291.094
4.8 1.2 291.077
4.8 1.4 291.055
4.8 1.6 291.028
4.8 1.8 290.993
4.8 2 290.952
4.8 2.2 290.904
4.8 2.4 290.847
4.8 2.6 290.781
4.8 2.8 290.707
4.8 3 290.624
4.8 3.2 290.532
4.8 3.4 290.432
4.8 3.6 290.323
4.8 3.8 290.207
4.8 4 290.083
4.8 4.2 289.954
4.8 4.4 289.819
4.8 4.6 289.681
4.8 4.8 289.539
4.8 5 289.394
4.8 5.2 289.249
4.8 5.4 289.104
4.8 5.6 288.959
4.8 5.8 288.817
4.8 6 288.677
4.8 6.2 288.54
4.8 6.4 288.407
4.8 6.6 288.279
4.8 6.8 288.156
4.8 7 288.039
4.8 7.2 287.928
4.8 7.4 287.824
4.8 7.6 287.726
4.8 7.8 287.636
4.8 8 287.553
4.8 8.2 287.478
4.8 8.4 287.411
4.8 8.6 287.352
4.8 8.8 287.301
4.8 9 287.258
4.8 9.2 287.224
4.8 9.4 287.198
4.8 9.6 287.181
4.8 9.8 287.172
4.8 10 287.172
5 0 291.455
5 0.2 291.455
5 0.4 291.454
5 0.6 291.451
5 0.8 291.444
5 1 291.433
5 1.2 291.418
5 1.4 291.398
5 1.6 291.371
5 1.8 291.339
5 2 291.299
5 2.2 291.25
5 2.4 291.193
5 2.6 291.126
5 2.8 291.05
5 3 290.963
5 3.2 290.867
5 3.4 290.761
5 3.6 290.645
5 3.8 290.521
5 4 290.389
5 4.2 290.251
5 4.4 290.106
5 4.6 289.957
5 4.8 289.804
5 5 289.65
5 5.2 289.494
5 5.4 289.338
5 5.6 289.183
5 5.8 289.03
5 6 288.88
5 6.2 288.734
5 6.4 288.593
5 6.6 288.456
5 6.8 288.326
5 7 288.201
5 7.2 288.084
5 7.4 287.973
5 7.6 287.87
5 7.8 287.774
5 8 287.687
5 8.2 287.608
5 8.4 287.537
5 8.6 287.474
5 8.8 287.421
5 9 287.376
5 9.2 287.34
5 9.4 287.313
5 9.6 287.295
5 9.8 287.286
5 10 287.286
5.2 0 291.802
5.2 0.2 291.802
5.2 0.4 291.802
5.2 0.6 291.8
5.2 0.8 291.794
5.2 1 291.786
5.2 1.2 291.773
5.2 1.4 291.755
5.2 1.6 291.732
5.2 1.8 291.701
5.2 2 291.663
5.2 2.2 291.616
5.2 2.4 291.559
5.2 2.6 291.491
5.2 2.8 291.412
5.2 3 291.322
5.2 3.2 291.221
5.2 3.4 291.109
5.2 3.6 290.986
5.2 3.8 290.854
5.2 4 290.712
5.2 4.2 290.563
5.2 4.4 290.408
5.2 4.6 290.247
5.2 4.8 290.082
5.2 5 289.916
5.2 5.2 289.748
5.2 5.4 289.58
5.2 5.6 289.414
5.2 5.8 289.25
5.2 6 289.09
5.2 6.2 288.934
5.2 6.4 288.783
5.2 6.6 288.638
5.2 6.8 288.499
5.2 7 288.367
5.2 7.2 288.242
5.2 7.4 288.125
5.2 7.6 288.016
5.2 7.8 287.915
5.2 8 287.822
5.2 8.2 287.739
5.2 8.4 287.664
5.2 8.6 287.598
5.2 8.8 287.542
5.2 9 287.495
5.2 9.2 287.457
5.2 9.4 287.428
5.2 9.6 287.409
5.2 9.8 287.4
5.2 10 287.4
5.4 0 292.162
5.4 0.2 292.162
5.4 0.4 292.162
5.4 0.6 292.161
5.4 0.8 292.158
5.4 1 292.153
5.4 1.2 292.143
5.4 1.4 292.129
5.4 1.6 292.109
5.4 1.8 292.082
5.4 2 292.046
5.4 2.2 292.001
5.4 2.4 291.945
5.4 2.6 291.877
5.4 2.8 291.796
5.4 3 291.703
5.4 3.2 291.597
5.4 3.4 291.478
5.4 3.6 291.347
5.4 3.8 291.205
5.4 4 291.053
5.4 4.2 290.892
5.4 4.4 290.724
5.4 4.6 290.55
5.4 4.8 290.373
5.4 5 290.193
5.4 5.2 290.012
5.4 5.4 289.832
5.4 5.6 289.653
5.4 5.8 289.477
5.4 6 289.306
5.4 6.2 289.139
5.4 6.4 288.978
5.4 6.6 288.823
5.4 6.8 288.675
5.4 7 288.535
5.4 7.2 288.403
5.4 7.4 288.279
5.4 7.6 288.163
5.4 7.8 288.057
5.4 8 287.959
5.4 8.2 287.871
5.4 8.4 287.792
5.4 8.6 287.723
5.4 8.8 287.664
5.4 9 287.614
5.4 9.2 287.574
5.4 9.4 287.544
5.4 9.6 287.524
5.4 9.8 287.514
5.4 10 287.514
5.6 0 292.532
5.6 0.2 292.532
5.6 0.4 292.534
5.6 0.6 292.535
5.6 0.8 292.535
5.6 1 292.533
5.6 1.2 292.528
5.6 1.4 292.519
5.6 1.6 292.504
5.6 1.8 292.481
5.6 2 292.449
5.6 2.2 292.407
5.6 2.4 292.353
5.6 2.6 292.285
5.6 2.8 292.203
5.6 3 292.106
5.6 3.2 291.995
5.6 3.4 291.869
5.6 3.6 291.729
5.6 3.8 291.576
5.6 4 291.412
5.6 4.2 291.238
5.6 4.4 291.056
5.6 4.6 290.868
5.6 4.8 290.676
5.6 5 290.481
5.6 5.2 290.285
5.6 5.4 290.091
5.6 5.6 289.899
5.6 5.8 289.71
5.6 6 289.526
5.6 6.2 289.348
5.6 6.4 289.176
5.6 6.6 289.011
5.6 6.8 288.854
5.6 7 288.705
5.6 7.2 288.565
5.6 7.4 288.434
5.6 7.6 288.312
5.6 7.8 288.199
5.6 8 288.097
5.6 8.2 288.004
5.6 8.4 287.921
5.6 8.6 287.848
5.6 8.8 287.786
5.6 9 287.734
5.6 9.2 287.692
5.6 9.4 287.66
5.6 9.6 287.639
5.6 9.8 287.629
5.6 10 287.629
5.8 0 292.913
5.8 0.2 292.913
5.8 0.4 292.916
5.8 0.6 292.92
5.8 0.8 292.924
5.8 1 292.927
5.8 1.2 292.928
5.8 1.4 292.925
5.8 1.6 292.916
5.8 1.8 292.899
5.8 2 292.873
5.8 2.2 292.835
5.8 2.4 292.784
5.8 2.6 292.717
5.8 2.8 292.634
5.8 3 292.534
5.8 3.2 292.417
5.8 3.4 292.283
5.8 3.6 292.133
5.8 3.8 291.969
5.8 4 291.791
5.8 4.2 291.602
5.8 4.4 291.404
5.8 4.6 291.2
5.8 4.8 290.991
5.8 5 290.78
5.8 5.2 290.568
5.8 5.4 290.358
5.8 5.6 290.151
5.8 5.8 289.948
5.8 6 289.751
5.8 6.2 289.56
5.8 6.4 289.377
5.8 6.6 289.202
5.8 6.8 289.035
5.8 7 288.877
5.8 7.2 288.729
5.8 7.4 288.59
5.8 7.6 288.461
5.8 7.8 288.343
5.8 8 288.234
5.8 8.2 288.137
5.8 8.4 288.049
5.8 8.6 287.973
5.8 8.8 287.908
5.8 9 287.853
5.8 9.2 287.809
5.8 9.4 287.776
5.8 9.6 287.754
5.8 9.8 287.743
5.8 10 287.743
6 0 293.303
6 0.2 293.303
6 0.4 293.308
6 0.6 293.315
6 0.8 293.324
6 1 293.333
6 1.2 293.341
6 1.4 293.346
6 1.6 293.346
6 1.8 293.337
6 2 293.319
6 2.2 293.287
6 2.4 293.24
6 2.6 293.175
6 2.8 293.092
6 3 292.989
6 3.2 292.867
6 3.4 292.724
6 3.6 292.563
6 3.8 292.384
6 4 292.191
6 4.2 291.985
6 4.4 291.769
6 4.6 291.546
6 4.8 291.318
6 5 291.089
6 5.2 290.859
6 5.4 290.632
6 5.6 290.409
6 5.8 290.191
6 6 289.98
6 6.2 289.776
6 6.4 289.58
6 6.6 289.394
6 6.8 289.216
6 7 289.049
6 7.2 288.892
6 7.4 288.746
6 7.6 288.61
6 7.8 288.485
6 8 288.371
6 8.2 288.269
6 8.4 288.177
6 8.6 288.097
6 8.8 288.028
6 9 287.971
6 9.2 287.925
6 9.4 287.891
6 9.6 287.868
6 9.8 287.856
6 10 287.856
6.2 0 293.701
6.2 0.2 293.701
6.2 0.4 293.708
6.2 0.6 293.719
6.2 0.8 293.734
6.2 1 293.751
6.2 1.2 293.768
6.2 1.4 293.783
6.2 1.6 293.793
6.2 1.8 293.796
6.2 2 293.787
6.2 2.2 293.764
6.2 2.4 293.723
6.2 2.6 293.663
6.2 2.8 293.58
6.2 3 293.475
6.2 3.2 293.346
6.2 3.4 293.193
6.2 3.6 293.019
6.2 3.8 292.825
6.2 4 292.614
6.2 4.2 292.388
6.2 4.4 292.151
6.2 4.6 291.907
6.2 4.8 291.658
6.2 5 291.407
6.2 5.2 291.158
6.2 5.4 290.912
6.2 5.6 290.671
6.2 5.8 290.437
6.2 6 290.21
6.2 6.2 289.993
6.2 6.4 289.784
6.2 6.6 289.586
6.2 6.8 289.398
6.2 7 289.221
6.2 7.2 289.055
6.2 7.4 288.901
6.2 7.6 288.758
6.2 7.8 288.627
6.2 8 288.507
6.2 8.2 288.399
6.2 8.4 288.304
6.2 8.6 288.22
6.2 8.8 288.148
6.2 9 288.088
6.2 9.2 288.04
6.2 9.4 288.004
6.2 9.6 287.98
6.2 9.8 287.968
6.2 10 287.968
6.4 0 294.103
6.4 0.2 294.103
6.4 0.4 294.113
6.4 0.6 294.129
6.4 0.8 294.151
6.4 1 294.178
6.4 1.2 294.206
6.4 1.4 294.235
6.4 1.6 294.259
6.4 1.8 294.275
6.4 2 294.28
6.4 2.2 294.268
6.4 2.4 294.237
6.4 2.6 294.182
6.4 2.8 294.101
6.4 3 293.993
6.4 3.2 293.858
6.4 3.4 293.695
6.4 3.6 293.506
6.4 3.8 293.293
6.4 4 293.06
6.4 4.2 292.812
6.4 4.4 292.551
6.4 4.6 292.282
6.4 4.8 292.009
6.4 5 291.735
6.4 5.2 291.464
6.4 5.4 291.197
6.4 5.6 290.937
6.4 5.8 290.685
6.4 6 290.443
6.4 6.2 290.21
6.4 6.4 289.988
6.4 6.6 289.778
6.4 6.8 289.579
6.4 7 289.392
6.4 7.2 289.217
6.4 7.4 289.055
6.4 7.6 288.904
6.4 7.8 288.767
6.4 8 288.641
6.4 8.2 288.528
6.4 8.4 288.428
6.4 8.6 288.34
6.4 8.8 288.265
6.4 9 288.203
6.4 9.2 288.152
6.4 9.4 288.115
6.4 9.6 288.09
6.4 9.8 288.077
6.4 10 288.077
6.6 0 294.509
6.6 0.2 294.509
6.6 0.4 294.521
6.6 0.6 294.543
6.6 0.8 294.574
6.6 1 294.613
6.6 1.2 294.656
6.6 1.4 294.7
6.6 1.6 294.742
6.6 1.8 294.777
6.6 2 294.799
6.6 2.2 294.803
6.6 2.4 294.784
6.6 2.6 294.737
6.6 2.8 294.66
6.6 3 294.55
6.6 3.2 294.407
6.6 3.4 294.232
6.6 3.6 294.025
6.6 3.8 293.791
6.6 4 293.534
6.6 4.2 293.257
6.6 4.4 292.968
6.6 4.6 292.671
6.6 4.8 292.37
6.6 5 292.07
6.6 5.2 291.775
6.6 5.4 291.486
6.6 5.6 291.205
6.6 5.8 290.934
6.6 6 290.675
6.6 6.2 290.427
6.6 6.4 290.191
6.6 6.6 289.968
6.6 6.8 289.758
6.6 7 289.561
6.6 7.2 289.377
6.6 7.4 289.206
6.6 7.6 289.048
6.6 7.8 288.904
6.6 8 288.773
6.6 8.2 288.655
6.6 8.4 288.55
6.6 8.6 288.458
6.6 8.8 288.38
6.6 9 288.315
6.6 9.2 288.263
6.6 9.4 288.223
6.6 9.6 288.197
6.6 9.8 288.184
6.6 10 288.184
6.8 0 294.914
6.8 0.2 294.914
6.8 0.4 294.93
6.8 0.6 294.959
6.8 0.8 295.001
6.8 1 295.053
6.8 1.2 295.113
6.8 1.4 295.178
6.8 1.6 295.243
6.8 1.8 295.301
6.8 2 295.346
6.8 2.2 295.37
6.8 2.4 295.368
6.8 2.6 295.332
6.8 2.8 295.261
6.8 3 295.15
6.8 3.2 294.999
6.8 3.4 294.81
6.8 3.6 294.583
6.8 3.8 294.323
6.8 4 294.035
6.8 4.2 293.727
6.8 4.4 293.403
6.8 4.6 293.073
6.8 4.8 292.741
6.8 5 292.411
6.8 5.2 292.089
6.8 5.4 291.775
6.8 5.6 291.473
6.8 5.8 291.182
6.8 6 290.905
6.8 6.2 290.641
6.8 6.4 290.391
6.8 6.6 290.155
6.8 6.8 289.934
6.8 7 289.726
6.8 7.2 289.533
6.8 7.4 289.354
6.8 7.6 289.189
6.8 7.8 289.038
6.8 8 288.901
6.8 8.2 288.778
6.8 8.4 288.669
6.8 8.6 288.573
6.8 8.8 288.492
6.8 9 288.424
6.8 9.2 288.37
6.8 9.4 288.329
6.8 9.6 288.302
6.8 9.8 288.288
6.8 10 288.288
7 0 295.315
7 0.2 295.315
7 0.4 295.335
7 0.6 295.372
7 0.8 295.426
7 1 295.495
7 1.2 295.577
7 1.4 295.667
7 1.6 295.76
7 1.8 295.848
7 2 295.923
7 2.2 295.975
7 2.4 295.994
7 2.6 295.975
7 2.8 295.91
7 3 295.8
7 3.2 295.641
7 3.4 295.434
7 3.6 295.183
7 3.8 294.893
7 4 294.568
7 4.2 294.22
7 4.4 293.856
7 4.6 293.487
7 4.8 293.118
7 5 292.756
7 5.2 292.404
7 5.4 292.064
7 5.6 291.738
7 5.8 291.427
7 6 291.132
7 6.2 290.852
7 6.4 290.587
7 6.6 290.338
7 6.8 290.105
7 7 289.887
7 7.2 289.685
7 7.4 289.498
7 7.6 289.325
7 7.8 289.168
7 8 289.025
7 8.2 288.897
7 8.4 288.784
7 8.6 288.685
7 8.8 288.6
7 9 288.529
7 9.2 288.473
7 9.4 288.431
7 9.6 288.403
7 9.8 288.389
7 10 288.389
7.2 0 295.708
7.2 0.2 295.708
7.2 0.4 295.733
7.2 0.6 295.779
7.2 0.8 295.847
7.2 1 295.936
7.2 1.2 296.042
7.2 1.4 296.162
7.2 1.6 296.291
7.2 1.8 296.419
7.2 2 296.534
7.2 2.2 296.622
7.2 2.4 296.67
7.2 2.6 296.671
7.2 2.8 296.617
7.2 3 296.507
7.2 3.2 296.339
7.2 3.4 296.114
7.2 3.6 295.834
7.2 3.8 295.505
7.2 4 295.136
7.2 4.2 294.738
7.2 4.4 294.325
7.2 4.6 293.909
7.2 4.8 293.499
7.2 5 293.101
7.2 5.2 292.717
7.2 5.4 292.349
7.2 5.6 291.999
7.2 5.8 291.667
7.2 6 291.353
7.2 6.2 291.056
7.2 6.4 290.777
7.2 6.6 290.516
7.2 6.8 290.271
7.2 7 290.043
7.2 7.2 289.832
7.2 7.4 289.636
7.2 7.6 289.457
7.2 7.8 289.293
7.2 8 289.145
7.2 8.2 289.012
7.2 8.4 288.894
7.2 8.6 288.791
7.2 8.8 288.704
7.2 9 288.63
7.2 9.2 288.572
7.2 9.4 288.528
7.2 9.6 288.499
7.2 9.8 288.485
7.2 10 288.485
7.4 0 296.089
7.4 0.2 296.089
7.4 0.4 296.118
7.4 0.6 296.175
7.4 0.8 296.258
7.4 1 296.368
7.4 1.2 296.503
7.4 1.4 296.659
7.4 1.6 296.833
7.4 1.8 297.013
7.4 2 297.182
7.4 2.2 297.318
7.4 2.4 297.405
7.4 2.6 297.431
7.4 2.8 297.391
7.4 3 297.283
7.4 3.2 297.105
7.4 3.4 296.858
7.4 3.6 296.544
7.4 3.8 296.169
7.4 4 295.742
7.4 4.2 295.281
7.4 4.4 294.807
7.4 4.6 294.337
7.4 4.8 293.879
7.4 5 293.441
7.4 5.2 293.023
7.4 5.4 292.627
7.4 5.6 292.252
7.4 5.8 291.899
7.4 6 291.566
7.4 6.2 291.253
7.4 6.4 290.96
7.4 6.6 290.686
7.4 6.8 290.43
7.4 7 290.193
7.4 7.2 289.972
7.4 7.4 289.769
7.4 7.6 289.583
7.4 7.8 289.413
7.4 8 289.259
7.4 8.2 289.121
7.4 8.4 289
7.4 8.6 288.893
7.4 8.8 288.802
7.4 9 288.727
7.4 9.2 288.667
7.4 9.4 288.622
7.4 9.6 288.591
7.4 9.8 288.576
7.4 10 288.576
7.6 0 296.453
7.6 0.2 296.453
7.6 0.4 296.487
7.6 0.6 296.553
7.6 0.8 296.652
7.6 1 296.785
7.6 1.2 296.951
7.6 1.4 297.15
7.6 1.6 297.379
7.6 1.8 297.627
7.6 2 297.873
7.6 2.2 298.074
7.6 2.4 298.209
7.6 2.6 298.266
7.6 2.8 298.243
7.6 3 298.138
7.6 3.2 297.949
7.6 3.4 297.678
7.6 3.6 297.325
7.6 3.8 296.893
7.6 4 296.393
7.6 4.2 295.847
7.6 4.4 295.295
7.6 4.6 294.76
7.6 4.8 294.251
7.6 5 293.77
7.6 5.2 293.317
7.6 5.4 292.892
7.6 5.6 292.494
7.6 5.8 292.12
7.6 6 291.769
7.6 6.2 291.441
7.6 6.4 291.134
7.6 6.6 290.848
7.6 6.8 290.582
7.6 7 290.335
7.6 7.2 290.106
7.6 7.4 289.895
7.6 7.6 289.702
7.6 7.8 289.526
7.6 8 289.367
7.6 8.2 289.225
7.6 8.4 289.099
7.6 8.6 288.99
7.6 8.8 288.896
7.6 9 288.818
7.6 9.2 288.756
7.6 9.4 288.71
7.6 9.6 288.679
7.6 9.8 288.663
7.6 10 288.663
7.8 0 296.795
7.8 0.2 296.795
7.8 0.4 296.833
7.8 0.6 296.909
7.8 0.8 297.024
7.8 1 297.179
7.8 1.2 297.377
7.8 1.4 297.621
7.8 1.6 297.914
7.8 1.8 298.253
7.8 2 298.619
7.8 2.2 298.908
7.8 2.4 299.1
7.8 2.6 299.194
7.8 2.8 299.188
7.8 3 299.086
7.8 3.2 298.887
7.8 3.4 298.59
7.8 3.6 298.194
7.8 3.8 297.697
7.8 4 297.102
7.8 4.2 296.427
7.8 4.4 295.777
7.8 4.6 295.168
7.8 4.8 294.604
7.8 5 294.08
7.8 5.2 293.594
7.8 5.4 293.142
7.8 5.6 292.72
7.8 5.8 292.327
7.8 6 291.96
7.8 6.2 291.617
7.8 6.4 291.298
7.8 6.6 291.001
7.8 6.8 290.724
7.8 7 290.468
7.8 7.2 290.231
7.8 7.4 290.013
7.8 7.6 289.814
7.8 7.8 289.633
7.8 8 289.469
7.8 8.2 289.322
7.8 8.4 289.193
7.8 8.6 289.08
7.8 8.8 288.984
7.8 9 288.904
7.8 9.2 288.84
7.8 9.4 288.792
7.8 9.6 288.76
7.8 9.8 288.744
7.8 10 288.744
8 0 297.11
8 0.2 297.11
8 0.4 297.153
8 0.6 297.237
8 0.8 297.364
8 1 297.539
8 1.2 297.767
8 1.4 298.054
8 1.6 298.414
8 1.8 298.865
8 2 299.447
8 2.2 299.847
8 2.4 300.1
8 2.6 300.228
8 2.8 300.24
8 3 300.141
8 3.2 299.932
8 3.4 299.611
8 3.6 299.174
8 3.8 298.608
8 4 297.896
8 4.2 296.997
8 4.4 296.225
8 4.6 295.542
8 4.8 294.926
8 5 294.364
8 5.2 293.848
8 5.4 293.371
8 5.6 292.929
8 5.8 292.518
8 6 292.136
8 6.2 291.781
8 6.4 291.45
8 6.6 291.142
8 6.8 290.856
8 7 290.592
8 7.2 290.348
8 7.4 290.123
8 7.6 289.918
8 7.8 289.732
8 8 289.563
8 8.2 289.413
8 8.4 289.28
8 8.6 289.164
8 8.8 289.065
8 9 288.983
8 9.2 288.917
8 9.4 288.868
8 9.6 288.836
8 9.8 288.819
8 10 288.819
8.2 0 297.395
8.2 0.2 297.395
8.2 0.4 297.44
8.2 0.6 297.53
8.2 0.8 297.668
8.2 1 297.858
8.2 1.2 298.106
8.2 1.4 298.425
8.2 1.6 298.831
8.2 1.8 299.353
8.2 2 300.034
8.2 2.2 300.501
8.2 2.4 300.797
8.2 2.6 300.95
8.2 2.8 300.973
8.2 3 300.875
8.2 3.2 300.659
8.2 3.4 300.32
8.2 3.6 299.852
8.2 3.8 299.238
8.2 4 298.45
8.2 4.2 297.446
8.2 4.4 296.597
8.2 4.6 295.859
8.2 4.8 295.203
8.2 5 294.611
8.2 5.2 294.071
8.2 5.4 293.575
8.2 5.6 293.116
8.2 5.8 292.691
8.2 6 292.296
8.2 6.2 291.929
8.2 6.4 291.588
8.2 6.6 291.271
8.2 6.8 290.977
8.2 7 290.705
8.2 7.2 290.454
8.2 7.4 290.224
8.2 7.6 290.014
8.2 7.8 289.822
8.2 8 289.65
8.2 8.2 289.496
8.2 8.4 289.359
8.2 8.6 289.241
8.2 8.8 289.14
8.2 9 289.056
8.2 9.2 288.989
8.2 9.4 288.938
8.2 9.6 288.905
8.2 9.8 288.888
8.2 10 288.888
8.4 0 297.646
8.4 0.2 297.646
8.4 0.4 297.693
8.4 0.6 297.787
8.4 0.8 297.93
8.4 1 298.127
8.4 1.2 298.386
8.4 1.4 298.719
8.4 1.6 299.144
8.4 1.8 299.692
8.4 2 300.404
8.4 2.2 300.896
8.4 2.4 301.208
8.4 2.6 301.37
8.4 2.8 301.397
8.4 3 301.299
8.4 3.2 301.077
8.4 3.4 300.729
8.4 3.6 300.245
8.4 3.8 299.609
8.4 4 298.791
8.4 4.2 297.749
8.4 4.4 296.868
8.4 4.6 296.104
8.4 4.8 295.427
8.4 5 294.817
8.4 5.2 294.261
8.4 5.4 293.751
8.4 5.6 293.28
8.4 5.8 292.844
8.4 6 292.438
8.4 6.2 292.062
8.4 6.4 291.712
8.4 6.6 291.387
8.4 6.8 291.086
8.4 7 290.807
8.4 7.2 290.551
8.4 7.4 290.315
8.4 7.6 290.1
8.4 7.8 289.904
8.4 8 289.728
8.4 8.2 289.57
8.4 8.4 289.431
8.4 8.6 289.31
8.4 8.8 289.207
8.4 9 289.121
8.4 9.2 289.053
8.4 9.4 289.002
8.4 9.6 288.968
8.4 9.8 288.951
8.4 10 288.951
8.6 0 297.863
8.6 0.2 297.863
8.6 0.4 297.91
8.6 0.6 298.004
8.6 0.8 298.148
8.6 1 298.345
8.6 1.2 298.602
8.6 1.4 298.93
8.6 1.6 299.345
8.6 1.8 299.876
8.6 2 300.565
8.6 2.2 301.039
8.6 2.4 301.34
8.6 2.6 301.494
8.6 2.8 301.517
8.6 3 301.416
8.6 3.2 301.192
8.6 3.4 300.843
8.6 3.6 300.362
8.6 3.8 299.732
8.6 4 298.926
8.6 4.2 297.902
8.6 4.4 297.031
8.6 4.6 296.271
8.6 4.8 295.593
8.6 5 294.978
8.6 5.2 294.416
8.6 5.4 293.899
8.6 5.6 293.419
8.6 5.8 292.975
8.6 6 292.562
8.6 6.2 292.177
8.6 6.4 291.82
8.6 6.6 291.489
8.6 6.8 291.182
8.6 7 290.898
8.6 7.2 290.636
8.6 7.4 290.396
8.6 7.6 290.176
8.6 7.8 289.977
8.6 8 289.797
8.6 8.2 289.637
8.6 8.4 289.495
8.6 8.6 289.372
8.6 8.8 289.267
8.6 9 289.179
8.6 9.2 289.11
8.6 9.4 289.058
8.6 9.6 289.023
8.6 9.8 289.006
8.6 10 289.006
8.8 0 298.044
8.8 0.2 298.044
8.8 0.4 298.09
8.8 0.6 298.183
8.8 0.8 298.322
8.8 1 298.512
8.8 1.2 298.756
8.8 1.4 299.063
8.8 1.6 299.441
8.8 1.8 299.912
8.8 2 300.511
8.8 2.2 300.924
8.8 2.4 301.188
8.8 2.6 301.32
8.8 2.8 301.331
8.8 3 301.224
8.8 3.2 301.001
8.8 3.4 300.66
8.8 3.6 300.196
8.8 3.8 299.599
8.8 4 298.849
8.8 4.2 297.91
8.8 4.4 297.095
8.8 4.6 296.367
8.8 4.8 295.705
8.8 5 295.098
8.8 5.2 294.537
8.8 5.4 294.017
8.8 5.6 293.534
8.8 5.8 293.085
8.8 6 292.666
8.8 6.2 292.276
8.8 6.4 291.914
8.8 6.6 291.577
8.8 6.8 291.265
8.8 7 290.976
8.8 7.2 290.71
8.8 7.4 290.466
8.8 7.6 290.243
8.8 7.8 290.04
8.8 8 289.857
8.8 8.2 289.694
8.8 8.4 289.55
8.8 8.6 289.425
8.8 8.8 289.318
8.8 9 289.23
8.8 9.2 289.159
8.8 9.4 289.106
8.8 9.6 289.071
8.8 9.8 289.054
8.8 10 289.054
9 0 298.19
9 0.2 298.19
9 0.4 298.235
9 0.6 298.324
9 0.8 298.456
9 1 298.634
9 1.2 298.86
9 1.4 299.133
9 1.6 299.457
9 1.8 299.825
9 2 300.217
9 2.2 300.529
9 2.4 300.737
9 2.6 300.839
9 2.8 300.833
9 3 300.72
9 3.2 300.5
9 3.4 300.172
9 3.6 299.735
9 3.8 299.189
9 4 298.537
9 4.2 297.8
9 4.4 297.083
9 4.6 296.406
9 4.8 295.772
9 5 295.18
9 5.2 294.626
9 5.4 294.109
9 5.6 293.625
9 5.8 293.173
9 6 292.751
9 6.2 292.358
9 6.4 291.991
9 6.6 291.65
9 6.8 291.334
9 7 291.041
9 7.2 290.772
9 7.4 290.524
9 7.6 290.298
9 7.8 290.093
9 8 289.908
9 8.2 289.743
9 8.4 289.597
9 8.6 289.47
9 8.8 289.362
9 9 289.272
9 9.2 289.201
9 9.4 289.147
9 9.6 289.112
9 9.8 289.094
9 10 289.094
9.2 0 298.304
9.2 0.2 298.304
9.2 0.4 298.347
9.2 0.6 298.431
9.2 0.8 298.555
9.2 1 298.72
9.2 1.2 298.924
9.2 1.4 299.165
9.2 1.6 299.436
9.2 1.8 299.727
9.2 2 300.011
9.2 2.2 300.245
9.2 2.4 300.404
9.2 2.6 300.474
9.2 2.8 300.451
9.2 3 300.331
9.2 3.2 300.115
9.2 3.4 299.801
9.2 3.6 299.392
9.2 3.8 298.893
9.2 4 298.316
9.2 4.2 297.684
9.2 4.4 297.041
9.2 4.6 296.413
9.2 4.8 295.808
9.2 5 295.234
9.2 5.2 294.69
9.2 5.4 294.177
9.2 5.6 293.695
9.2 5.8 293.242
9.2 6 292.818
9.2 6.2 292.422
9.2 6.4 292.053
9.2 6.6 291.709
9.2 6.8 291.389
9.2 7 291.094
9.2 7.2 290.822
9.2 7.4 290.572
9.2 7.6 290.343
9.2 7.8 290.136
9.2 8 289.949
9.2 8.2 289.782
9.2 8.4 289.635
9.2 8.6 289.507
9.2 8.8 289.397
9.2 9 289.307
9.2 9.2 289.234
9.2 9.4 289.18
9.2 9.6 289.144
9.2 9.8 289.127
9.2 10 289.127
9.4 0 298.386
9.4 0.2 298.386
9.4 0.4 298.427
9.4 0.6 298.507
9.4 0.8 298.624
9.4 1 298.777
9.4 1.2 298.962
9.4 1.4 299.175
9.4 1.6 299.407
9.4 1.8 299.645
9.4 2 299.867
9.4 2.2 300.049
9.4 2.4 300.168
9.4 2.6 300.214
9.4 2.8 300.176
9.4 3 300.051
9.4 3.2 299.837
9.4 3.4 299.536
9.4 3.6 299.15
9.4 3.8 298.687
9.4 4 298.16
9.4 4.2 297.588
9.4 4.4 296.996
9.4 4.6 296.404
9.4 4.8 295.825
9.4 5 295.266
9.4 5.2 294.732
9.4 5.4 294.224
9.4 5.6 293.744
9.4 5.8 293.292
9.4 6 292.868
9.4 6.2 292.47
9.4 6.4 292.099
9.4 6.6 291.752
9.4 6.8 291.431
9.4 7 291.134
9.4 7.2 290.859
9.4 7.4 290.607
9.4 7.6 290.377
9.4 7.8 290.168
9.4 8 289.98
9.4 8.2 289.812
9.4 8.4 289.663
9.4 8.6 289.534
9.4 8.8 289.424
9.4 9 289.333
9.4 9.2 289.26
9.4 9.4 289.205
9.4 9.6 289.169
9.4 9.8 289.151
9.4 10 289.151
9.6 0 298.44
9.6 0.2 298.44
9.6 0.4 298.48
9.6 0.6 298.556
9.6 0.8 298.667
9.6 1 298.811
9.6 1.2 298.983
9.6 1.4 299.176
9.6 1.6 299.382
9.6 1.8 299.587
9.6 2 299.774
9.6 2.2 299.923
9.6 2.4 300.018
9.6 2.6 300.045
9.6 2.8 299.998
9.6 3 299.869
9.6 3.2 299.658
9.6 3.4 299.365
9.6 3.6 298.995
9.6 3.8 298.556
9.6 4 298.059
9.6 4.2 297.521
9.6 4.4 296.96
9.6 4.6 296.393
9.6 4.8 295.831
9.6 5 295.284
9.6 5.2 294.757
9.6 5.4 294.254
9.6 5.6 293.776
9.6 5.8 293.325
9.6 6 292.9
9.6 6.2 292.502
9.6 6.4 292.129
9.6 6.6 291.782
9.6 6.8 291.459
9.6 7 291.16
9.6 7.2 290.884
9.6 7.4 290.631
9.6 7.6 290.4
9.6 7.8 290.19
9.6 8 290
9.6 8.2 289.831
9.6 8.4 289.682
9.6 8.6 289.552
9.6 8.8 289.442
9.6 9 289.35
9.6 9.2 289.277
9.6 9.4 289.222
9.6 9.6 289.186
9.6 9.8 289.168
9.6 10 289.168
9.8 0 298.467
9.8 0.2 298.467
9.8 0.4 298.505
9.8 0.6 298.579
9.8 0.8 298.688
9.8 1 298.827
9.8 1.2 298.992
9.8 1.4 299.175
9.8 1.6 299.368
9.8 1.8 299.558
9.8 2 299.728
9.8 2.2 299.862
9.8 2.4 299.944
9.8 2.6 299.963
9.8 2.8 299.91
9.8 3 299.779
9.8 3.2 299.569
9.8 3.4 299.281
9.8 3.6 298.919
9.8 3.8 298.491
9.8 4 298.009
9.8 4.2 297.487
9.8 4.4 296.941
9.8 4.6 296.385
9.8 4.8 295.833
9.8 5 295.292
9.8 5.2 294.769
9.8 5.4 294.269
9.8 5.6 293.792
9.8 5.8 293.341
9.8 6 292.916
9.8 6.2 292.517
9.8 6.4 292.144
9.8 6.6 291.796
9.8 6.8 291.473
9.8 7 291.173
9.8 7.2 290.897
9.8 7.4 290.643
9.8 7.6 290.411
9.8 7.8 290.2
9.8 8 290.011
9.8 8.2 289.841
9.8 8.4 289.692
9.8 8.6 289.562
9.8 8.8 289.451
9.8 9 289.359
9.8 9.2 289.285
9.8 9.4 289.23
9.8 9.6 289.194
9.8 9.8 289.176
9.8 10 289.176
10 0 298.467
10 0.2 298.467
10 0.4 298.505
10 0.6 298.579
10 0.8 298.688
10 1 298.827
10 1.2 298.992
10 1.4 299.175
10 1.6 299.368
10 1.8 299.558
10 2 299.728
10 2.2 299.862
10 2.4 299.944
10 2.6 299.963
10 2.8 299.91
10 3 299.779
10 3.2 299.569
10 3.4 299.281
10 3.6 298.919
10 3.8 298.491
10 4 298.009
10 4.2 297.487
10 4.4 296.941
10 4.6 296.385
10 4.8 295.833
10 5 295.292
10 5.2 294.769
10 5.4 294.269
10 5.6 293.792
10 5.8 293.341
10 6 292.916
10 6.2 292.517
10 6.4 292.144
10 6.6 291.796
10 6.8 291.473
10 7 291.173
10 7.2 290.897
10 7.4 290.643
10 7.6 290.411
10 7.8 290.2
10 8 290.011
10 8.2 289.841
10 8.4 289.692
10 8.6 289.562
10 8.8 289.451
10 9 289.359
10 9.2 289.285
10 9.4 289.23
10 9.6 289.194
10 9.8 289.176
10 10 289.176
