0 0 273.179
0 0.2 273.179
0 0.4 273.18
0 0.6 273.181
0 0.8 273.182
0 1 273.183
0 1.2 273.183
0 1.4 273.183
0 1.6 273.184
0 1.8 273.183
0 2 273.183
0 2.2 273.182
0 2.4 273.181
0 2.6 273.18
0 2.8 273.178
0 3 273.176
0 3.2 273.173
0 3.4 273.17
0 3.6 273.167
0 3.8 273.163
0 4 273.159
0 4.2 273.154
0 4.4 273.15
0 4.6 273.144
0 4.8 273.139
0 5 273.134
0 5.2 273.128
0 5.4 273.122
0 5.6 273.116
0 5.8 273.11
0 6 273.104
0 6.2 273.098
0 6.4 273.092
0 6.6 273.086
0 6.8 273.08
0 7 273.074
0 7.2 273.069
0 7.4 273.064
0 7.6 273.059
0 7.8 273.055
0 8 273.051
0 8.2 273.047
0 8.4 273.044
0 8.6 273.041
0 8.8 273.038
0 9 273.036
0 9.2 273.034
0 9.4 273.033
0 9.6 273.032
0 9.8 273.032
0 10 273.032
0.2 0 273.179
0.2 0.2 273.179
0.2 0.4 273.18
0.2 0.6 273.181
0.2 0.8 273.182
0.2 1 273.183
0.2 1.2 273.183
0.2 1.4 273.183
0.2 1.6 273.184
0.2 1.8 273.183
0.2 2 273.183
0.2 2.2 273.182
0.2 2.4 273.181
0.2 2.6 273.18
0.2 2.8 273.178
0.2 3 273.176
0.2 3.2 273.173
0.2 3.4 273.17
0.2 3.6 273.167
0.2 3.8 273.163
0.2 4 273.159
0.2 4.2 273.154
0.2 4.4 273.15
0.2 4.6 273.144
0.2 4.8 273.139
0.2 5 273.134
0.2 5.2 273.128
0.2 5.4 273.122
0.2 5.6 273.116
0.2 5.8 273.11
0.2 6 273.104
0.2 6.2 273.098
0.2 6.4 273.092
0.2 6.6 273.086
0.2 6.8 273.08
0.2 7 273.074
0.2 7.2 273.069
0.2 7.4 273.064
0.2 7.6 273.059
0.2 7.8 273.055
0.2 8 273.051
0.2 8.2 273.047
0.2 8.4 273.044
0.2 8.6 273.041
0.2 8.8 273.038
0.2 9 273.036
0.2 9.2 273.034
0.2 9.4 273.033
0.2 9.6 273.032
0.2 9.8 273.032
0.2 10 273.032
0.4 0 273.185
0.4 0.2 273.185
0.4 0.4 273.186
0.4 0.6 273.187
0.4 0.8 273.188
0.4 1 273.189
0.4 1.2 273.189
0.4 1.4 273.19
0.4 1.6 273.19
0.4 1.8 273.19
0.4 2 273.189
0.4 2.2 273.188
0.4 2.4 273.187
0.4 2.6 273.186
0.4 2.8 273.184
0.4 3 273.182
0.4 3.2 273.179
0.4 3.4 273.176
0.4 3.6 273.172
0.4 3.8 273.168
0.4 4 273.164
0.4 4.2 273.159
0.4 4.4 273.154
0.4 4.6 273.149
0.4 4.8 273.144
0.4 5 273.138
0.4 5.2 273.132
0.4 5.4 273.126
0.4 5.6 273.119
0.4 5.8 273.113
0.4 6 273.107
0.4 6.2 273.101
0.4 6.4 273.094
0.4 6.6 273.088
0.4 6.8 273.082
0.4 7 273.077
0.4 7.2 273.071
0.4 7.4 273.066
0.4 7.6 273.061
0.4 7.8 273.057
0.4 8 273.053
0.4 8.2 273.049
0.4 8.4 273.045
0.4 8.6 273.042
0.4 8.8 273.04
0.4 9 273.037
0.4 9.2 273.036
0.4 9.4 273.034
0.4 9.6 273.033
0.4 9.8 273.033
0.4 10 273.033
0.6 0 273.197
0.6 0.2 273.197
0.6 0.4 273.198
0.6 0.6 273.199
0.6 0.8 273.199
0.6 1 273.2
0.6 1.2 273.201
0.6 1.4 273.201
0.6 1.6 273.201
0.6 1.8 273.201
0.6 2 273.2
0.6 2.2 273.2
0.6 2.4 273.198
0.6 2.6 273.197
0.6 2.8 273.195
0.6 3 273.192
0.6 3.2 273.19
0.6 3.4 273.186
0.6 3.6 273.183
0.6 3.8 273.178
0.6 4 273.174
0.6 4.2 273.169
0.6 4.4 273.164
0.6 4.6 273.158
0.6 4.8 273.152
0.6 5 273.146
0.6 5.2 273.139
0.6 5.4 273.133
0.6 5.6 273.126
0.6 5.8 273.12
0.6 6 273.113
0.6 6.2 273.106
0.6 6.4 273.1
0.6 6.6 273.093
0.6 6.8 273.087
0.6 7 273.081
0.6 7.2 273.075
0.6 7.4 273.07
0.6 7.6 273.065
0.6 7.8 273.06
0.6 8 273.055
0.6 8.2 273.051
0.6 8.4 273.048
0.6 8.6 273.044
0.6 8.8 273.042
0.6 9 273.039
0.6 9.2 273.037
0.6 9.4 273.036
0.6 9.6 273.035
0.6 9.8 273.035
0.6 10 273.035
0.8 0 273.214
0.8 0.2 273.214
0.8 0.4 273.215
0.8 0.6 273.216
0.8 0.8 273.216
0.8 1 273.217
0.8 1.2 273.218
0.8 1.4 273.218
0.8 1.6 273.218
0.8 1.8 273.218
0.8 2 273.217
0.8 2.2 273.216
0.8 2.4 273.215
0.8 2.6 273.213
0.8 2.8 273.211
0.8 3 273.208
0.8 3.2 273.205
0.8 3.4 273.202
0.8 3.6 273.198
0.8 3.8 273.193
0.8 4 273.188
0.8 4.2 273.183
0.8 4.4 273.177
0.8 4.6 273.171
0.8 4.8 273.164
0.8 5 273.158
0.8 5.2 273.151
0.8 5.4 273.144
0.8 5.6 273.136
0.8 5.8 273.129
0.8 6 273.122
0.8 6.2 273.115
0.8 6.4 273.108
0.8 6.6 273.101
0.8 6.8 273.094
0.8 7 273.087
0.8 7.2 273.081
0.8 7.4 273.075
0.8 7.6 273.07
0.8 7.8 273.064
0.8 8 273.06
0.8 8.2 273.055
0.8 8.4 273.051
0.8 8.6 273.048
0.8 8.8 273.045
0.8 9 273.042
0.8 9.2 273.04
0.8 9.4 273.039
0.8 9.6 273.038
0.8 9.8 273.037
0.8 10 273.037
1 0 273.236
1 0.2 273.236
1 0.4 273.237
1 0.6 273.238
1 0.8 273.239
1 1 273.24
1 1.2 273.24
1 1.4 273.241
1 1.6 273.241
1 1.8 273.24
1 2 273.24
1 2.2 273.239
1 2.4 273.237
1 2.6 273.235
1 2.8 273.233
1 3 273.23
1 3.2 273.226
1 3.4 273.222
1 3.6 273.218
1 3.8 273.213
1 4 273.207
1 4.2 273.201
1 4.4 273.195
1 4.6 273.188
1 4.8 273.181
1 5 273.173
1 5.2 273.166
1 5.4 273.158
1 5.6 273.15
1 5.8 273.142
1 6 273.134
1 6.2 273.126
1 6.4 273.118
1 6.6 273.11
1 6.8 273.103
1 7 273.096
1 7.2 273.089
1 7.4 273.082
1 7.6 273.076
1 7.8 273.071
1 8 273.065
1 8.2 273.06
1 8.4 273.056
1 8.6 273.052
1 8.8 273.049
1 9 273.046
1 9.2 273.044
1 9.4 273.042
1 9.6 273.041
1 9.8 273.041
1 10 273.041
1.2 0 273.264
1.2 0.2 273.264
1.2 0.4 273.266
1.2 0.6 273.267
1.2 0.8 273.268
1.2 1 273.269
1.2 1.2 273.269
1.2 1.4 273.269
1.2 1.6 273.269
1.2 1.8 273.269
1.2 2 273.268
1.2 2.2 273.267
1.2 2.4 273.265
1.2 2.6 273.263
1.2 2.8 273.261
1.2 3 273.257
1.2 3.2 273.253
1.2 3.4 273.249
1.2 3.6 273.244
1.2 3.8 273.238
1.2 4 273.232
1.2 4.2 273.225
1.2 4.4 273.218
1.2 4.6 273.21
1.2 4.8 273.202
1.2 5 273.194
1.2 5.2 273.185
1.2 5.4 273.176
1.2 5.6 273.167
1.2 5.8 273.158
1.2 6 273.149
1.2 6.2 273.14
1.2 6.4 273.131
1.2 6.6 273.123
1.2 6.8 273.114
1.2 7 273.106
1.2 7.2 273.099
1.2 7.4 273.091
1.2 7.6 273.085
1.2 7.8 273.078
1.2 8 273.072
1.2 8.2 273.067
1.2 8.4 273.062
1.2 8.6 273.058
1.2 8.8 273.054
1.2 9 273.051
1.2 9.2 273.049
1.2 9.4 273.047
1.2 9.6 273.046
1.2 9.8 273.045
1.2 10 273.045
1.4 0 273.299
1.4 0.2 273.299
1.4 0.4 273.301
1.4 0.6 273.302
1.4 0.8 273.303
1.4 1 273.304
1.4 1.2 273.304
1.4 1.4 273.305
1.4 1.6 273.305
1.4 1.8 273.304
1.4 2 273.303
1.4 2.2 273.302
1.4 2.4 273.3
1.4 2.6 273.298
1.4 2.8 273.294
1.4 3 273.291
1.4 3.2 273.286
1.4 3.4 273.281
1.4 3.6 273.275
1.4 3.8 273.269
1.4 4 273.261
1.4 4.2 273.254
1.4 4.4 273.245
1.4 4.6 273.237
1.4 4.8 273.228
1.4 5 273.218
1.4 5.2 273.208
1.4 5.4 273.198
1.4 5.6 273.188
1.4 5.8 273.178
1.4 6 273.168
1.4 6.2 273.157
1.4 6.4 273.147
1.4 6.6 273.138
1.4 6.8 273.128
1.4 7 273.119
1.4 7.2 273.111
1.4 7.4 273.102
1.4 7.6 273.095
1.4 7.8 273.087
1.4 8 273.081
1.4 8.2 273.075
1.4 8.4 273.069
1.4 8.6 273.065
1.4 8.8 273.06
1.4 9 273.057
1.4 9.2 273.054
1.4 9.4 273.052
1.4 9.6 273.051
1.4 9.8 273.05
1.4 10 273.05
1.6 0 273.341
1.6 0.2 273.341
1.6 0.4 273.342
1.6 0.6 273.344
1.6 0.8 273.345
1.6 1 273.346
1.6 1.2 273.346
1.6 1.4 273.347
1.6 1.6 273.347
1.6 1.8 273.346
1.6 2 273.345
1.6 2.2 273.344
1.6 2.4 273.341
1.6 2.6 273.339
1.6 2.8 273.335
1.6 3 273.331
1.6 3.2 273.325
1.6 3.4 273.319
1.6 3.6 273.313
1.6 3.8 273.305
1.6 4 273.297
1.6 4.2 273.288
1.6 4.4 273.279
1.6 4.6 273.269
1.6 4.8 273.258
1.6 5 273.247
1.6 5.2 273.236
1.6 5.4 273.225
1.6 5.6 273.213
1.6 5.8 273.201
1.6 6 273.19
1.6 6.2 273.178
1.6 6.4 273.167
1.6 6.6 273.156
1.6 6.8 273.145
1.6 7 273.134
1.6 7.2 273.125
1.6 7.4 273.115
1.6 7.6 273.107
1.6 7.8 273.098
1.6 8 273.091
1.6 8.2 273.084
1.6 8.4 273.078
1.6 8.6 273.073
1.6 8.8 273.068
1.6 9 273.064
1.6 9.2 273.061
1.6 9.4 273.058
1.6 9.6 273.057
1.6 9.8 273.056
1.6 10 273.056
1.8 0 273.39
1.8 0.2 273.39
1.8 0.4 273.391
1.8 0.6 273.393
1.8 0.8 273.394
1.8 1 273.395
1.8 1.2 273.396
1.8 1.4 273.396
1.8 1.6 273.396
1.8 1.8 273.396
1.8 2 273.395
1.8 2.2 273.393
1.8 2.4 273.39
1.8 2.6 273.387
1.8 2.8 273.383
1.8 3 273.378
1.8 3.2 273.372
1.8 3.4 273.365
1.8 3.6 273.357
1.8 3.8 273.349
1.8 4 273.339
1.8 4.2 273.329
1.8 4.4 273.318
1.8 4.6 273.306
1.8 4.8 273.294
1.8 5 273.282
1.8 5.2 273.269
1.8 5.4 273.256
1.8 5.6 273.242
1.8 5.8 273.229
1.8 6 273.215
1.8 6.2 273.202
1.8 6.4 273.189
1.8 6.6 273.176
1.8 6.8 273.164
1.8 7 273.152
1.8 7.2 273.141
1.8 7.4 273.13
1.8 7.6 273.12
1.8 7.8 273.111
1.8 8 273.103
1.8 8.2 273.095
1.8 8.4 273.088
1.8 8.6 273.082
1.8 8.8 273.076
1.8 9 273.072
1.8 9.2 273.068
1.8 9.4 273.066
1.8 9.6 273.064
1.8 9.8 273.063
1.8 10 273.063
2 0 273.447
2 0.2 273.447
2 0.4 273.449
2 0.6 273.45
2 0.8 273.452
2 1 273.453
2 1.2 273.454
2 1.4 273.454
2 1.6 273.454
2 1.8 273.453
2 2 273.452
2 2.2 273.45
2 2.4 273.447
2 2.6 273.443
2 2.8 273.439
2 3 273.433
2 3.2 273.426
2 3.4 273.418
2 3.6 273.409
2 3.8 273.399
2 4 273.388
2 4.2 273.376
2 4.4 273.364
2 4.6 273.35
2 4.8 273.336
2 5 273.322
2 5.2 273.307
2 5.4 273.292
2 5.6 273.276
2 5.8 273.261
2 6 273.245
2 6.2 273.23
2 6.4 273.215
2 6.6 273.2
2 6.8 273.186
2 7 273.173
2 7.2 273.16
2 7.4 273.148
2 7.6 273.136
2 7.8 273.126
2 8 273.116
2 8.2 273.107
2 8.4 273.099
2 8.6 273.092
2 8.8 273.086
2 9 273.081
2 9.2 273.077
2 9.4 273.074
2 9.6 273.072
2 9.8 273.071
2 10 273.071
2.2 0 273.513
2.2 0.2 273.513
2.2 0.4 273.514
2.2 0.6 273.516
2.2 0.8 273.518
2.2 1 273.519
2.2 1.2 273.52
2.2 1.4 273.521
2.2 1.6 273.521
2.2 1.8 273.52
2.2 2 273.519
2.2 2.2 273.516
2.2 2.4 273.513
2.2 2.6 273.509
2.2 2.8 273.503
2.2 3 273.497
2.2 3.2 273.489
2.2 3.4 273.48
2.2 3.6 273.469
2.2 3.8 273.458
2.2 4 273.445
2.2 4.2 273.431
2.2 4.4 273.417
2.2 4.6 273.401
2.2 4.8 273.385
2.2 5 273.368
2.2 5.2 273.351
2.2 5.4 273.333
2.2 5.6 273.315
2.2 5.8 273.297
2.2 6 273.279
2.2 6.2 273.262
2.2 6.4 273.245
2.2 6.6 273.228
2.2 6.8 273.212
2.2 7 273.196
2.2 7.2 273.181
2.2 7.4 273.168
2.2 7.6 273.154
2.2 7.8 273.142
2.2 8 273.131
2.2 8.2 273.121
2.2 8.4 273.112
2.2 8.6 273.104
2.2 8.8 273.097
2.2 9 273.092
2.2 9.2 273.087
2.2 9.4 273.083
2.2 9.6 273.081
2.2 9.8 273.08
2.2 10 273.08
2.4 0 273.588
2.4 0.2 273.588
2.4 0.4 273.59
2.4 0.6 273.592
2.4 0.8 273.594
2.4 1 273.595
2.4 1.2 273.596
2.4 1.4 273.597
2.4 1.6 273.597
2.4 1.8 273.596
2.4 2 273.595
2.4 2.2 273.592
2.4 2.4 273.589
2.4 2.6 273.584
2.4 2.8 273.577
2.4 3 273.57
2.4 3.2 273.561
2.4 3.4 273.55
2.4 3.6 273.538
2.4 3.8 273.525
2.4 4 273.51
2.4 4.2 273.494
2.4 4.4 273.477
2.4 4.6 273.459
2.4 4.8 273.44
2.4 5 273.421
2.4 5.2 273.401
2.4 5.4 273.38
2.4 5.6 273.36
2.4 5.8 273.339
2.4 6 273.318
2.4 6.2 273.298
2.4 6.4 273.278
2.4 6.6 273.259
2.4 6.8 273.241
2.4 7 273.223
2.4 7.2 273.206
2.4 7.4 273.19
2.4 7.6 273.175
2.4 7.8 273.161
2.4 8 273.148
2.4 8.2 273.137
2.4 8.4 273.127
2.4 8.6 273.118
2.4 8.8 273.11
2.4 9 273.103
2.4 9.2 273.098
2.4 9.4 273.094
2.4 9.6 273.091
2.4 9.8 273.09
2.4 10 273.09
2.6 0 273.673
2.6 0.2 273.673
2.6 0.4 273.676
2.6 0.6 273.678
2.6 0.8 273.68
2.6 1 273.682
2.6 1.2 273.683
2.6 1.4 273.684
2.6 1.6 273.684
2.6 1.8 273.683
2.6 2 273.682
2.6 2.2 273.679
2.6 2.4 273.675
2.6 2.6 273.669
2.6 2.8 273.662
2.6 3 273.653
2.6 3.2 273.643
2.6 3.4 273.63
2.6 3.6 273.617
2.6 3.8 273.601
2.6 4 273.584
2.6 4.2 273.566
2.6 4.4 273.546
2.6 4.6 273.525
2.6 4.8 273.503
2.6 5 273.481
2.6 5.2 273.458
2.6 5.4 273.434
2.6 5.6 273.41
2.6 5.8 273.386
2.6 6 273.363
2.6 6.2 273.339
2.6 6.4 273.316
2.6 6.6 273.294
2.6 6.8 273.273
2.6 7 273.253
2.6 7.2 273.233
2.6 7.4 273.215
2.6 7.6 273.198
2.6 7.8 273.182
2.6 8 273.168
2.6 8.2 273.154
2.6 8.4 273.143
2.6 8.6 273.132
2.6 8.8 273.124
2.6 9 273.116
2.6 9.2 273.11
2.6 9.4 273.106
2.6 9.6 273.103
2.6 9.8 273.101
2.6 10 273.101
2.8 0 273.77
2.8 0.2 273.77
2.8 0.4 273.772
2.8 0.6 273.775
2.8 0.8 273.777
2.8 1 273.779
2.8 1.2 273.781
2.8 1.4 273.782
2.8 1.6 273.783
2.8 1.8 273.782
2.8 2 273.78
2.8 2.2 273.777
2.8 2.4 273.773
2.8 2.6 273.766
2.8 2.8 273.758
2.8 3 273.748
2.8 3.2 273.736
2.8 3.4 273.722
2.8 3.6 273.706
2.8 3.8 273.688
2.8 4 273.668
2.8 4.2 273.647
2.8 4.4 273.624
2.8 4.6 273.6
2.8 4.8 273.575
2.8 5 273.549
2.8 5.2 273.522
2.8 5.4 273.494
2.8 5.6 273.467
2.8 5.8 273.439
2.8 6 273.412
2.8 6.2 273.385
2.8 6.4 273.359
2.8 6.6 273.334
2.8 6.8 273.309
2.8 7 273.286
2.8 7.2 273.264
2.8 7.4 273.243
2.8 7.6 273.223
2.8 7.8 273.205
2.8 8 273.189
2.8 8.2 273.174
2.8 8.4 273.161
2.8 8.6 273.149
2.8 8.8 273.139
2.8 9 273.13
2.8 9.2 273.124
2.8 9.4 273.119
2.8 9.6 273.115
2.8 9.8 273.113
2.8 10 273.113
3 0 273.879
3 0.2 273.879
3 0.4 273.881
3 0.6 273.884
3 0.8 273.887
3 1 273.89
3 1.2 273.892
3 1.4 273.893
3 1.6 273.894
3 1.8 273.894
3 2 273.892
3 2.2 273.888
3 2.4 273.883
3 2.6 273.876
3 2.8 273.867
3 3 273.855
3 3.2 273.841
3 3.4 273.825
3 3.6 273.807
3 3.8 273.786
3 4 273.764
3 4.2 273.739
3 4.4 273.713
3 4.6 273.685
3 4.8 273.655
3 5 273.625
3 5.2 273.594
3 5.4 273.562
3 5.6 273.531
3 5.8 273.499
3 6 273.468
3 6.2 273.437
3 6.4 273.407
3 6.6 273.378
3 6.8 273.35
3 7 273.323
3 7.2 273.298
3 7.4 273.274
3 7.6 273.251
3 7.8 273.231
3 8 273.212
3 8.2 273.195
3 8.4 273.18
3 8.6 273.167
3 8.8 273.155
3 9 273.146
3 9.2 273.138
3 9.4 273.133
3 9.6 273.129
3 9.8 273.127
3 10 273.127
3.2 0 274.001
3.2 0.2 274.001
3.2 0.4 274.004
3.2 0.6 274.007
3.2 0.8 274.01
3.2 1 274.013
3.2 1.2 274.016
3.2 1.4 274.018
3.2 1.6 274.019
3.2 1.8 274.019
3.2 2 274.017
3.2 2.2 274.013
3.2 2.4 274.008
3.2 2.6 274
3.2 2.8 273.989
3.2 3 273.976
3.2 3.2 273.96
3.2 3.4 273.942
3.2 3.6 273.921
3.2 3.8 273.897
3.2 4 273.871
3.2 4.2 273.842
3.2 4.4 273.812
3.2 4.6 273.779
3.2 4.8 273.746
3.2 5 273.711
3.2 5.2 273.675
3.2 5.4 273.639
3.2 5.6 273.602
3.2 5.8 273.566
3.2 6 273.53
3.2 6.2 273.494
3.2 6.4 273.46
3.2 6.6 273.426
3.2 6.8 273.394
3.2 7 273.364
3.2 7.2 273.335
3.2 7.4 273.308
3.2 7.6 273.282
3.2 7.8 273.259
3.2 8 273.238
3.2 8.2 273.219
3.2 8.4 273.202
3.2 8.6 273.186
3.2 8.8 273.174
3.2 9 273.163
3.2 9.2 273.154
3.2 9.4 273.148
3.2 9.6 273.143
3.2 9.8 273.141
3.2 10 273.141
3.4 0 274.137
3.4 0.2 274.137
3.4 0.4 274.14
3.4 0.6 274.144
3.4 0.8 274.148
3.4 1 274.151
3.4 1.2 274.155
3.4 1.4 274.157
3.4 1.6 274.159
3.4 1.8 274.159
3.4 2 274.157
3.4 2.2 274.154
3.4 2.4 274.148
3.4 2.6 274.139
3.4 2.8 274.127
3.4 3 274.112
3.4 3.2 274.094
3.4 3.4 274.073
3.4 3.6 274.049
3.4 3.8 274.021
3.4 4 273.991
3.4 4.2 273.958
3.4 4.4 273.923
3.4 4.6 273.886
3.4 4.8 273.847
3.4 5 273.806
3.4 5.2 273.765
3.4 5.4 273.723
3.4 5.6 273.681
3.4 5.8 273.639
3.4 6 273.598
3.4 6.2 273.557
3.4 6.4 273.518
3.4 6.6 273.48
3.4 6.8 273.443
3.4 7 273.409
3.4 7.2 273.376
3.4 7.4 273.345
3.4 7.6 273.316
3.4 7.8 273.29
3.4 8 273.266
3.4 8.2 273.244
3.4 8.4 273.225
3.4 8.6 273.208
3.4 8.8 273.193
3.4 9 273.181
3.4 9.2 273.171
3.4 9.4 273.164
3.4 9.6 273.159
3.4 9.8 273.157
3.4 10 273.157
3.6 0 274.288
3.6 0.2 274.288
3.6 0.4 274.292
3.6 0.6 274.296
3.6 0.8 274.3
3.6 1 274.305
3.6 1.2 274.309
3.6 1.4 274.313
3.6 1.6 274.315
3.6 1.8 274.316
3.6 2 274.315
3.6 2.2 274.311
3.6 2.4 274.304
3.6 2.6 274.295
3.6 2.8 274.281
3.6 3 274.265
3.6 3.2 274.244
3.6 3.4 274.22
3.6 3.6 274.192
3.6 3.8 274.161
3.6 4 274.126
3.6 4.2 274.088
3.6 4.4 274.047
3.6 4.6 274.004
3.6 4.8 273.959
3.6 5 273.913
3.6 5.2 273.865
3.6 5.4 273.817
3.6 5.6 273.769
3.6 5.8 273.721
3.6 6 273.674
3.6 6.2 273.627
3.6 6.4 273.582
3.6 6.6 273.539
3.6 6.8 273.497
3.6 7 273.458
3.6 7.2 273.42
3.6 7.4 273.385
3.6 7.6 273.353
3.6 7.8 273.323
3.6 8 273.296
3.6 8.2 273.272
3.6 8.4 273.25
3.6 8.6 273.231
3.6 8.8 273.214
3.6 9 273.201
3.6 9.2 273.19
3.6 9.4 273.182
3.6 9.6 273.176
3.6 9.8 273.174
3.6 10 273.174
3.8 0 274.455
3.8 0.2 274.455
3.8 0.4 274.459
3.8 0.6 274.464
3.8 0.8 274.47
3.8 1 274.476
3.8 1.2 274.481
3.8 1.4 274.486
3.8 1.6 274.489
3.8 1.8 274.49
3.8 2 274.49
3.8 2.2 274.486
3.8 2.4 274.479
3.8 2.6 274.469
3.8 2.8 274.454
3.8 3 274.435
3.8 3.2 274.412
3.8 3.4 274.385
3.8 3.6 274.353
3.8 3.8 274.317
3.8 4 274.277
3.8 4.2 274.233
3.8 4.4 274.186
3.8 4.6 274.136
3.8 4.8 274.085
3.8 5 274.031
3.8 5.2 273.977
3.8 5.4 273.921
3.8 5.6 273.866
3.8 5.8 273.811
3.8 6 273.757
3.8 6.2 273.704
3.8 6.4 273.653
3.8 6.6 273.603
3.8 6.8 273.556
3.8 7 273.511
3.8 7.2 273.469
3.8 7.4 273.429
3.8 7.6 273.393
3.8 7.8 273.359
3.8 8 273.329
3.8 8.2 273.301
3.8 8.4 273.277
3.8 8.6 273.255
3.8 8.8 273.237
3.8 9 273.222
3.8 9.2 273.21
3.8 9.4 273.2
3.8 9.6 273.194
3.8 9.8 273.191
3.8 10 273.191
4 0 274.64
4 0.2 274.64
4 0.4 274.645
4 0.6 274.651
4 0.8 274.657
4 1 274.664
4 1.2 274.671
4 1.4 274.677
4 1.6 274.682
4 1.8 274.684
4 2 274.684
4 2.2 274.681
4 2.4 274.674
4 2.6 274.663
4 2.8 274.647
4 3 274.626
4 3.2 274.599
4 3.4 274.568
4 3.6 274.532
4 3.8 274.49
4 4 274.444
4 4.2 274.394
4 4.4 274.34
4 4.6 274.283
4 4.8 274.224
4 5 274.162
4 5.2 274.099
4 5.4 274.036
4 5.6 273.973
4 5.8 273.91
4 6 273.848
4 6.2 273.788
4 6.4 273.729
4 6.6 273.673
4 6.8 273.62
4 7 273.569
4 7.2 273.521
4 7.4 273.477
4 7.6 273.436
4 7.8 273.398
4 8 273.364
4 8.2 273.333
4 8.4 273.305
4 8.6 273.281
4 8.8 273.261
4 9 273.244
4 9.2 273.23
4 9.4 273.22
4 9.6 273.213
4 9.8 273.21
4 10 273.21
4.2 0 274.843
4.2 0.2 274.843
4.2 0.4 274.848
4.2 0.6 274.855
4.2 0.8 274.863
4.2 1 274.872
4.2 1.2 274.881
4.2 1.4 274.888
4.2 1.6 274.895
4.2 1.8 274.899
4.2 2 274.9
4.2 2.2 274.898
4.2 2.4 274.891
4.2 2.6 274.879
4.2 2.8 274.861
4.2 3 274.838
4.2 3.2 274.808
4.2 3.4 274.773
4.2 3.6 274.731
4.2 3.8 274.683
4.2 4 274.631
4.2 4.2 274.573
4.2 4.4 274.511
4.2 4.6 274.445
4.2 4.8 274.377
4.2 5 274.306
4.2 5.2 274.234
4.2 5.4 274.162
4.2 5.6 274.089
4.2 5.8 274.018
4.2 6 273.947
4.2 6.2 273.879
4.2 6.4 273.812
4.2 6.6 273.749
4.2 6.8 273.688
4.2 7 273.631
4.2 7.2 273.577
4.2 7.4 273.528
4.2 7.6 273.481
4.2 7.8 273.439
4.2 8 273.401
4.2 8.2 273.366
4.2 8.4 273.336
4.2 8.6 273.309
4.2 8.8 273.286
4.2 9 273.267
4.2 9.2 273.252
4.2 9.4 273.241
4.2 9.6 273.233
4.2 9.8 273.23
4.2 10 273.23
4.4 0 275.065
4.4 0.2 275.065
4.4 0.4 275.071
4.4 0.6 275.079
4.4 0.8 275.089
4.4 1 275.1
4.4 1.2 275.111
4.4 1.4 275.121
4.4 1.6 275.13
4.4 1.8 275.137
4.4 2 275.139
4.4 2.2 275.138
4.4 2.4 275.131
4.4 2.6 275.119
4.4 2.8 275.1
4.4 3 275.074
4.4 3.2 275.04
4.4 3.4 275
4.4 3.6 274.952
4.4 3.8 274.898
4.4 4 274.838
4.4 4.2 274.771
4.4 4.4 274.7
4.4 4.6 274.625
4.4 4.8 274.546
4.4 5 274.465
4.4 5.2 274.383
4.4 5.4 274.3
4.4 5.6 274.217
4.4 5.8 274.135
4.4 6 274.055
4.4 6.2 273.977
4.4 6.4 273.902
4.4 6.6 273.83
4.4 6.8 273.762
4.4 7 273.698
4.4 7.2 273.638
4.4 7.4 273.582
4.4 7.6 273.53
4.4 7.8 273.483
4.4 8 273.44
4.4 8.2 273.401
4.4 8.4 273.367
4.4 8.6 273.338
4.4 8.8 273.313
4.4 9 273.292
4.4 9.2 273.275
4.4 9.4 273.262
4.4 9.6 273.254
4.4 9.8 273.25
4.4 10 273.25
4.6 0 275.307
4.6 0.2 275.307
4.6 0.4 275.314
4.6 0.6 275.324
4.6 0.8 275.336
4.6 1 275.35
4.6 1.2 275.364
4.6 1.4 275.377
4.6 1.6 275.389
4.6 1.8 275.398
4.6 2 275.404
4.6 2.2 275.404
4.6 2.4 275.398
4.6 2.6 275.385
4.6 2.8 275.365
4.6 3 275.336
4.6 3.2 275.299
4.6 3.4 275.253
4.6 3.6 275.199
4.6 3.8 275.136
4.6 4 275.067
4.6 4.2 274.991
4.6 4.4 274.909
4.6 4.6 274.822
4.6 4.8 274.732
4.6 5 274.639
4.6 5.2 274.545
4.6 5.4 274.45
4.6 5.6 274.356
4.6 5.8 274.263
4.6 6 274.172
4.6 6.2 274.084
4.6 6.4 273.999
4.6 6.6 273.918
4.6 6.8 273.841
4.6 7 273.769
4.6 7.2 273.701
4.6 7.4 273.639
4.6 7.6 273.581
4.6 7.8 273.529
4.6 8 273.481
4.6 8.2 273.438
4.6 8.4 273.401
4.6 8.6 273.368
4.6 8.8 273.34
4.6 9 273.317
4.6 9.2 273.299
4.6 9.4 273.285
4.6 9.6 273.276
4.6 9.8 273.271
4.6 10 273.271
4.8 0 275.57
4.8 0.2 275.57
4.8 0.4 275.579
4.8 0.6 275.591
4.8 0.8 275.606
4.8 1 275.623
4.8 1.2 275.64
4.8 1.4 275.658
4.8 1.6 275.674
4.8 1.8 275.687
4.8 2 275.695
4.8 2.2 275.698
4.8 2.4 275.693
4.8 2.6 275.68
4.8 2.8 275.658
4.8 3 275.627
4.8 3.2 275.585
4.8 3.4 275.533
4.8 3.6 275.471
4.8 3.8 275.4
4.8 4 275.32
4.8 4.2 275.233
4.8 4.4 275.139
4.8 4.6 275.039
4.8 4.8 274.936
4.8 5 274.829
4.8 5.2 274.721
4.8 5.4 274.613
4.8 5.6 274.506
4.8 5.8 274.4
4.8 6 274.297
4.8 6.2 274.198
4.8 6.4 274.102
4.8 6.6 274.011
4.8 6.8 273.925
4.8 7 273.844
4.8 7.2 273.769
4.8 7.4 273.699
4.8 7.6 273.635
4.8 7.8 273.577
4.8 8 273.524
4.8 8.2 273.477
4.8 8.4 273.435
4.8 8.6 273.399
4.8 8.8 273.368
4.8 9 273.343
4.8 9.2 273.323
4.8 9.4 273.308
4.8 9.6 273.298
4.8 9.8 273.293
4.8 10 273.293
5 0 275.855
5 0.2 275.855
5 0.4 275.865
5 0.6 275.88
5 0.8 275.898
5 1 275.919
5 1.2 275.942
5 1.4 275.964
5 1.6 275.985
5 1.8 276.003
5 2 276.016
5 2.2 276.022
5 2.4 276.019
5 2.6 276.007
5 2.8 275.984
5 3 275.949
5 3.2 275.903
5 3.4 275.844
5 3.6 275.774
5 3.8 275.692
5 4 275.6
5 4.2 275.5
5 4.4 275.392
5 4.6 275.277
5 4.8 275.158
5 5 275.037
5 5.2 274.913
5 5.4 274.79
5 5.6 274.668
5 5.8 274.548
5 6 274.432
5 6.2 274.32
5 6.4 274.212
5 6.6 274.11
5 6.8 274.014
5 7 273.924
5 7.2 273.84
5 7.4 273.762
5 7.6 273.691
5 7.8 273.627
5 8 273.568
5 8.2 273.516
5 8.4 273.471
5 8.6 273.431
5 8.8 273.397
5 9 273.37
5 9.2 273.347
5 9.4 273.331
5 9.6 273.32
5 9.8 273.314
5 10 273.314
5.2 0 276.162
5.2 0.2 276.162
5.2 0.4 276.174
5.2 0.6 276.191
5.2 0.8 276.214
5.2 1 276.241
5.2 1.2 276.269
5.2 1.4 276.299
5.2 1.6 276.326
5.2 1.8 276.35
5.2 2 276.368
5.2 2.2 276.379
5.2 2.4 276.379
5.2 2.6 276.368
5.2 2.8 276.344
5.2 3 276.307
5.2 3.2 276.255
5.2 3.4 276.188
5.2 3.6 276.108
5.2 3.8 276.015
5.2 4 275.909
5.2 4.2 275.794
5.2 4.4 275.669
5.2 4.6 275.538
5.2 4.8 275.401
5.2 5 275.262
5.2 5.2 275.121
5.2 5.4 274.981
5.2 5.6 274.842
5.2 5.8 274.707
5.2 6 274.575
5.2 6.2 274.449
5.2 6.4 274.328
5.2 6.6 274.214
5.2 6.8 274.107
5.2 7 274.006
5.2 7.2 273.913
5.2 7.4 273.827
5.2 7.6 273.749
5.2 7.8 273.678
5.2 8 273.614
5.2 8.2 273.557
5.2 8.4 273.507
5.2 8.6 273.464
5.2 8.8 273.427
5.2 9 273.396
5.2 9.2 273.372
5.2 9.4 273.354
5.2 9.6 273.342
5.2 9.8 273.336
5.2 10 273.336
5.4 0 276.491
5.4 0.2 276.491
5.4 0.4 276.505
5.4 0.6 276.526
5.4 0.8 276.555
5.4 1 276.588
5.4 1.2 276.624
5.4 1.4 276.662
5.4 1.6 276.698
5.4 1.8 276.73
5.4 2 276.755
5.4 2.2 276.772
5.4 2.4 276.777
5.4 2.6 276.768
5.4 2.8 276.743
5.4 3 276.703
5.4 3.2 276.645
5.4 3.4 276.57
5.4 3.6 276.478
5.4 3.8 276.371
5.4 4 276.25
5.4 4.2 276.117
5.4 4.4 275.973
5.4 4.6 275.822
5.4 4.8 275.666
5.4 5 275.506
5.4 5.2 275.346
5.4 5.4 275.186
5.4 5.6 275.028
5.4 5.8 274.875
5.4 6 274.727
5.4 6.2 274.585
5.4 6.4 274.45
5.4 6.6 274.323
5.4 6.8 274.203
5.4 7 274.092
5.4 7.2 273.989
5.4 7.4 273.895
5.4 7.6 273.808
5.4 7.8 273.73
5.4 8 273.66
5.4 8.2 273.598
5.4 8.4 273.543
5.4 8.6 273.496
5.4 8.8 273.456
5.4 9 273.423
5.4 9.2 273.397
5.4 9.4 273.377
5.4 9.6 273.364
5.4 9.8 273.358
5.4 10 273.358
5.6 0 276.843
5.6 0.2 276.843
5.6 0.4 276.859
5.6 0.6 276.885
5.6 0.8 276.92
5.6 1 276.961
5.6 1.2 277.007
5.6 1.4 277.055
5.6 1.6 277.102
5.6 1.8 277.145
5.6 2 277.18
5.6 2.2 277.204
5.6 2.4 277.215
5.6 2.6 277.209
5.6 2.8 277.185
5.6 3 277.141
5.6 3.2 277.077
5.6 3.4 276.992
5.6 3.6 276.887
5.6 3.8 276.764
5.6 4 276.625
5.6 4.2 276.471
5.6 4.4 276.306
5.6 4.6 276.132
5.6 4.8 275.952
5.6 5 275.77
5.6 5.2 275.586
5.6 5.4 275.405
5.6 5.6 275.227
5.6 5.8 275.054
5.6 6 274.887
5.6 6.2 274.728
5.6 6.4 274.578
5.6 6.6 274.436
5.6 6.8 274.303
5.6 7 274.18
5.6 7.2 274.067
5.6 7.4 273.963
5.6 7.6 273.869
5.6 7.8 273.783
5.6 8 273.707
5.6 8.2 273.639
5.6 8.4 273.58
5.6 8.6 273.528
5.6 8.8 273.485
5.6 9 273.449
5.6 9.2 273.421
5.6 9.4 273.4
5.6 9.6 273.386
5.6 9.8 273.379
5.6 10 273.379
5.8 0 277.216
5.8 0.2 277.216
5.8 0.4 277.235
5.8 0.6 277.267
5.8 0.8 277.309
5.8 1 277.361
5.8 1.2 277.419
5.8 1.4 277.48
5.8 1.6 277.541
5.8 1.8 277.597
5.8 2 277.644
5.8 2.2 277.679
5.8 2.4 277.697
5.8 2.6 277.697
5.8 2.8 277.674
5.8 3 277.627
5.8 3.2 277.556
5.8 3.4 277.46
5.8 3.6 277.34
5.8 3.8 277.198
5.8 4 277.037
5.8 4.2 276.859
5.8 4.4 276.669
5.8 4.6 276.469
5.8 4.8 276.262
5.8 5 276.053
5.8 5.2 275.844
5.8 5.4 275.638
5.8 5.6 275.436
5.8 5.8 275.241
5.8 6 275.054
5.8 6.2 274.877
5.8 6.4 274.709
5.8 6.6 274.552
5.8 6.8 274.406
5.8 7 274.27
5.8 7.2 274.146
5.8 7.4 274.032
5.8 7.6 273.929
5.8 7.8 273.836
5.8 8 273.753
5.8 8.2 273.679
5.8 8.4 273.615
5.8 8.6 273.56
5.8 8.8 273.513
5.8 9 273.475
5.8 9.2 273.444
5.8 9.4 273.422
5.8 9.6 273.407
5.8 9.8 273.399
5.8 10 273.399
6 0 277.609
6 0.2 277.609
6 0.4 277.632
6 0.6 277.671
6 0.8 277.723
6 1 277.788
6 1.2 277.86
6 1.4 277.938
6 1.6 278.015
6 1.8 278.088
6 2 278.151
6 2.2 278.2
6 2.4 278.229
6 2.6 278.235
6 2.8 278.215
6 3 278.165
6 3.2 278.086
6 3.4 277.977
6 3.6 277.84
6 3.8 277.677
6 4 277.49
6 4.2 277.284
6 4.4 277.064
6 4.6 276.833
6 4.8 276.596
6 5 276.356
6 5.2 276.118
6 5.4 275.884
6 5.6 275.656
6 5.8 275.437
6 6 275.228
6 6.2 275.03
6 6.4 274.844
6 6.6 274.671
6 6.8 274.51
6 7 274.361
6 7.2 274.225
6 7.4 274.101
6 7.6 273.989
6 7.8 273.888
6 8 273.798
6 8.2 273.719
6 8.4 273.65
6 8.6 273.59
6 8.8 273.54
6 9 273.499
6 9.2 273.467
6 9.4 273.442
6 9.6 273.426
6 9.8 273.418
6 10 273.418
6.2 0 278.022
6.2 0.2 278.022
6.2 0.4 278.049
6.2 0.6 278.096
6.2 0.8 278.16
6.2 1 278.24
6.2 1.2 278.331
6.2 1.4 278.428
6.2 1.6 278.527
6.2 1.8 278.622
6.2 2 278.705
6.2 2.2 278.772
6.2 2.4 278.815
6.2 2.6 278.83
6.2 2.8 278.814
6.2 3 278.762
6.2 3.2 278.674
6.2 3.4 278.551
6.2 3.6 278.393
6.2 3.8 278.204
6.2 4 277.987
6.2 4.2 277.749
6.2 4.4 277.493
6.2 4.6 277.226
6.2 4.8 276.953
6.2 5 276.679
6.2 5.2 276.408
6.2 5.4 276.142
6.2 5.6 275.886
6.2 5.8 275.64
6.2 6 275.407
6.2 6.2 275.187
6.2 6.4 274.981
6.2 6.6 274.79
6.2 6.8 274.613
6.2 7 274.451
6.2 7.2 274.303
6.2 7.4 274.168
6.2 7.6 274.047
6.2 7.8 273.938
6.2 8 273.841
6.2 8.2 273.756
6.2 8.4 273.682
6.2 8.6 273.619
6.2 8.8 273.566
6.2 9 273.522
6.2 9.2 273.487
6.2 9.4 273.461
6.2 9.6 273.444
6.2 9.8 273.436
6.2 10 273.436
6.4 0 278.451
6.4 0.2 278.451
6.4 0.4 278.483
6.4 0.6 278.539
6.4 0.8 278.618
6.4 1 278.717
6.4 1.2 278.83
6.4 1.4 278.952
6.4 1.6 279.078
6.4 1.8 279.2
6.4 2 279.309
6.4 2.2 279.398
6.4 2.4 279.46
6.4 2.6 279.488
6.4 2.8 279.477
6.4 3 279.424
6.4 3.2 279.327
6.4 3.4 279.186
6.4 3.6 279.004
6.4 3.8 278.784
6.4 4 278.532
6.4 4.2 278.254
6.4 4.4 277.957
6.4 4.6 277.649
6.4 4.8 277.335
6.4 5 277.021
6.4 5.2 276.712
6.4 5.4 276.412
6.4 5.6 276.123
6.4 5.8 275.848
6.4 6 275.589
6.4 6.2 275.346
6.4 6.4 275.119
6.4 6.6 274.909
6.4 6.8 274.716
6.4 7 274.539
6.4 7.2 274.378
6.4 7.4 274.233
6.4 7.6 274.102
6.4 7.8 273.986
6.4 8 273.882
6.4 8.2 273.791
6.4 8.4 273.713
6.4 8.6 273.645
6.4 8.8 273.589
6.4 9 273.542
6.4 9.2 273.506
6.4 9.4 273.478
6.4 9.6 273.461
6.4 9.8 273.452
6.4 10 273.452
6.6 0 278.892
6.6 0.2 278.892
6.6 0.4 278.931
6.6 0.6 278.999
6.6 0.8 279.095
6.6 1 279.215
6.6 1.2 279.355
6.6 1.4 279.509
6.6 1.6 279.668
6.6 1.8 279.824
6.6 2 279.967
6.6 2.2 280.086
6.6 2.4 280.172
6.6 2.6 280.216
6.6 2.8 280.214
6.6 3 280.159
6.6 3.2 280.051
6.6 3.4 279.891
6.6 3.6 279.68
6.6 3.8 279.424
6.6 4 279.129
6.6 4.2 278.804
6.6 4.4 278.458
6.6 4.6 278.1
6.6 4.8 277.738
6.6 5 277.379
6.6 5.2 277.028
6.6 5.4 276.689
6.6 5.6 276.366
6.6 5.8 276.059
6.6 6 275.772
6.6 6.2 275.503
6.6 6.4 275.255
6.6 6.6 275.025
6.6 6.8 274.815
6.6 7 274.624
6.6 7.2 274.45
6.6 7.4 274.294
6.6 7.6 274.154
6.6 7.8 274.029
6.6 8 273.919
6.6 8.2 273.823
6.6 8.4 273.74
6.6 8.6 273.669
6.6 8.8 273.609
6.6 9 273.56
6.6 9.2 273.522
6.6 9.4 273.493
6.6 9.6 273.474
6.6 9.8 273.465
6.6 10 273.465
6.8 0 279.343
6.8 0.2 279.343
6.8 0.4 279.388
6.8 0.6 279.47
6.8 0.8 279.586
6.8 1 279.733
6.8 1.2 279.905
6.8 1.4 280.097
6.8 1.6 280.298
6.8 1.8 280.497
6.8 2 280.683
6.8 2.2 280.84
6.8 2.4 280.957
6.8 2.6 281.024
6.8 2.8 281.033
6.8 3 280.978
6.8 3.2 280.859
6.8 3.4 280.675
6.8 3.6 280.429
6.8 3.8 280.129
6.8 4 279.782
6.8 4.2 279.4
6.8 4.4 278.996
6.8 4.6 278.58
6.8 4.8 278.163
6.8 5 277.752
6.8 5.2 277.354
6.8 5.4 276.973
6.8 5.6 276.611
6.8 5.8 276.271
6.8 6 275.953
6.8 6.2 275.658
6.8 6.4 275.386
6.8 6.6 275.137
6.8 6.8 274.91
6.8 7 274.703
6.8 7.2 274.517
6.8 7.4 274.35
6.8 7.6 274.201
6.8 7.8 274.069
6.8 8 273.952
6.8 8.2 273.851
6.8 8.4 273.763
6.8 8.6 273.688
6.8 8.8 273.626
6.8 9 273.575
6.8 9.2 273.535
6.8 9.4 273.505
6.8 9.6 273.485
6.8 9.8 273.476
6.8 10 273.476
7 0 279.797
7 0.2 279.797
7 0.4 279.85
7 0.6 279.947
7 0.8 280.087
7 1 280.264
7 1.2 280.475
7 1.4 280.713
7 1.6 280.966
7 1.8 281.222
7 2 281.463
7 2.2 281.672
7 2.4 281.83
7 2.6 281.926
7 2.8 281.95
7 3 281.897
7 3.2 281.764
7 3.4 281.552
7 3.6 281.265
7 3.8 280.91
7 4 280.499
7 4.2 280.047
7 4.4 279.571
7 4.6 279.085
7 4.8 278.604
7 5 278.135
7 5.2 277.685
7 5.4 277.257
7 5.6 276.854
7 5.8 276.478
7 6 276.129
7 6.2 275.807
7 6.4 275.511
7 6.6 275.242
7 6.8 274.997
7 7 274.776
7 7.2 274.577
7 7.4 274.399
7 7.6 274.241
7 7.8 274.102
7 8 273.979
7 8.2 273.873
7 8.4 273.781
7 8.6 273.704
7 8.8 273.639
7 9 273.586
7 9.2 273.544
7 9.4 273.514
7 9.6 273.493
7 9.8 273.483
7 10 273.483
7.2 0 280.249
7.2 0.2 280.249
7.2 0.4 280.311
7.2 0.6 280.425
7.2 0.8 280.59
7.2 1 280.803
7.2 1.2 281.059
7.2 1.4 281.353
7.2 1.6 281.673
7.2 1.8 282.002
7.2 2 282.319
7.2 2.2 282.595
7.2 2.4 282.808
7.2 2.6 282.942
7.2 2.8 282.986
7.2 3 282.936
7.2 3.2 282.788
7.2 3.4 282.543
7.2 3.6 282.206
7.2 3.8 281.783
7.2 4 281.29
7.2 4.2 280.748
7.2 4.4 280.182
7.2 4.6 279.613
7.2 4.8 279.057
7.2 5 278.522
7.2 5.2 278.015
7.2 5.4 277.537
7.2 5.6 277.091
7.2 5.8 276.678
7.2 6 276.296
7.2 6.2 275.946
7.2 6.4 275.626
7.2 6.6 275.336
7.2 6.8 275.074
7.2 7 274.838
7.2 7.2 274.628
7.2 7.4 274.44
7.2 7.6 274.274
7.2 7.8 274.128
7.2 8 274
7.2 8.2 273.889
7.2 8.4 273.794
7.2 8.6 273.714
7.2 8.8 273.647
7.2 9 273.593
7.2 9.2 273.55
7.2 9.4 273.519
7.2 9.6 273.498
7.2 9.8 273.488
7.2 10 273.488
7.4 0 280.692
7.4 0.2 280.692
7.4 0.4 280.763
7.4 0.6 280.895
7.4 0.8 281.087
7.4 1 281.339
7.4 1.2 281.648
7.4 1.4 282.01
7.4 1.6 282.414
7.4 1.8 282.843
7.4 2 283.263
7.4 2.2 283.633
7.4 2.4 283.918
7.4 2.6 284.101
7.4 2.8 284.171
7.4 3 284.125
7.4 3.2 283.96
7.4 3.4 283.677
7.4 3.6 283.278
7.4 3.8 282.77
7.4 4 282.17
7.4 4.2 281.508
7.4 4.4 280.827
7.4 4.6 280.156
7.4 4.8 279.514
7.4 5 278.906
7.4 5.2 278.337
7.4 5.4 277.807
7.4 5.6 277.317
7.4 5.8 276.864
7.4 6 276.45
7.4 6.2 276.072
7.4 6.4 275.728
7.4 6.6 275.418
7.4 6.8 275.139
7.4 7 274.889
7.4 7.2 274.667
7.4 7.4 274.47
7.4 7.6 274.297
7.4 7.8 274.145
7.4 8 274.013
7.4 8.2 273.898
7.4 8.4 273.801
7.4 8.6 273.718
7.4 8.8 273.65
7.4 9 273.595
7.4 9.2 273.552
7.4 9.4 273.52
7.4 9.6 273.499
7.4 9.8 273.489
7.4 10 273.489
7.6 0 281.118
7.6 0.2 281.118
7.6 0.4 281.198
7.6 0.6 281.348
7.6 0.8 281.569
7.6 1 281.863
7.6 1.2 282.23
7.6 1.4 282.671
7.6 1.6 283.182
7.6 1.8 283.744
7.6 2 284.313
7.6 2.2 284.81
7.6 2.4 285.189
7.6 2.6 285.432
7.6 2.8 285.534
7.6 3 285.494
7.6 3.2 285.312
7.6 3.4 284.984
7.6 3.6 284.511
7.6 3.8 283.896
7.6 4 283.154
7.6 4.2 282.329
7.6 4.4 281.498
7.6 4.6 280.704
7.6 4.8 279.963
7.6 5 279.276
7.6 5.2 278.643
7.6 5.4 278.06
7.6 5.6 277.524
7.6 5.8 277.033
7.6 6 276.586
7.6 6.2 276.18
7.6 6.4 275.813
7.6 6.6 275.483
7.6 6.8 275.188
7.6 7 274.926
7.6 7.2 274.693
7.6 7.4 274.488
7.6 7.6 274.309
7.6 7.8 274.152
7.6 8 274.016
7.6 8.2 273.9
7.6 8.4 273.8
7.6 8.6 273.717
7.6 8.8 273.648
7.6 9 273.592
7.6 9.2 273.549
7.6 9.4 273.517
7.6 9.6 273.496
7.6 9.8 273.485
7.6 10 273.485
7.8 0 281.519
7.8 0.2 281.519
7.8 0.4 281.607
7.8 0.6 281.775
7.8 0.8 282.024
7.8 1 282.36
7.8 1.2 282.787
7.8 1.4 283.315
7.8 1.6 283.952
7.8 1.8 284.689
7.8 2 285.468
7.8 2.2 286.134
7.8 2.4 286.629
7.8 2.6 286.942
7.8 2.8 287.079
7.8 3 287.046
7.8 3.2 286.844
7.8 3.4 286.469
7.8 3.6 285.914
7.8 3.8 285.17
7.8 4 284.245
7.8 4.2 283.195
7.8 4.4 282.173
7.8 4.6 281.235
7.8 4.8 280.387
7.8 5 279.619
7.8 5.2 278.922
7.8 5.4 278.286
7.8 5.6 277.706
7.8 5.8 277.178
7.8 6 276.698
7.8 6.2 276.265
7.8 6.4 275.876
7.8 6.6 275.528
7.8 6.8 275.219
7.8 7 274.945
7.8 7.2 274.703
7.8 7.4 274.492
7.8 7.6 274.307
7.8 7.8 274.147
7.8 8 274.01
7.8 8.2 273.892
7.8 8.4 273.792
7.8 8.6 273.708
7.8 8.8 273.639
7.8 9 273.584
7.8 9.2 273.541
7.8 9.4 273.509
7.8 9.6 273.488
7.8 9.8 273.478
7.8 10 273.478
8 0 281.889
8 0.2 281.889
8 0.4 281.984
8 0.6 282.167
8 0.8 282.441
8 1 282.813
8 1.2 283.295
8 1.4 283.908
8 1.6 284.674
8 1.8 285.609
8 2 286.661
8 2.2 287.52
8 2.4 288.134
8 2.6 288.515
8 2.8 288.686
8 3 288.659
8 3.2 288.439
8 3.4 288.019
8 3.6 287.383
8 3.8 286.507
8 4 285.375
8 4.2 284.037
8 4.4 282.801
8 4.6 281.716
8 4.8 280.764
8 5 279.92
8 5.2 279.163
8 5.4 278.478
8 5.6 277.856
8 5.8 277.292
8 6 276.783
8 6.2 276.324
8 6.4 275.914
8 6.6 275.55
8 6.8 275.227
8 7 274.944
8 7.2 274.695
8 7.4 274.479
8 7.6 274.292
8 7.8 274.13
8 8 273.992
8 8.2 273.874
8 8.4 273.774
8 8.6 273.692
8 8.8 273.624
8 9 273.569
8 9.2 273.527
8 9.4 273.497
8 9.6 273.477
8 9.8 273.467
8 10 273.467
8.2 0 282.22
8.2 0.2 282.22
8.2 0.4 282.321
8.2 0.6 282.515
8.2 0.8 282.807
8.2 1 283.207
8.2 1.2 283.73
8.2 1.4 284.404
8.2 1.6 285.264
8.2 1.8 286.335
8.2 2 287.557
8.2 2.2 288.548
8.2 2.4 289.247
8.2 2.6 289.678
8.2 2.8 289.872
8.2 3 289.849
8.2 3.2 289.614
8.2 3.4 289.16
8.2 3.6 288.462
8.2 3.8 287.488
8.2 4 286.21
8.2 4.2 284.688
8.2 4.4 283.299
8.2 4.6 282.103
8.2 4.8 281.07
8.2 5 280.164
8.2 5.2 279.356
8.2 5.4 278.628
8.2 5.6 277.969
8.2 5.8 277.372
8.2 6 276.834
8.2 6.2 276.352
8.2 6.4 275.923
8.2 6.6 275.543
8.2 6.8 275.21
8.2 7 274.919
8.2 7.2 274.666
8.2 7.4 274.448
8.2 7.6 274.26
8.2 7.8 274.099
8.2 8 273.961
8.2 8.2 273.845
8.2 8.4 273.748
8.2 8.6 273.667
8.2 8.8 273.602
8.2 9 273.549
8.2 9.2 273.509
8.2 9.4 273.48
8.2 9.6 273.461
8.2 9.8 273.452
8.2 10 273.452
8.4 0 282.51
8.4 0.2 282.51
8.4 0.4 282.614
8.4 0.6 282.814
8.4 0.8 283.116
8.4 1 283.53
8.4 1.2 284.073
8.4 1.4 284.775
8.4 1.6 285.673
8.4 1.8 286.796
8.4 2 288.078
8.4 2.2 289.119
8.4 2.4 289.851
8.4 2.6 290.301
8.4 2.8 290.503
8.4 3 290.479
8.4 3.2 290.235
8.4 3.4 289.761
8.4 3.6 289.033
8.4 3.8 288.014
8.4 4 286.674
8.4 4.2 285.077
8.4 4.4 283.621
8.4 4.6 282.368
8.4 4.8 281.288
8.4 5 280.341
8.4 5.2 279.495
8.4 5.4 278.731
8.4 5.6 278.039
8.4 5.8 277.411
8.4 6 276.847
8.4 6.2 276.342
8.4 6.4 275.896
8.4 6.6 275.504
8.4 6.8 275.163
8.4 7 274.868
8.4 7.2 274.614
8.4 7.4 274.396
8.4 7.6 274.21
8.4 7.8 274.051
8.4 8 273.917
8.4 8.2 273.805
8.4 8.4 273.711
8.4 8.6 273.634
8.4 8.8 273.572
8.4 9 273.523
8.4 9.2 273.486
8.4 9.4 273.459
8.4 9.6 273.442
8.4 9.8 273.433
8.4 10 273.433
8.6 0 282.755
8.6 0.2 282.755
8.6 0.4 282.859
8.6 0.6 283.061
8.6 0.8 283.365
8.6 1 283.778
8.6 1.2 284.318
8.6 1.4 285.01
8.6 1.6 285.888
8.6 1.8 286.977
8.6 2 288.215
8.6 2.2 289.22
8.6 2.4 289.928
8.6 2.6 290.364
8.6 2.8 290.557
8.6 3 290.527
8.6 3.2 290.279
8.6 3.4 289.804
8.6 3.6 289.08
8.6 3.8 288.073
8.6 4 286.756
8.6 4.2 285.19
8.6 4.4 283.752
8.6 4.6 282.503
8.6 4.8 281.413
8.6 5 280.447
8.6 5.2 279.577
8.6 5.4 278.785
8.6 5.6 278.063
8.6 5.8 277.407
8.6 6 276.816
8.6 6.2 276.291
8.6 6.4 275.829
8.6 6.6 275.428
8.6 6.8 275.083
8.6 7 274.787
8.6 7.2 274.535
8.6 7.4 274.321
8.6 7.6 274.14
8.6 7.8 273.988
8.6 8 273.859
8.6 8.2 273.753
8.6 8.4 273.665
8.6 8.6 273.593
8.6 8.8 273.536
8.6 9 273.491
8.6 9.2 273.458
8.6 9.4 273.434
8.6 9.6 273.418
8.6 9.8 273.411
8.6 10 273.411
8.8 0 282.955
8.8 0.2 282.955
8.8 0.4 283.059
8.8 0.6 283.257
8.8 0.8 283.554
8.8 1 283.956
8.8 1.2 284.472
8.8 1.4 285.121
8.8 1.6 285.925
8.8 1.8 286.896
8.8 2 287.982
8.8 2.2 288.868
8.8 2.4 289.502
8.8 2.6 289.894
8.8 2.8 290.063
8.8 3 290.023
8.8 3.2 289.776
8.8 3.4 289.316
8.8 3.6 288.626
8.8 3.8 287.683
8.8 4 286.473
8.8 4.2 285.046
8.8 4.4 283.712
8.8 4.6 282.519
8.8 4.8 281.453
8.8 5 280.488
8.8 5.2 279.605
8.8 5.4 278.79
8.8 5.6 278.04
8.8 5.8 277.355
8.8 6 276.737
8.8 6.2 276.19
8.8 6.4 275.716
8.8 6.6 275.309
8.8 6.8 274.964
8.8 7 274.673
8.8 7.2 274.428
8.8 7.4 274.222
8.8 7.6 274.05
8.8 7.8 273.906
8.8 8 273.787
8.8 8.2 273.688
8.8 8.4 273.607
8.8 8.6 273.543
8.8 8.8 273.492
8.8 9 273.453
8.8 9.2 273.425
8.8 9.4 273.405
8.8 9.6 273.393
8.8 9.8 273.387
8.8 10 273.387
9 0 283.113
9 0.2 283.113
9 0.4 283.214
9 0.6 283.407
9 0.8 283.692
9 1 284.072
9 1.2 284.552
9 1.4 285.138
9 1.6 285.834
9 1.8 286.629
9 2 287.46
9 2.2 288.171
9 2.4 288.697
9 2.6 289.027
9 2.8 289.164
9 3 289.111
9 3.2 288.869
9 3.4 288.433
9 3.6 287.797
9 3.8 286.952
9 4 285.908
9 4.2 284.723
9 4.4 283.552
9 4.6 282.451
9 4.8 281.429
9 5 280.478
9 5.2 279.587
9 5.4 278.753
9 5.6 277.973
9 5.8 277.252
9 6 276.602
9 6.2 276.032
9 6.4 275.547
9 6.6 275.14
9 6.8 274.801
9 7 274.521
9 7.2 274.289
9 7.4 274.098
9 7.6 273.939
9 7.8 273.807
9 8 273.699
9 8.2 273.611
9 8.4 273.54
9 8.6 273.484
9 8.8 273.441
9 9 273.41
9 9.2 273.388
9 9.4 273.374
9 9.6 273.365
9 9.8 273.361
9 10 273.361
9.2 0 283.232
9.2 0.2 283.232
9.2 0.4 283.33
9.2 0.6 283.515
9.2 0.8 283.786
9.2 1 284.143
9.2 1.2 284.584
9.2 1.4 285.106
9.2 1.6 285.7
9.2 1.8 286.345
9.2 2 286.989
9.2 2.2 287.55
9.2 2.4 287.976
9.2 2.6 288.246
9.2 2.8 288.35
9.2 3 288.285
9.2 3.2 288.048
9.2 3.4 287.639
9.2 3.6 287.056
9.2 3.8 286.303
9.2 4 285.4
9.2 4.2 284.392
9.2 4.4 283.358
9.2 4.6 282.345
9.2 4.8 281.369
9.2 5 280.434
9.2 5.2 279.538
9.2 5.4 278.68
9.2 5.6 277.864
9.2 5.8 277.097
9.2 6 276.4
9.2 6.2 275.804
9.2 6.4 275.311
9.2 6.6 274.912
9.2 6.8 274.59
9.2 7 274.329
9.2 7.2 274.118
9.2 7.4 273.946
9.2 7.6 273.806
9.2 7.8 273.691
9.2 8 273.597
9.2 8.2 273.522
9.2 8.4 273.462
9.2 8.6 273.416
9.2 8.8 273.383
9.2 9 273.361
9.2 9.2 273.348
9.2 9.4 273.341
9.2 9.6 273.338
9.2 9.8 273.336
9.2 10 273.336
9.4 0 283.317
9.4 0.2 283.317
9.4 0.4 283.411
9.4 0.6 283.589
9.4 0.8 283.848
9.4 1 284.183
9.4 1.2 284.59
9.4 1.4 285.06
9.4 1.6 285.577
9.4 1.8 286.117
9.4 2 286.641
9.4 2.2 287.098
9.4 2.4 287.45
9.4 2.6 287.671
9.4 2.8 287.748
9.4 3 287.672
9.4 3.2 287.441
9.4 3.4 287.053
9.4 3.6 286.513
9.4 3.8 285.829
9.4 4 285.023
9.4 4.2 284.127
9.4 4.4 283.188
9.4 4.6 282.239
9.4 4.8 281.299
9.4 5 280.376
9.4 5.2 279.473
9.4 5.4 278.588
9.4 5.6 277.722
9.4 5.8 276.886
9.4 6 276.113
9.4 6.2 275.483
9.4 6.4 274.992
9.4 6.6 274.616
9.4 6.8 274.324
9.4 7 274.096
9.4 7.2 273.914
9.4 7.4 273.769
9.4 7.6 273.652
9.4 7.8 273.558
9.4 8 273.481
9.4 8.2 273.421
9.4 8.4 273.373
9.4 8.6 273.339
9.4 8.8 273.317
9.4 9 273.307
9.4 9.2 273.307
9.4 9.4 273.31
9.4 9.6 273.312
9.4 9.8 273.313
9.4 10 273.313
9.6 0 283.371
9.6 0.2 283.371
9.6 0.4 283.462
9.6 0.6 283.634
9.6 0.8 283.883
9.6 1 284.203
9.6 1.2 284.587
9.6 1.4 285.021
9.6 1.6 285.488
9.6 1.8 285.965
9.6 2 286.419
9.6 2.2 286.814
9.6 2.4 287.117
9.6 2.6 287.306
9.6 2.8 287.364
9.6 3 287.281
9.6 3.2 287.054
9.6 3.4 286.682
9.6 3.6 286.17
9.6 3.8 285.53
9.6 4 284.78
9.6 4.2 283.949
9.6 4.4 283.065
9.6 4.6 282.157
9.6 4.8 281.24
9.6 5 280.324
9.6 5.2 279.411
9.6 5.4 278.495
9.6 5.6 277.569
9.6 5.8 276.626
9.6 6 275.697
9.6 6.2 275.031
9.6 6.4 274.569
9.6 6.6 274.242
9.6 6.8 274.002
9.6 7 273.82
9.6 7.2 273.68
9.6 7.4 273.569
9.6 7.6 273.481
9.6 7.8 273.41
9.6 8 273.353
9.6 8.2 273.309
9.6 8.4 273.276
9.6 8.6 273.253
9.6 8.8 273.242
9.6 9 273.247
9.6 9.2 273.266
9.6 9.4 273.282
9.6 9.6 273.291
9.6 9.8 273.295
9.6 10 273.295
9.8 0 283.397
9.8 0.2 283.397
9.8 0.4 283.487
9.8 0.6 283.656
9.8 0.8 283.9
9.8 1 284.212
9.8 1.2 284.582
9.8 1.4 284.999
9.8 1.6 285.443
9.8 1.8 285.89
9.8 2 286.312
9.8 2.2 286.678
9.8 2.4 286.958
9.8 2.6 287.131
9.8 2.8 287.179
9.8 3 287.093
9.8 3.2 286.868
9.8 3.4 286.503
9.8 3.6 286.005
9.8 3.8 285.386
9.8 4 284.663
9.8 4.2 283.86
9.8 4.4 283.003
9.8 4.6 282.113
9.8 4.8 281.207
9.8 5 280.293
9.8 5.2 279.372
9.8 5.4 278.433
9.8 5.6 277.45
9.8 5.8 276.364
9.8 6 275.028
9.8 6.2 274.384
9.8 6.4 274.019
9.8 6.6 273.786
9.8 6.8 273.625
9.8 7 273.508
9.8 7.2 273.418
9.8 7.4 273.349
9.8 7.6 273.294
9.8 7.8 273.25
9.8 8 273.216
9.8 8.2 273.189
9.8 8.4 273.169
9.8 8.6 273.157
9.8 8.8 273.156
9.8 9 273.173
9.8 9.2 273.233
9.8 9.4 273.264
9.8 9.6 273.279
9.8 9.8 273.285
9.8 10 273.285
10 0 283.397
10 0.2 283.397
10 0.4 283.487
10 0.6 283.656
10 0.8 283.9
10 1 284.212
10 1.2 284.582
10 1.4 284.999
10 1.6 285.443
10 1.8 285.89
10 2 286.312
10 2.2 286.678
10 2.4 286.958
10 2.6 287.131
10 2.8 287.179
10 3 287.093
10 3.2 286.868
10 3.4 286.503
10 3.6 286.005
10 3.8 285.386
10 4 284.663
10 4.2 283.86
10 4.4 283.003
10 4.6 282.113
10 4.8 281.207
10 5 280.293
10 5.2 279.372
10 5.4 278.433
10 5.6 277.45
10 5.8 276.364
10 6 273.676
10 6.2 273.461
10 6.4 273.34
10 6.6 273.262
10 6.8 273.208
10 7 273.169
10 7.2 273.139
10 7.4 273.116
10 7.6 273.098
10 7.8 273.083
10 8 273.072
10 8.2 273.063
10 8.4 273.056
10 8.6 273.052
10 8.8 273.052
10 9 273.058
10 9.2 273.233
10 9.4 273.264
10 9.6 273.279
10 9.8 273.285
10 10 273.285
