0 0 282.977
0 0.2 282.977
0 0.4 283.014
0 0.6 283.046
0 0.8 283.074
0 1 283.098
0 1.2 283.118
0 1.4 283.133
0 1.6 283.144
0 1.8 283.151
0 2 283.154
0 2.2 283.153
0 2.4 283.148
0 2.6 283.139
0 2.8 283.126
0 3 283.11
0 3.2 283.09
0 3.4 283.066
0 3.6 283.04
0 3.8 283.01
0 4 282.978
0 4.2 282.942
0 4.4 282.905
0 4.6 282.864
0 4.8 282.822
0 5 282.778
0 5.2 282.732
0 5.4 282.684
0 5.6 282.635
0 5.8 282.585
0 6 282.535
0 6.2 282.483
0 6.4 282.431
0 6.6 282.379
0 6.8 282.327
0 7 282.275
0 7.2 282.223
0 7.4 282.172
0 7.6 282.121
0 7.8 282.071
0 8 282.022
0 8.2 281.975
0 8.4 281.928
0 8.6 281.883
0 8.8 281.839
0 9 281.796
0 9.2 281.755
0 9.4 281.716
0 9.6 281.678
0 9.8 281.642
0 10 281.642
0.2 0 282.977
0.2 0.2 283.017
0.2 0.4 283.054
0.2 0.6 283.086
0.2 0.8 283.115
0.2 1 283.139
0.2 1.2 283.158
0.2 1.4 283.174
0.2 1.6 283.185
0.2 1.8 283.192
0.2 2 283.195
0.2 2.2 283.194
0.2 2.4 283.189
0.2 2.6 283.18
0.2 2.8 283.167
0.2 3 283.15
0.2 3.2 283.13
0.2 3.4 283.107
0.2 3.6 283.08
0.2 3.8 283.05
0.2 4 283.018
0.2 4.2 282.982
0.2 4.4 282.944
0.2 4.6 282.904
0.2 4.8 282.861
0.2 5 282.817
0.2 5.2 282.771
0.2 5.4 282.723
0.2 5.6 282.674
0.2 5.8 282.624
0.2 6 282.573
0.2 6.2 282.521
0.2 6.4 282.469
0.2 6.6 282.417
0.2 6.8 282.364
0.2 7 282.312
0.2 7.2 282.26
0.2 7.4 282.208
0.2 7.6 282.158
0.2 7.8 282.107
0.2 8 282.058
0.2 8.2 282.01
0.2 8.4 281.964
0.2 8.6 281.918
0.2 8.8 281.874
0.2 9 281.831
0.2 9.2 281.79
0.2 9.4 281.751
0.2 9.6 281.713
0.2 9.8 281.677
0.2 10 281.642
0.4 0 283.028
0.4 0.2 283.068
0.4 0.4 283.105
0.4 0.6 283.138
0.4 0.8 283.166
0.4 1 283.19
0.4 1.2 283.21
0.4 1.4 283.225
0.4 1.6 283.237
0.4 1.8 283.244
0.4 2 283.246
0.4 2.2 283.245
0.4 2.4 283.24
0.4 2.6 283.231
0.4 2.8 283.218
0.4 3 283.201
0.4 3.2 283.181
0.4 3.4 283.157
0.4 3.6 283.13
0.4 3.8 283.1
0.4 4 283.067
0.4 4.2 283.031
0.4 4.4 282.993
0.4 4.6 282.952
0.4 4.8 282.909
0.4 5 282.865
0.4 5.2 282.818
0.4 5.4 282.77
0.4 5.6 282.72
0.4 5.8 282.67
0.4 6 282.618
0.4 6.2 282.566
0.4 6.4 282.514
0.4 6.6 282.461
0.4 6.8 282.408
0.4 7 282.355
0.4 7.2 282.303
0.4 7.4 282.251
0.4 7.6 282.2
0.4 7.8 282.15
0.4 8 282.1
0.4 8.2 282.052
0.4 8.4 282.005
0.4 8.6 281.959
0.4 8.8 281.915
0.4 9 281.872
0.4 9.2 281.83
0.4 9.4 281.791
0.4 9.6 281.753
0.4 9.8 281.716
0.4 10 281.681
0.6 0 283.089
0.6 0.2 283.129
0.6 0.4 283.166
0.6 0.6 283.199
0.6 0.8 283.227
0.6 1 283.251
0.6 1.2 283.271
0.6 1.4 283.287
0.6 1.6 283.298
0.6 1.8 283.305
0.6 2 283.308
0.6 2.2 283.306
0.6 2.4 283.301
0.6 2.6 283.291
0.6 2.8 283.278
0.6 3 283.261
0.6 3.2 283.241
0.6 3.4 283.217
0.6 3.6 283.189
0.6 3.8 283.159
0.6 4 283.125
0.6 4.2 283.089
0.6 4.4 283.05
0.6 4.6 283.009
0.6 4.8 282.965
0.6 5 282.92
0.6 5.2 282.873
0.6 5.4 282.824
0.6 5.6 282.774
0.6 5.8 282.723
0.6 6 282.671
0.6 6.2 282.618
0.6 6.4 282.565
0.6 6.6 282.511
0.6 6.8 282.458
0.6 7 282.404
0.6 7.2 282.352
0.6 7.4 282.299
0.6 7.6 282.247
0.6 7.8 282.196
0.6 8 282.147
0.6 8.2 282.098
0.6 8.4 282.05
0.6 8.6 282.004
0.6 8.8 281.959
0.6 9 281.916
0.6 9.2 281.874
0.6 9.4 281.835
0.6 9.6 281.796
0.6 9.8 281.76
0.6 10 281.725
0.8 0 283.159
0.8 0.2 283.2
0.8 0.4 283.237
0.8 0.6 283.27
0.8 0.8 283.299
0.8 1 283.323
0.8 1.2 283.343
0.8 1.4 283.358
0.8 1.6 283.369
0.8 1.8 283.376
0.8 2 283.379
0.8 2.2 283.377
0.8 2.4 283.372
0.8 2.6 283.362
0.8 2.8 283.348
0.8 3 283.331
0.8 3.2 283.31
0.8 3.4 283.285
0.8 3.6 283.257
0.8 3.8 283.226
0.8 4 283.192
0.8 4.2 283.155
0.8 4.4 283.115
0.8 4.6 283.073
0.8 4.8 283.029
0.8 5 282.983
0.8 5.2 282.935
0.8 5.4 282.885
0.8 5.6 282.834
0.8 5.8 282.782
0.8 6 282.729
0.8 6.2 282.676
0.8 6.4 282.622
0.8 6.6 282.567
0.8 6.8 282.513
0.8 7 282.459
0.8 7.2 282.405
0.8 7.4 282.352
0.8 7.6 282.3
0.8 7.8 282.248
0.8 8 282.198
0.8 8.2 282.148
0.8 8.4 282.1
0.8 8.6 282.053
0.8 8.8 282.008
0.8 9 281.965
0.8 9.2 281.923
0.8 9.4 281.882
0.8 9.6 281.844
0.8 9.8 281.807
0.8 10 281.772
1 0 283.24
1 0.2 283.281
1 0.4 283.318
1 0.6 283.351
1 0.8 283.38
1 1 283.404
1 1.2 283.424
1 1.4 283.44
1 1.6 283.451
1 1.8 283.458
1 2 283.46
1 2.2 283.458
1 2.4 283.452
1 2.6 283.442
1 2.8 283.428
1 3 283.41
1 3.2 283.388
1 3.4 283.363
1 3.6 283.334
1 3.8 283.302
1 4 283.267
1 4.2 283.23
1 4.4 283.189
1 4.6 283.146
1 4.8 283.101
1 5 283.053
1 5.2 283.004
1 5.4 282.954
1 5.6 282.902
1 5.8 282.848
1 6 282.794
1 6.2 282.74
1 6.4 282.685
1 6.6 282.629
1 6.8 282.574
1 7 282.519
1 7.2 282.464
1 7.4 282.41
1 7.6 282.357
1 7.8 282.305
1 8 282.253
1 8.2 282.203
1 8.4 282.154
1 8.6 282.107
1 8.8 282.061
1 9 282.017
1 9.2 281.975
1 9.4 281.934
1 9.6 281.895
1 9.8 281.858
1 10 281.823
1.2 0 283.33
1.2 0.2 283.371
1.2 0.4 283.409
1.2 0.6 283.443
1.2 0.8 283.472
1.2 1 283.496
1.2 1.2 283.516
1.2 1.4 283.532
1.2 1.6 283.543
1.2 1.8 283.549
1.2 2 283.551
1.2 2.2 283.549
1.2 2.4 283.542
1.2 2.6 283.532
1.2 2.8 283.517
1.2 3 283.499
1.2 3.2 283.476
1.2 3.4 283.45
1.2 3.6 283.421
1.2 3.8 283.388
1.2 4 283.352
1.2 4.2 283.313
1.2 4.4 283.271
1.2 4.6 283.227
1.2 4.8 283.18
1.2 5 283.132
1.2 5.2 283.081
1.2 5.4 283.029
1.2 5.6 282.976
1.2 5.8 282.921
1.2 6 282.866
1.2 6.2 282.81
1.2 6.4 282.754
1.2 6.6 282.697
1.2 6.8 282.641
1.2 7 282.584
1.2 7.2 282.529
1.2 7.4 282.473
1.2 7.6 282.419
1.2 7.8 282.366
1.2 8 282.313
1.2 8.2 282.262
1.2 8.4 282.213
1.2 8.6 282.165
1.2 8.8 282.118
1.2 9 282.074
1.2 9.2 282.031
1.2 9.4 281.989
1.2 9.6 281.95
1.2 9.8 281.913
1.2 10 281.877
1.4 0 283.431
1.4 0.2 283.473
1.4 0.4 283.511
1.4 0.6 283.544
1.4 0.8 283.574
1.4 1 283.598
1.4 1.2 283.618
1.4 1.4 283.633
1.4 1.6 283.644
1.4 1.8 283.651
1.4 2 283.652
1.4 2.2 283.65
1.4 2.4 283.643
1.4 2.6 283.632
1.4 2.8 283.616
1.4 3 283.597
1.4 3.2 283.574
1.4 3.4 283.546
1.4 3.6 283.516
1.4 3.8 283.482
1.4 4 283.445
1.4 4.2 283.404
1.4 4.4 283.361
1.4 4.6 283.316
1.4 4.8 283.268
1.4 5 283.218
1.4 5.2 283.166
1.4 5.4 283.112
1.4 5.6 283.057
1.4 5.8 283.001
1.4 6 282.944
1.4 6.2 282.887
1.4 6.4 282.829
1.4 6.6 282.771
1.4 6.8 282.713
1.4 7 282.655
1.4 7.2 282.598
1.4 7.4 282.541
1.4 7.6 282.486
1.4 7.8 282.431
1.4 8 282.378
1.4 8.2 282.326
1.4 8.4 282.275
1.4 8.6 282.226
1.4 8.8 282.179
1.4 9 282.134
1.4 9.2 282.09
1.4 9.4 282.049
1.4 9.6 282.009
1.4 9.8 281.971
1.4 10 281.935
1.6 0 283.542
1.6 0.2 283.584
1.6 0.4 283.622
1.6 0.6 283.656
1.6 0.8 283.686
1.6 1 283.71
1.6 1.2 283.73
1.6 1.4 283.746
1.6 1.6 283.756
1.6 1.8 283.762
1.6 2 283.764
1.6 2.2 283.761
1.6 2.4 283.753
1.6 2.6 283.741
1.6 2.8 283.725
1.6 3 283.705
1.6 3.2 283.68
1.6 3.4 283.652
1.6 3.6 283.62
1.6 3.8 283.585
1.6 4 283.546
1.6 4.2 283.505
1.6 4.4 283.46
1.6 4.6 283.413
1.6 4.8 283.363
1.6 5 283.311
1.6 5.2 283.257
1.6 5.4 283.202
1.6 5.6 283.145
1.6 5.8 283.087
1.6 6 283.029
1.6 6.2 282.969
1.6 6.4 282.91
1.6 6.6 282.85
1.6 6.8 282.79
1.6 7 282.731
1.6 7.2 282.672
1.6 7.4 282.614
1.6 7.6 282.557
1.6 7.8 282.501
1.6 8 282.447
1.6 8.2 282.394
1.6 8.4 282.342
1.6 8.6 282.292
1.6 8.8 282.244
1.6 9 282.198
1.6 9.2 282.154
1.6 9.4 282.112
1.6 9.6 282.071
1.6 9.8 282.033
1.6 10 281.997
1.8 0 283.663
1.8 0.2 283.705
1.8 0.4 283.744
1.8 0.6 283.779
1.8 0.8 283.808
1.8 1 283.833
1.8 1.2 283.853
1.8 1.4 283.868
1.8 1.6 283.879
1.8 1.8 283.884
1.8 2 283.886
1.8 2.2 283.882
1.8 2.4 283.874
1.8 2.6 283.861
1.8 2.8 283.844
1.8 3 283.823
1.8 3.2 283.797
1.8 3.4 283.768
1.8 3.6 283.734
1.8 3.8 283.697
1.8 4 283.657
1.8 4.2 283.614
1.8 4.4 283.567
1.8 4.6 283.518
1.8 4.8 283.466
1.8 5 283.413
1.8 5.2 283.357
1.8 5.4 283.299
1.8 5.6 283.241
1.8 5.8 283.181
1.8 6 283.12
1.8 6.2 283.058
1.8 6.4 282.997
1.8 6.6 282.935
1.8 6.8 282.873
1.8 7 282.812
1.8 7.2 282.752
1.8 7.4 282.692
1.8 7.6 282.633
1.8 7.8 282.576
1.8 8 282.52
1.8 8.2 282.466
1.8 8.4 282.413
1.8 8.6 282.362
1.8 8.8 282.313
1.8 9 282.266
1.8 9.2 282.221
1.8 9.4 282.178
1.8 9.6 282.137
1.8 9.8 282.099
1.8 10 282.063
2 0 283.794
2 0.2 283.837
2 0.4 283.877
2 0.6 283.912
2 0.8 283.941
2 1 283.966
2 1.2 283.986
2 1.4 284.001
2 1.6 284.012
2 1.8 284.017
2 2 284.018
2 2.2 284.013
2 2.4 284.005
2 2.6 283.991
2 2.8 283.973
2 3 283.95
2 3.2 283.924
2 3.4 283.893
2 3.6 283.858
2 3.8 283.819
2 4 283.777
2 4.2 283.732
2 4.4 283.683
2 4.6 283.632
2 4.8 283.578
2 5 283.522
2 5.2 283.464
2 5.4 283.404
2 5.6 283.343
2 5.8 283.28
2 6 283.217
2 6.2 283.154
2 6.4 283.09
2 6.6 283.026
2 6.8 282.962
2 7 282.899
2 7.2 282.836
2 7.4 282.775
2 7.6 282.714
2 7.8 282.655
2 8 282.598
2 8.2 282.542
2 8.4 282.488
2 8.6 282.435
2 8.8 282.385
2 9 282.337
2 9.2 282.292
2 9.4 282.248
2 9.6 282.207
2 9.8 282.168
2 10 282.131
2.2 0 283.936
2.2 0.2 283.98
2.2 0.4 284.02
2.2 0.6 284.055
2.2 0.8 284.085
2.2 1 284.11
2.2 1.2 284.13
2.2 1.4 284.145
2.2 1.6 284.155
2.2 1.8 284.16
2.2 2 284.16
2.2 2.2 284.156
2.2 2.4 284.146
2.2 2.6 284.131
2.2 2.8 284.112
2.2 3 284.088
2.2 3.2 284.06
2.2 3.4 284.027
2.2 3.6 283.991
2.2 3.8 283.95
2.2 4 283.906
2.2 4.2 283.858
2.2 4.4 283.808
2.2 4.6 283.754
2.2 4.8 283.697
2.2 5 283.639
2.2 5.2 283.578
2.2 5.4 283.516
2.2 5.6 283.452
2.2 5.8 283.387
2.2 6 283.321
2.2 6.2 283.255
2.2 6.4 283.188
2.2 6.6 283.122
2.2 6.8 283.056
2.2 7 282.99
2.2 7.2 282.926
2.2 7.4 282.862
2.2 7.6 282.799
2.2 7.8 282.739
2.2 8 282.679
2.2 8.2 282.622
2.2 8.4 282.566
2.2 8.6 282.513
2.2 8.8 282.461
2.2 9 282.412
2.2 9.2 282.366
2.2 9.4 282.321
2.2 9.6 282.28
2.2 9.8 282.24
2.2 10 282.203
2.4 0 284.089
2.4 0.2 284.133
2.4 0.4 284.174
2.4 0.6 284.209
2.4 0.8 284.239
2.4 1 284.265
2.4 1.2 284.285
2.4 1.4 284.3
2.4 1.6 284.31
2.4 1.8 284.314
2.4 2 284.314
2.4 2.2 284.308
2.4 2.4 284.298
2.4 2.6 284.282
2.4 2.8 284.262
2.4 3 284.236
2.4 3.2 284.207
2.4 3.4 284.172
2.4 3.6 284.134
2.4 3.8 284.091
2.4 4 284.044
2.4 4.2 283.994
2.4 4.4 283.941
2.4 4.6 283.884
2.4 4.8 283.825
2.4 5 283.764
2.4 5.2 283.7
2.4 5.4 283.635
2.4 5.6 283.568
2.4 5.8 283.5
2.4 6 283.431
2.4 6.2 283.362
2.4 6.4 283.293
2.4 6.6 283.224
2.4 6.8 283.155
2.4 7 283.087
2.4 7.2 283.02
2.4 7.4 282.954
2.4 7.6 282.889
2.4 7.8 282.826
2.4 8 282.765
2.4 8.2 282.705
2.4 8.4 282.648
2.4 8.6 282.593
2.4 8.8 282.541
2.4 9 282.491
2.4 9.2 282.443
2.4 9.4 282.398
2.4 9.6 282.355
2.4 9.8 282.316
2.4 10 282.279
2.6 0 284.252
2.6 0.2 284.297
2.6 0.4 284.338
2.6 0.6 284.374
2.6 0.8 284.405
2.6 1 284.43
2.6 1.2 284.45
2.6 1.4 284.465
2.6 1.6 284.475
2.6 1.8 284.479
2.6 2 284.478
2.6 2.2 284.472
2.6 2.4 284.46
2.6 2.6 284.444
2.6 2.8 284.422
2.6 3 284.395
2.6 3.2 284.363
2.6 3.4 284.327
2.6 3.6 284.286
2.6 3.8 284.241
2.6 4 284.192
2.6 4.2 284.139
2.6 4.4 284.083
2.6 4.6 284.024
2.6 4.8 283.962
2.6 5 283.897
2.6 5.2 283.83
2.6 5.4 283.761
2.6 5.6 283.691
2.6 5.8 283.62
2.6 6 283.548
2.6 6.2 283.476
2.6 6.4 283.403
2.6 6.6 283.331
2.6 6.8 283.259
2.6 7 283.188
2.6 7.2 283.119
2.6 7.4 283.05
2.6 7.6 282.983
2.6 7.8 282.918
2.6 8 282.854
2.6 8.2 282.793
2.6 8.4 282.734
2.6 8.6 282.677
2.6 8.8 282.623
2.6 9 282.572
2.6 9.2 282.523
2.6 9.4 282.477
2.6 9.6 282.434
2.6 9.8 282.394
2.6 10 282.357
2.8 0 284.426
2.8 0.2 284.472
2.8 0.4 284.514
2.8 0.6 284.55
2.8 0.8 284.581
2.8 1 284.607
2.8 1.2 284.627
2.8 1.4 284.642
2.8 1.6 284.651
2.8 1.8 284.655
2.8 2 284.654
2.8 2.2 284.647
2.8 2.4 284.634
2.8 2.6 284.616
2.8 2.8 284.593
2.8 3 284.565
2.8 3.2 284.531
2.8 3.4 284.493
2.8 3.6 284.449
2.8 3.8 284.402
2.8 4 284.35
2.8 4.2 284.294
2.8 4.4 284.234
2.8 4.6 284.172
2.8 4.8 284.106
2.8 5 284.038
2.8 5.2 283.967
2.8 5.4 283.895
2.8 5.6 283.822
2.8 5.8 283.747
2.8 6 283.671
2.8 6.2 283.595
2.8 6.4 283.519
2.8 6.6 283.444
2.8 6.8 283.369
2.8 7 283.295
2.8 7.2 283.222
2.8 7.4 283.15
2.8 7.6 283.081
2.8 7.8 283.013
2.8 8 282.947
2.8 8.2 282.884
2.8 8.4 282.823
2.8 8.6 282.765
2.8 8.8 282.709
2.8 9 282.657
2.8 9.2 282.607
2.8 9.4 282.56
2.8 9.6 282.516
2.8 9.8 282.475
2.8 10 282.437
3 0 284.611
3 0.2 284.658
3 0.4 284.7
3 0.6 284.737
3 0.8 284.768
3 1 284.794
3 1.2 284.815
3 1.4 284.83
3 1.6 284.839
3 1.8 284.843
3 2 284.841
3 2.2 284.833
3 2.4 284.819
3 2.6 284.8
3 2.8 284.775
3 3 284.745
3 3.2 284.709
3 3.4 284.668
3 3.6 284.623
3 3.8 284.572
3 4 284.517
3 4.2 284.458
3 4.4 284.395
3 4.6 284.329
3 4.8 284.259
3 5 284.187
3 5.2 284.113
3 5.4 284.036
3 5.6 283.959
3 5.8 283.88
3 6 283.801
3 6.2 283.721
3 6.4 283.641
3 6.6 283.562
3 6.8 283.483
3 7 283.406
3 7.2 283.33
3 7.4 283.255
3 7.6 283.183
3 7.8 283.112
3 8 283.044
3 8.2 282.978
3 8.4 282.915
3 8.6 282.855
3 8.8 282.798
3 9 282.744
3 9.2 282.693
3 9.4 282.645
3 9.6 282.6
3 9.8 282.559
3 10 282.521
3.2 0 284.808
3.2 0.2 284.855
3.2 0.4 284.898
3.2 0.6 284.935
3.2 0.8 284.967
3.2 1 284.994
3.2 1.2 285.014
3.2 1.4 285.029
3.2 1.6 285.039
3.2 1.8 285.042
3.2 2 285.039
3.2 2.2 285.031
3.2 2.4 285.016
3.2 2.6 284.995
3.2 2.8 284.969
3.2 3 284.937
3.2 3.2 284.899
3.2 3.4 284.855
3.2 3.6 284.807
3.2 3.8 284.753
3.2 4 284.695
3.2 4.2 284.632
3.2 4.4 284.565
3.2 4.6 284.495
3.2 4.8 284.421
3.2 5 284.345
3.2 5.2 284.266
3.2 5.4 284.185
3.2 5.6 284.103
3.2 5.8 284.02
3.2 6 283.936
3.2 6.2 283.852
3.2 6.4 283.768
3.2 6.6 283.685
3.2 6.8 283.603
3.2 7 283.521
3.2 7.2 283.442
3.2 7.4 283.364
3.2 7.6 283.288
3.2 7.8 283.215
3.2 8 283.144
3.2 8.2 283.076
3.2 8.4 283.011
3.2 8.6 282.949
3.2 8.8 282.89
3.2 9 282.834
3.2 9.2 282.782
3.2 9.4 282.733
3.2 9.6 282.687
3.2 9.8 282.645
3.2 10 282.607
3.4 0 285.015
3.4 0.2 285.063
3.4 0.4 285.106
3.4 0.6 285.145
3.4 0.8 285.177
3.4 1 285.204
3.4 1.2 285.225
3.4 1.4 285.24
3.4 1.6 285.25
3.4 1.8 285.253
3.4 2 285.25
3.4 2.2 285.24
3.4 2.4 285.224
3.4 2.6 285.203
3.4 2.8 285.174
3.4 3 285.14
3.4 3.2 285.1
3.4 3.4 285.053
3.4 3.6 285.002
3.4 3.8 284.944
3.4 4 284.882
3.4 4.2 284.816
3.4 4.4 284.745
3.4 4.6 284.67
3.4 4.8 284.591
3.4 5 284.51
3.4 5.2 284.427
3.4 5.4 284.341
3.4 5.6 284.254
3.4 5.8 284.166
3.4 6 284.078
3.4 6.2 283.989
3.4 6.4 283.901
3.4 6.6 283.813
3.4 6.8 283.726
3.4 7 283.641
3.4 7.2 283.558
3.4 7.4 283.476
3.4 7.6 283.397
3.4 7.8 283.321
3.4 8 283.247
3.4 8.2 283.176
3.4 8.4 283.109
3.4 8.6 283.044
3.4 8.8 282.984
3.4 9 282.926
3.4 9.2 282.873
3.4 9.4 282.822
3.4 9.6 282.776
3.4 9.8 282.734
3.4 10 282.695
3.6 0 285.233
3.6 0.2 285.282
3.6 0.4 285.327
3.6 0.6 285.366
3.6 0.8 285.399
3.6 1 285.426
3.6 1.2 285.448
3.6 1.4 285.463
3.6 1.6 285.473
3.6 1.8 285.475
3.6 2 285.472
3.6 2.2 285.462
3.6 2.4 285.445
3.6 2.6 285.422
3.6 2.8 285.392
3.6 3 285.355
3.6 3.2 285.312
3.6 3.4 285.263
3.6 3.6 285.208
3.6 3.8 285.147
3.6 4 285.081
3.6 4.2 285.009
3.6 4.4 284.934
3.6 4.6 284.854
3.6 4.8 284.771
3.6 5 284.684
3.6 5.2 284.596
3.6 5.4 284.505
3.6 5.6 284.413
3.6 5.8 284.319
3.6 6 284.226
3.6 6.2 284.132
3.6 6.4 284.039
3.6 6.6 283.946
3.6 6.8 283.855
3.6 7 283.765
3.6 7.2 283.678
3.6 7.4 283.593
3.6 7.6 283.51
3.6 7.8 283.43
3.6 8 283.353
3.6 8.2 283.279
3.6 8.4 283.209
3.6 8.6 283.143
3.6 8.8 283.08
3.6 9 283.021
3.6 9.2 282.966
3.6 9.4 282.914
3.6 9.6 282.867
3.6 9.8 282.824
3.6 10 282.785
3.8 0 285.463
3.8 0.2 285.513
3.8 0.4 285.558
3.8 0.6 285.598
3.8 0.8 285.632
3.8 1 285.66
3.8 1.2 285.682
3.8 1.4 285.698
3.8 1.6 285.708
3.8 1.8 285.711
3.8 2 285.707
3.8 2.2 285.696
3.8 2.4 285.678
3.8 2.6 285.654
3.8 2.8 285.622
3.8 3 285.583
3.8 3.2 285.537
3.8 3.4 285.485
3.8 3.6 285.426
3.8 3.8 285.361
3.8 4 285.29
3.8 4.2 285.214
3.8 4.4 285.133
3.8 4.6 285.048
3.8 4.8 284.959
3.8 5 284.867
3.8 5.2 284.772
3.8 5.4 284.676
3.8 5.6 284.578
3.8 5.8 284.479
3.8 6 284.379
3.8 6.2 284.28
3.8 6.4 284.181
3.8 6.6 284.084
3.8 6.8 283.988
3.8 7 283.893
3.8 7.2 283.801
3.8 7.4 283.712
3.8 7.6 283.625
3.8 7.8 283.542
3.8 8 283.462
3.8 8.2 283.385
3.8 8.4 283.312
3.8 8.6 283.243
3.8 8.8 283.178
3.8 9 283.117
3.8 9.2 283.06
3.8 9.4 283.008
3.8 9.6 282.96
3.8 9.8 282.916
3.8 10 282.876
4 0 285.704
4 0.2 285.755
4 0.4 285.801
4 0.6 285.842
4 0.8 285.877
4 1 285.906
4 1.2 285.929
4 1.4 285.945
4 1.6 285.955
4 1.8 285.959
4 2 285.955
4 2.2 285.943
4 2.4 285.925
4 2.6 285.898
4 2.8 285.865
4 3 285.823
4 3.2 285.775
4 3.4 285.719
4 3.6 285.656
4 3.8 285.586
4 4 285.511
4 4.2 285.429
4 4.4 285.343
4 4.6 285.252
4 4.8 285.157
4 5 285.058
4 5.2 284.957
4 5.4 284.854
4 5.6 284.75
4 5.8 284.644
4 6 284.539
4 6.2 284.434
4 6.4 284.329
4 6.6 284.226
4 6.8 284.125
4 7 284.025
4 7.2 283.928
4 7.4 283.834
4 7.6 283.744
4 7.8 283.656
4 8 283.573
4 8.2 283.493
4 8.4 283.417
4 8.6 283.345
4 8.8 283.278
4 9 283.215
4 9.2 283.157
4 9.4 283.103
4 9.6 283.054
4 9.8 283.009
4 10 282.969
4.2 0 285.956
4.2 0.2 286.008
4.2 0.4 286.056
4.2 0.6 286.098
4.2 0.8 286.134
4.2 1 286.164
4.2 1.2 286.188
4.2 1.4 286.205
4.2 1.6 286.216
4.2 1.8 286.219
4.2 2 286.215
4.2 2.2 286.204
4.2 2.4 286.184
4.2 2.6 286.157
4.2 2.8 286.121
4.2 3 286.077
4.2 3.2 286.025
4.2 3.4 285.965
4.2 3.6 285.898
4.2 3.8 285.824
4.2 4 285.743
4.2 4.2 285.656
4.2 4.4 285.563
4.2 4.6 285.465
4.2 4.8 285.363
4.2 5 285.258
4.2 5.2 285.15
4.2 5.4 285.04
4.2 5.6 284.929
4.2 5.8 284.816
4.2 6 284.704
4.2 6.2 284.592
4.2 6.4 284.482
4.2 6.6 284.372
4.2 6.8 284.265
4.2 7 284.16
4.2 7.2 284.058
4.2 7.4 283.96
4.2 7.6 283.864
4.2 7.8 283.773
4.2 8 283.685
4.2 8.2 283.602
4.2 8.4 283.523
4.2 8.6 283.449
4.2 8.8 283.379
4.2 9 283.314
4.2 9.2 283.254
4.2 9.4 283.199
4.2 9.6 283.149
4.2 9.8 283.104
4.2 10 283.063
4.4 0 286.22
4.4 0.2 286.273
4.4 0.4 286.322
4.4 0.6 286.365
4.4 0.8 286.402
4.4 1 286.434
4.4 1.2 286.459
4.4 1.4 286.478
4.4 1.6 286.489
4.4 1.8 286.493
4.4 2 286.49
4.4 2.2 286.478
4.4 2.4 286.458
4.4 2.6 286.429
4.4 2.8 286.391
4.4 3 286.345
4.4 3.2 286.29
4.4 3.4 286.226
4.4 3.6 286.154
4.4 3.8 286.074
4.4 4 285.987
4.4 4.2 285.893
4.4 4.4 285.794
4.4 4.6 285.689
4.4 4.8 285.58
4.4 5 285.467
4.4 5.2 285.351
4.4 5.4 285.233
4.4 5.6 285.114
4.4 5.8 284.994
4.4 6 284.875
4.4 6.2 284.756
4.4 6.4 284.638
4.4 6.6 284.523
4.4 6.8 284.409
4.4 7 284.299
4.4 7.2 284.191
4.4 7.4 284.087
4.4 7.6 283.987
4.4 7.8 283.892
4.4 8 283.8
4.4 8.2 283.713
4.4 8.4 283.631
4.4 8.6 283.554
4.4 8.8 283.482
4.4 9 283.414
4.4 9.2 283.353
4.4 9.4 283.296
4.4 9.6 283.245
4.4 9.8 283.199
4.4 10 283.158
4.6 0 286.495
4.6 0.2 286.549
4.6 0.4 286.599
4.6 0.6 286.643
4.6 0.8 286.682
4.6 1 286.716
4.6 1.2 286.743
4.6 1.4 286.763
4.6 1.6 286.776
4.6 1.8 286.781
4.6 2 286.778
4.6 2.2 286.767
4.6 2.4 286.746
4.6 2.6 286.716
4.6 2.8 286.676
4.6 3 286.627
4.6 3.2 286.568
4.6 3.4 286.5
4.6 3.6 286.423
4.6 3.8 286.338
4.6 4 286.244
4.6 4.2 286.143
4.6 4.4 286.036
4.6 4.6 285.923
4.6 4.8 285.806
4.6 5 285.684
4.6 5.2 285.56
4.6 5.4 285.434
4.6 5.6 285.306
4.6 5.8 285.178
4.6 6 285.051
4.6 6.2 284.924
4.6 6.4 284.799
4.6 6.6 284.677
4.6 6.8 284.557
4.6 7 284.44
4.6 7.2 284.326
4.6 7.4 284.217
4.6 7.6 284.112
4.6 7.8 284.012
4.6 8 283.916
4.6 8.2 283.825
4.6 8.4 283.74
4.6 8.6 283.659
4.6 8.8 283.585
4.6 9 283.515
4.6 9.2 283.451
4.6 9.4 283.393
4.6 9.6 283.341
4.6 9.8 283.294
4.6 10 283.253
4.8 0 286.781
4.8 0.2 286.836
4.8 0.4 286.887
4.8 0.6 286.933
4.8 0.8 286.974
4.8 1 287.01
4.8 1.2 287.039
4.8 1.4 287.061
4.8 1.6 287.076
4.8 1.8 287.083
4.8 2 287.081
4.8 2.2 287.07
4.8 2.4 287.05
4.8 2.6 287.019
4.8 2.8 286.977
4.8 3 286.925
4.8 3.2 286.863
4.8 3.4 286.79
4.8 3.6 286.707
4.8 3.8 286.615
4.8 4 286.514
4.8 4.2 286.405
4.8 4.4 286.29
4.8 4.6 286.168
4.8 4.8 286.041
4.8 5 285.911
4.8 5.2 285.777
4.8 5.4 285.641
4.8 5.6 285.505
4.8 5.8 285.368
4.8 6 285.232
4.8 6.2 285.097
4.8 6.4 284.964
4.8 6.6 284.834
4.8 6.8 284.707
4.8 7 284.583
4.8 7.2 284.464
4.8 7.4 284.349
4.8 7.6 284.238
4.8 7.8 284.133
4.8 8 284.033
4.8 8.2 283.938
4.8 8.4 283.849
4.8 8.6 283.765
4.8 8.8 283.688
4.8 9 283.616
4.8 9.2 283.55
4.8 9.4 283.491
4.8 9.6 283.437
4.8 9.8 283.39
4.8 10 283.348
5 0 287.077
5 0.2 287.133
5 0.4 287.186
5 0.6 287.235
5 0.8 287.278
5 1 287.316
5 1.2 287.348
5 1.4 287.373
5 1.6 287.39
5 1.8 287.399
5 2 287.399
5 2.2 287.39
5 2.4 287.369
5 2.6 287.338
5 2.8 287.294
5 3 287.24
5 3.2 287.173
5 3.4 287.095
5 3.6 287.006
5 3.8 286.907
5 4 286.798
5 4.2 286.681
5 4.4 286.555
5 4.6 286.424
5 4.8 286.287
5 5 286.146
5 5.2 286.002
5 5.4 285.856
5 5.6 285.709
5 5.8 285.563
5 6 285.417
5 6.2 285.273
5 6.4 285.132
5 6.6 284.994
5 6.8 284.859
5 7 284.728
5 7.2 284.602
5 7.4 284.481
5 7.6 284.365
5 7.8 284.255
5 8 284.15
5 8.2 284.051
5 8.4 283.958
5 8.6 283.871
5 8.8 283.791
5 9 283.717
5 9.2 283.649
5 9.4 283.588
5 9.6 283.533
5 9.8 283.485
5 10 283.443
5.2 0 287.384
5.2 0.2 287.441
5.2 0.4 287.496
5.2 0.6 287.547
5.2 0.8 287.593
5.2 1 287.634
5.2 1.2 287.669
5.2 1.4 287.698
5.2 1.6 287.719
5.2 1.8 287.731
5.2 2 287.733
5.2 2.2 287.725
5.2 2.4 287.706
5.2 2.6 287.674
5.2 2.8 287.629
5.2 3 287.572
5.2 3.2 287.501
5.2 3.4 287.418
5.2 3.6 287.322
5.2 3.8 287.215
5.2 4 287.097
5.2 4.2 286.969
5.2 4.4 286.834
5.2 4.6 286.691
5.2 4.8 286.543
5.2 5 286.39
5.2 5.2 286.235
5.2 5.4 286.078
5.2 5.6 285.92
5.2 5.8 285.763
5.2 6 285.607
5.2 6.2 285.453
5.2 6.4 285.303
5.2 6.6 285.156
5.2 6.8 285.013
5.2 7 284.875
5.2 7.2 284.742
5.2 7.4 284.614
5.2 7.6 284.493
5.2 7.8 284.377
5.2 8 284.267
5.2 8.2 284.164
5.2 8.4 284.067
5.2 8.6 283.977
5.2 8.8 283.894
5.2 9 283.817
5.2 9.2 283.747
5.2 9.4 283.684
5.2 9.6 283.628
5.2 9.8 283.579
5.2 10 283.537
5.4 0 287.7
5.4 0.2 287.759
5.4 0.4 287.816
5.4 0.6 287.869
5.4 0.8 287.919
5.4 1 287.964
5.4 1.2 288.003
5.4 1.4 288.036
5.4 1.6 288.062
5.4 1.8 288.078
5.4 2 288.084
5.4 2.2 288.079
5.4 2.4 288.061
5.4 2.6 288.029
5.4 2.8 287.983
5.4 3 287.923
5.4 3.2 287.848
5.4 3.4 287.758
5.4 3.6 287.655
5.4 3.8 287.539
5.4 4 287.411
5.4 4.2 287.272
5.4 4.4 287.125
5.4 4.6 286.97
5.4 4.8 286.809
5.4 5 286.643
5.4 5.2 286.475
5.4 5.4 286.306
5.4 5.6 286.136
5.4 5.8 285.967
5.4 6 285.801
5.4 6.2 285.637
5.4 6.4 285.476
5.4 6.6 285.32
5.4 6.8 285.169
5.4 7 285.023
5.4 7.2 284.882
5.4 7.4 284.748
5.4 7.6 284.62
5.4 7.8 284.499
5.4 8 284.384
5.4 8.2 284.276
5.4 8.4 284.175
5.4 8.6 284.082
5.4 8.8 283.995
5.4 9 283.916
5.4 9.2 283.844
5.4 9.4 283.78
5.4 9.6 283.723
5.4 9.8 283.673
5.4 10 283.63
5.6 0 288.025
5.6 0.2 288.086
5.6 0.4 288.145
5.6 0.6 288.201
5.6 0.8 288.255
5.6 1 288.305
5.6 1.2 288.35
5.6 1.4 288.388
5.6 1.6 288.419
5.6 1.8 288.441
5.6 2 288.452
5.6 2.2 288.45
5.6 2.4 288.435
5.6 2.6 288.404
5.6 2.8 288.358
5.6 3 288.295
5.6 3.2 288.215
5.6 3.4 288.119
5.6 3.6 288.007
5.6 3.8 287.881
5.6 4 287.742
5.6 4.2 287.59
5.6 4.4 287.429
5.6 4.6 287.26
5.6 4.8 287.085
5.6 5 286.906
5.6 5.2 286.723
5.6 5.4 286.54
5.6 5.6 286.357
5.6 5.8 286.176
5.6 6 285.997
5.6 6.2 285.822
5.6 6.4 285.651
5.6 6.6 285.485
5.6 6.8 285.325
5.6 7 285.17
5.6 7.2 285.022
5.6 7.4 284.881
5.6 7.6 284.747
5.6 7.8 284.619
5.6 8 284.5
5.6 8.2 284.387
5.6 8.4 284.282
5.6 8.6 284.185
5.6 8.8 284.095
5.6 9 284.014
5.6 9.2 283.94
5.6 9.4 283.873
5.6 9.6 283.815
5.6 9.8 283.764
5.6 10 283.721
5.8 0 288.359
5.8 0.2 288.42
5.8 0.4 288.482
5.8 0.6 288.542
5.8 0.8 288.601
5.8 1 288.657
5.8 1.2 288.708
5.8 1.4 288.754
5.8 1.6 288.792
5.8 1.8 288.821
5.8 2 288.838
5.8 2.2 288.842
5.8 2.4 288.83
5.8 2.6 288.801
5.8 2.8 288.754
5.8 3 288.689
5.8 3.2 288.604
5.8 3.4 288.501
5.8 3.6 288.38
5.8 3.8 288.242
5.8 4 288.09
5.8 4.2 287.924
5.8 4.4 287.748
5.8 4.6 287.563
5.8 4.8 287.372
5.8 5 287.176
5.8 5.2 286.978
5.8 5.4 286.78
5.8 5.6 286.583
5.8 5.8 286.388
5.8 6 286.196
5.8 6.2 286.009
5.8 6.4 285.827
5.8 6.6 285.651
5.8 6.8 285.481
5.8 7 285.318
5.8 7.2 285.162
5.8 7.4 285.013
5.8 7.6 284.872
5.8 7.8 284.739
5.8 8 284.614
5.8 8.2 284.496
5.8 8.4 284.387
5.8 8.6 284.286
5.8 8.8 284.194
5.8 9 284.109
5.8 9.2 284.033
5.8 9.4 283.965
5.8 9.6 283.905
5.8 9.8 283.854
5.8 10 283.811
6 0 288.698
6 0.2 288.761
6 0.4 288.826
6 0.6 288.891
6 0.8 288.955
6 1 289.019
6 1.2 289.078
6 1.4 289.133
6 1.6 289.181
6 1.8 289.219
6 2 289.244
6 2.2 289.255
6 2.4 289.248
6 2.6 289.222
6 2.8 289.176
6 3 289.108
6 3.2 289.018
6 3.4 288.907
6 3.6 288.775
6 3.8 288.625
6 4 288.457
6 4.2 288.275
6 4.4 288.081
6 4.6 287.878
6 4.8 287.669
6 5 287.455
6 5.2 287.24
6 5.4 287.025
6 5.6 286.812
6 5.8 286.602
6 6 286.397
6 6.2 286.197
6 6.4 286.003
6 6.6 285.816
6 6.8 285.636
6 7 285.464
6 7.2 285.3
6 7.4 285.144
6 7.6 284.996
6 7.8 284.856
6 8 284.726
6 8.2 284.604
6 8.4 284.49
6 8.6 284.385
6 8.8 284.289
6 9 284.202
6 9.2 284.124
6 9.4 284.054
6 9.6 283.993
6 9.8 283.941
6 10 283.897
6.2 0 289.043
6.2 0.2 289.107
6.2 0.4 289.175
6.2 0.6 289.246
6.2 0.8 289.318
6.2 1 289.389
6.2 1.2 289.459
6.2 1.4 289.526
6.2 1.6 289.585
6.2 1.8 289.634
6.2 2 289.67
6.2 2.2 289.69
6.2 2.4 289.691
6.2 2.6 289.67
6.2 2.8 289.625
6.2 3 289.555
6.2 3.2 289.46
6.2 3.4 289.34
6.2 3.6 289.196
6.2 3.8 289.03
6.2 4 288.845
6.2 4.2 288.643
6.2 4.4 288.429
6.2 4.6 288.205
6.2 4.8 287.975
6.2 5 287.742
6.2 5.2 287.507
6.2 5.4 287.274
6.2 5.6 287.044
6.2 5.8 286.818
6.2 6 286.598
6.2 6.2 286.385
6.2 6.4 286.179
6.2 6.6 285.98
6.2 6.8 285.79
6.2 7 285.608
6.2 7.2 285.435
6.2 7.4 285.272
6.2 7.6 285.117
6.2 7.8 284.971
6.2 8 284.835
6.2 8.2 284.708
6.2 8.4 284.59
6.2 8.6 284.481
6.2 8.8 284.382
6.2 9 284.292
6.2 9.2 284.212
6.2 9.4 284.14
6.2 9.6 284.078
6.2 9.8 284.025
6.2 10 283.981
6.4 0 289.391
6.4 0.2 289.457
6.4 0.4 289.528
6.4 0.6 289.605
6.4 0.8 289.685
6.4 1 289.768
6.4 1.2 289.85
6.4 1.4 289.93
6.4 1.6 290.004
6.4 1.8 290.069
6.4 2 290.119
6.4 2.2 290.152
6.4 2.4 290.162
6.4 2.6 290.147
6.4 2.8 290.105
6.4 3 290.033
6.4 3.2 289.932
6.4 3.4 289.802
6.4 3.6 289.643
6.4 3.8 289.46
6.4 4 289.254
6.4 4.2 289.031
6.4 4.4 288.793
6.4 4.6 288.545
6.4 4.8 288.292
6.4 5 288.035
6.4 5.2 287.779
6.4 5.4 287.526
6.4 5.6 287.277
6.4 5.8 287.035
6.4 6 286.799
6.4 6.2 286.571
6.4 6.4 286.352
6.4 6.6 286.142
6.4 6.8 285.941
6.4 7 285.75
6.4 7.2 285.568
6.4 7.4 285.396
6.4 7.6 285.234
6.4 7.8 285.083
6.4 8 284.941
6.4 8.2 284.809
6.4 8.4 284.686
6.4 8.6 284.574
6.4 8.8 284.472
6.4 9 284.379
6.4 9.2 284.296
6.4 9.4 284.223
6.4 9.6 284.16
6.4 9.8 284.106
6.4 10 284.061
6.6 0 289.74
6.6 0.2 289.807
6.6 0.4 289.883
6.6 0.6 289.966
6.6 0.8 290.057
6.6 1 290.152
6.6 1.2 290.25
6.6 1.4 290.347
6.6 1.6 290.44
6.6 1.8 290.523
6.6 2 290.592
6.6 2.2 290.64
6.6 2.4 290.664
6.6 2.6 290.658
6.6 2.8 290.62
6.6 3 290.547
6.6 3.2 290.44
6.6 3.4 290.298
6.6 3.6 290.123
6.6 3.8 289.918
6.6 4 289.688
6.6 4.2 289.438
6.6 4.4 289.172
6.6 4.6 288.897
6.6 4.8 288.616
6.6 5 288.335
6.6 5.2 288.055
6.6 5.4 287.78
6.6 5.6 287.511
6.6 5.8 287.25
6.6 6 286.998
6.6 6.2 286.755
6.6 6.4 286.522
6.6 6.6 286.3
6.6 6.8 286.088
6.6 7 285.887
6.6 7.2 285.697
6.6 7.4 285.517
6.6 7.6 285.348
6.6 7.8 285.19
6.6 8 285.042
6.6 8.2 284.905
6.6 8.4 284.779
6.6 8.6 284.663
6.6 8.8 284.557
6.6 9 284.462
6.6 9.2 284.377
6.6 9.4 284.302
6.6 9.6 284.237
6.6 9.8 284.183
6.6 10 284.138
6.8 0 290.086
6.8 0.2 290.154
6.8 0.4 290.235
6.8 0.6 290.327
6.8 0.8 290.429
6.8 1 290.54
6.8 1.2 290.656
6.8 1.4 290.774
6.8 1.6 290.89
6.8 1.8 290.998
6.8 2 291.09
6.8 2.2 291.16
6.8 2.4 291.201
6.8 2.6 291.207
6.8 2.8 291.175
6.8 3 291.102
6.8 3.2 290.988
6.8 3.4 290.832
6.8 3.6 290.637
6.8 3.8 290.408
6.8 4 290.149
6.8 4.2 289.866
6.8 4.4 289.568
6.8 4.6 289.26
6.8 4.8 288.948
6.8 5 288.638
6.8 5.2 288.332
6.8 5.4 288.033
6.8 5.6 287.743
6.8 5.8 287.462
6.8 6 287.193
6.8 6.2 286.935
6.8 6.4 286.688
6.8 6.6 286.454
6.8 6.8 286.231
6.8 7 286.02
6.8 7.2 285.821
6.8 7.4 285.633
6.8 7.6 285.457
6.8 7.8 285.292
6.8 8 285.139
6.8 8.2 284.997
6.8 8.4 284.866
6.8 8.6 284.747
6.8 8.8 284.638
6.8 9 284.54
6.8 9.2 284.453
6.8 9.4 284.376
6.8 9.6 284.31
6.8 9.8 284.255
6.8 10 284.21
7 0 290.426
7 0.2 290.496
7 0.4 290.582
7 0.6 290.684
7 0.8 290.799
7 1 290.927
7 1.2 291.065
7 1.4 291.21
7 1.6 291.355
7 1.8 291.494
7 2 291.617
7 2.2 291.715
7 2.4 291.779
7 2.6 291.801
7 2.8 291.778
7 3 291.705
7 3.2 291.583
7 3.4 291.411
7 3.6 291.193
7 3.8 290.933
7 4 290.638
7 4.2 290.317
7 4.4 289.979
7 4.6 289.632
7 4.8 289.285
7 5 288.942
7 5.2 288.607
7 5.4 288.283
7 5.6 287.97
7 5.8 287.67
7 6 287.383
7 6.2 287.109
7 6.4 286.849
7 6.6 286.602
7 6.8 286.368
7 7 286.147
7 7.2 285.939
7 7.4 285.743
7 7.6 285.56
7 7.8 285.389
7 8 285.231
7 8.2 285.084
7 8.4 284.949
7 8.6 284.826
7 8.8 284.714
7 9 284.613
7 9.2 284.524
7 9.4 284.446
7 9.6 284.379
7 9.8 284.322
7 10 284.277
7.2 0 290.757
7.2 0.2 290.828
7.2 0.4 290.92
7.2 0.6 291.032
7.2 0.8 291.162
7.2 1 291.31
7.2 1.2 291.474
7.2 1.4 291.65
7.2 1.6 291.832
7.2 1.8 292.011
7.2 2 292.175
7.2 2.2 292.31
7.2 2.4 292.403
7.2 2.6 292.447
7.2 2.8 292.434
7.2 3 292.363
7.2 3.2 292.233
7.2 3.4 292.043
7.2 3.6 291.797
7.2 3.8 291.5
7.2 4 291.16
7.2 4.2 290.79
7.2 4.4 290.403
7.2 4.6 290.012
7.2 4.8 289.624
7.2 5 289.245
7.2 5.2 288.879
7.2 5.4 288.527
7.2 5.6 288.191
7.2 5.8 287.87
7.2 6 287.565
7.2 6.2 287.276
7.2 6.4 287.001
7.2 6.6 286.742
7.2 6.8 286.497
7.2 7 286.267
7.2 7.2 286.05
7.2 7.4 285.847
7.2 7.6 285.657
7.2 7.8 285.48
7.2 8 285.316
7.2 8.2 285.165
7.2 8.4 285.026
7.2 8.6 284.899
7.2 8.8 284.784
7.2 9 284.681
7.2 9.2 284.589
7.2 9.4 284.51
7.2 9.6 284.441
7.2 9.8 284.385
7.2 10 284.339
7.4 0 291.074
7.4 0.2 291.146
7.4 0.4 291.244
7.4 0.6 291.366
7.4 0.8 291.513
7.4 1 291.684
7.4 1.2 291.877
7.4 1.4 292.09
7.4 1.6 292.318
7.4 1.8 292.549
7.4 2 292.768
7.4 2.2 292.952
7.4 2.4 293.084
7.4 2.6 293.154
7.4 2.8 293.156
7.4 3 293.088
7.4 3.2 292.948
7.4 3.4 292.737
7.4 3.6 292.457
7.4 3.8 292.115
7.4 4 291.719
7.4 4.2 291.286
7.4 4.4 290.839
7.4 4.6 290.393
7.4 4.8 289.959
7.4 5 289.541
7.4 5.2 289.142
7.4 5.4 288.762
7.4 5.6 288.402
7.4 5.8 288.061
7.4 6 287.738
7.4 6.2 287.433
7.4 6.4 287.145
7.4 6.6 286.874
7.4 6.8 286.619
7.4 7 286.379
7.4 7.2 286.154
7.4 7.4 285.943
7.4 7.6 285.747
7.4 7.8 285.564
7.4 8 285.395
7.4 8.2 285.239
7.4 8.4 285.096
7.4 8.6 284.966
7.4 8.8 284.848
7.4 9 284.742
7.4 9.2 284.649
7.4 9.4 284.568
7.4 9.6 284.499
7.4 9.8 284.441
7.4 10 284.396
7.6 0 291.372
7.6 0.2 291.446
7.6 0.4 291.549
7.6 0.6 291.683
7.6 0.8 291.846
7.6 1 292.041
7.6 1.2 292.266
7.6 1.4 292.522
7.6 1.6 292.805
7.6 1.8 293.106
7.6 2 293.402
7.6 2.2 293.651
7.6 2.4 293.832
7.6 2.6 293.935
7.6 2.8 293.954
7.6 3 293.889
7.6 3.2 293.739
7.6 3.4 293.505
7.6 3.6 293.186
7.6 3.8 292.788
7.6 4 292.32
7.6 4.2 291.803
7.6 4.4 291.279
7.6 4.6 290.769
7.6 4.8 290.283
7.6 5 289.824
7.6 5.2 289.391
7.6 5.4 288.983
7.6 5.6 288.6
7.6 5.8 288.239
7.6 6 287.899
7.6 6.2 287.579
7.6 6.4 287.278
7.6 6.6 286.996
7.6 6.8 286.73
7.6 7 286.481
7.6 7.2 286.248
7.6 7.4 286.031
7.6 7.6 285.828
7.6 7.8 285.64
7.6 8 285.466
7.6 8.2 285.306
7.6 8.4 285.159
7.6 8.6 285.026
7.6 8.8 284.905
7.6 9 284.798
7.6 9.2 284.703
7.6 9.4 284.62
7.6 9.6 284.55
7.6 9.8 284.492
7.6 10 284.446
7.8 0 291.647
7.8 0.2 291.722
7.8 0.4 291.831
7.8 0.6 291.975
7.8 0.8 292.154
7.8 1 292.372
7.8 1.2 292.63
7.8 1.4 292.932
7.8 1.6 293.28
7.8 1.8 293.672
7.8 2 294.089
7.8 2.2 294.427
7.8 2.4 294.666
7.8 2.6 294.805
7.8 2.8 294.843
7.8 3 294.782
7.8 3.2 294.622
7.8 3.4 294.363
7.8 3.6 294.002
7.8 3.8 293.539
7.8 4 292.976
7.8 4.2 292.332
7.8 4.4 291.71
7.8 4.6 291.128
7.8 4.8 290.588
7.8 5 290.087
7.8 5.2 289.621
7.8 5.4 289.187
7.8 5.6 288.781
7.8 5.8 288.402
7.8 6 288.046
7.8 6.2 287.712
7.8 6.4 287.4
7.8 6.6 287.106
7.8 6.8 286.831
7.8 7 286.574
7.8 7.2 286.334
7.8 7.4 286.11
7.8 7.6 285.901
7.8 7.8 285.708
7.8 8 285.53
7.8 8.2 285.365
7.8 8.4 285.215
7.8 8.6 285.079
7.8 8.8 284.956
7.8 9 284.846
7.8 9.2 284.749
7.8 9.4 284.665
7.8 9.6 284.594
7.8 9.8 284.536
7.8 10 284.49
8 0 291.894
8 0.2 291.97
8 0.4 292.084
8 0.6 292.236
8 0.8 292.43
8 1 292.668
8 1.2 292.956
8 1.4 293.302
8 1.6 293.717
8 1.8 294.223
8 2 294.856
8 2.2 295.305
8 2.4 295.606
8 2.6 295.78
8 2.8 295.835
8 3 295.778
8 3.2 295.609
8 3.4 295.327
8 3.6 294.926
8 3.8 294.395
8 4 293.716
8 4.2 292.848
8 4.4 292.106
8 4.6 291.45
8 4.8 290.859
8 5 290.32
8 5.2 289.825
8 5.4 289.367
8 5.6 288.942
8 5.8 288.546
8 6 288.177
8 6.2 287.831
8 6.4 287.507
8 6.6 287.204
8 6.8 286.921
8 7 286.656
8 7.2 286.409
8 7.4 286.179
8 7.6 285.965
8 7.8 285.767
8 8 285.584
8 8.2 285.416
8 8.4 285.263
8 8.6 285.124
8 8.8 284.999
8 9 284.887
8 9.2 284.789
8 9.4 284.703
8 9.6 284.632
8 9.8 284.573
8 10 284.526
8.2 0 292.109
8.2 0.2 292.186
8.2 0.4 292.304
8.2 0.6 292.463
8.2 0.8 292.667
8.2 1 292.921
8.2 1.2 293.231
8.2 1.4 293.608
8.2 1.6 294.071
8.2 1.8 294.647
8.2 2 295.379
8.2 2.2 295.897
8.2 2.4 296.241
8.2 2.6 296.439
8.2 2.8 296.507
8.2 3 296.452
8.2 3.2 296.276
8.2 3.4 295.977
8.2 3.6 295.546
8.2 3.8 294.967
8.2 4 294.213
8.2 4.2 293.241
8.2 4.4 292.422
8.2 4.6 291.713
8.2 4.8 291.083
8.2 5 290.516
8.2 5.2 289.998
8.2 5.4 289.521
8.2 5.6 289.081
8.2 5.8 288.671
8.2 6 288.289
8.2 6.2 287.933
8.2 6.4 287.599
8.2 6.6 287.288
8.2 6.8 286.997
8.2 7 286.726
8.2 7.2 286.473
8.2 7.4 286.237
8.2 7.6 286.019
8.2 7.8 285.816
8.2 8 285.63
8.2 8.2 285.459
8.2 8.4 285.303
8.2 8.6 285.161
8.2 8.8 285.034
8.2 9 284.92
8.2 9.2 284.82
8.2 9.4 284.734
8.2 9.6 284.662
8.2 9.8 284.602
8.2 10 284.556
8.4 0 292.29
8.4 0.2 292.367
8.4 0.4 292.487
8.4 0.6 292.651
8.4 0.8 292.861
8.4 1 293.122
8.4 1.2 293.443
8.4 1.4 293.835
8.4 1.6 294.317
8.4 1.8 294.919
8.4 2 295.684
8.4 2.2 296.226
8.4 2.4 296.587
8.4 2.6 296.795
8.4 2.8 296.867
8.4 3 296.812
8.4 3.2 296.632
8.4 3.4 296.324
8.4 3.6 295.878
8.4 3.8 295.278
8.4 4 294.495
8.4 4.2 293.486
8.4 4.4 292.636
8.4 4.6 291.901
8.4 4.8 291.252
8.4 5 290.667
8.4 5.2 290.135
8.4 5.4 289.646
8.4 5.6 289.193
8.4 5.8 288.773
8.4 6 288.382
8.4 6.2 288.017
8.4 6.4 287.676
8.4 6.6 287.358
8.4 6.8 287.06
8.4 7 286.783
8.4 7.2 286.525
8.4 7.4 286.285
8.4 7.6 286.062
8.4 7.8 285.856
8.4 8 285.666
8.4 8.2 285.492
8.4 8.4 285.333
8.4 8.6 285.189
8.4 8.8 285.06
8.4 9 284.945
8.4 9.2 284.844
8.4 9.4 284.757
8.4 9.6 284.684
8.4 9.8 284.624
8.4 10 284.578
8.6 0 292.435
8.6 0.2 292.513
8.6 0.4 292.634
8.6 0.6 292.798
8.6 0.8 293.009
8.6 1 293.27
8.6 1.2 293.589
8.6 1.4 293.977
8.6 1.6 294.449
8.6 1.8 295.035
8.6 2 295.777
8.6 2.2 296.302
8.6 2.4 296.652
8.6 2.6 296.853
8.6 2.8 296.922
8.6 3 296.864
8.6 3.2 296.682
8.6 3.4 296.374
8.6 3.6 295.932
8.6 3.8 295.339
8.6 4 294.569
8.6 4.2 293.579
8.6 4.4 292.74
8.6 4.6 292.011
8.6 4.8 291.361
8.6 5 290.773
8.6 5.2 290.235
8.6 5.4 289.739
8.6 5.6 289.28
8.6 5.8 288.853
8.6 6 288.455
8.6 6.2 288.083
8.6 6.4 287.736
8.6 6.6 287.412
8.6 6.8 287.109
8.6 7 286.827
8.6 7.2 286.564
8.6 7.4 286.32
8.6 7.6 286.094
8.6 7.8 285.885
8.6 8 285.692
8.6 8.2 285.516
8.6 8.4 285.355
8.6 8.6 285.209
8.6 8.8 285.078
8.6 9 284.962
8.6 9.2 284.86
8.6 9.4 284.772
8.6 9.6 284.698
8.6 9.8 284.638
8.6 10 284.592
8.8 0 292.543
8.8 0.2 292.621
8.8 0.4 292.742
8.8 0.6 292.905
8.8 0.8 293.112
8.8 1 293.367
8.8 1.2 293.673
8.8 1.4 294.039
8.8 1.6 294.475
8.8 1.8 295.001
8.8 2 295.653
8.8 2.2 296.117
8.8 2.4 296.43
8.8 2.6 296.61
8.8 2.8 296.667
8.8 3 296.604
8.8 3.2 296.424
8.8 3.4 296.125
8.8 3.6 295.7
8.8 3.8 295.142
8.8 4 294.429
8.8 4.2 293.524
8.8 4.4 292.743
8.8 4.6 292.046
8.8 4.8 291.414
8.8 5 290.834
8.8 5.2 290.298
8.8 5.4 289.802
8.8 5.6 289.34
8.8 5.8 288.909
8.8 6 288.506
8.8 6.2 288.13
8.8 6.4 287.779
8.8 6.6 287.45
8.8 6.8 287.144
8.8 7 286.858
8.8 7.2 286.591
8.8 7.4 286.344
8.8 7.6 286.115
8.8 7.8 285.903
8.8 8 285.708
8.8 8.2 285.53
8.8 8.4 285.367
8.8 8.6 285.22
8.8 8.8 285.087
8.8 9 284.97
8.8 9.2 284.867
8.8 9.4 284.779
8.8 9.6 284.705
8.8 9.8 284.644
8.8 10 284.598
9 0 292.616
9 0.2 292.694
9 0.4 292.813
9 0.6 292.973
9 0.8 293.173
9 1 293.416
9 1.2 293.704
9 1.4 294.037
9 1.6 294.418
9 1.8 294.841
9 2 295.287
9 2.2 295.65
9 2.4 295.908
9 2.6 296.057
9 2.8 296.097
9 3 296.029
9 3.2 295.853
9 3.4 295.567
9 3.6 295.171
9 3.8 294.664
9 4 294.05
9 4.2 293.35
9 4.4 292.667
9 4.6 292.023
9 4.8 291.42
9 5 290.856
9 5.2 290.329
9 5.4 289.836
9 5.6 289.375
9 5.8 288.943
9 6 288.538
9 6.2 288.159
9 6.4 287.804
9 6.6 287.473
9 6.8 287.163
9 7 286.874
9 7.2 286.605
9 7.4 286.355
9 7.6 286.124
9 7.8 285.91
9 8 285.713
9 8.2 285.533
9 8.4 285.369
9 8.6 285.221
9 8.8 285.088
9 9 284.969
9 9.2 284.866
9 9.4 284.777
9 9.6 284.702
9 9.8 284.642
9 10 284.596
9.2 0 292.655
9.2 0.2 292.733
9.2 0.4 292.851
9.2 0.6 293.005
9.2 0.8 293.198
9.2 1 293.428
9.2 1.2 293.694
9.2 1.4 293.994
9.2 1.6 294.323
9.2 1.8 294.669
9.2 2 295.006
9.2 2.2 295.291
9.2 2.4 295.499
9.2 2.6 295.618
9.2 2.8 295.641
9.2 3 295.567
9.2 3.2 295.395
9.2 3.4 295.124
9.2 3.6 294.757
9.2 3.8 294.298
9.2 4 293.76
9.2 4.2 293.165
9.2 4.4 292.559
9.2 4.6 291.964
9.2 4.8 291.392
9.2 5 290.847
9.2 5.2 290.332
9.2 5.4 289.845
9.2 5.6 289.386
9.2 5.8 288.955
9.2 6 288.549
9.2 6.2 288.169
9.2 6.4 287.813
9.2 6.6 287.479
9.2 6.8 287.167
9.2 7 286.876
9.2 7.2 286.606
9.2 7.4 286.354
9.2 7.6 286.121
9.2 7.8 285.906
9.2 8 285.708
9.2 8.2 285.526
9.2 8.4 285.361
9.2 8.6 285.212
9.2 8.8 285.078
9.2 9 284.959
9.2 9.2 284.856
9.2 9.4 284.766
9.2 9.6 284.692
9.2 9.8 284.631
9.2 10 284.585
9.4 0 292.662
9.4 0.2 292.74
9.4 0.4 292.856
9.4 0.6 293.006
9.4 0.8 293.191
9.4 1 293.408
9.4 1.2 293.656
9.4 1.4 293.928
9.4 1.6 294.217
9.4 1.8 294.509
9.4 2 294.784
9.4 2.2 295.017
9.4 2.4 295.187
9.4 2.6 295.28
9.4 2.8 295.289
9.4 3 295.21
9.4 3.2 295.042
9.4 3.4 294.784
9.4 3.6 294.441
9.4 3.8 294.019
9.4 4 293.532
9.4 4.2 292.999
9.4 4.4 292.444
9.4 4.6 291.888
9.4 4.8 291.343
9.4 5 290.816
9.4 5.2 290.311
9.4 5.4 289.831
9.4 5.6 289.376
9.4 5.8 288.946
9.4 6 288.541
9.4 6.2 288.161
9.4 6.4 287.804
9.4 6.6 287.469
9.4 6.8 287.156
9.4 7 286.864
9.4 7.2 286.592
9.4 7.4 286.34
9.4 7.6 286.106
9.4 7.8 285.89
9.4 8 285.691
9.4 8.2 285.509
9.4 8.4 285.343
9.4 8.6 285.194
9.4 8.8 285.059
9.4 9 284.94
9.4 9.2 284.836
9.4 9.4 284.747
9.4 9.6 284.672
9.4 9.8 284.611
9.4 10 284.565
9.6 0 292.639
9.6 0.2 292.718
9.6 0.4 292.831
9.6 0.6 292.978
9.6 0.8 293.156
9.6 1 293.365
9.6 1.2 293.598
9.6 1.4 293.85
9.6 1.6 294.113
9.6 1.8 294.372
9.6 2 294.611
9.6 2.2 294.811
9.6 2.4 294.956
9.6 2.6 295.032
9.6 2.8 295.031
9.6 3 294.949
9.6 3.2 294.783
9.6 3.4 294.535
9.6 3.6 294.208
9.6 3.8 293.812
9.6 4 293.357
9.6 4.2 292.859
9.6 4.4 292.337
9.6 4.6 291.807
9.6 4.8 291.281
9.6 5 290.767
9.6 5.2 290.272
9.6 5.4 289.798
9.6 5.6 289.346
9.6 5.8 288.919
9.6 6 288.515
9.6 6.2 288.135
9.6 6.4 287.778
9.6 6.6 287.443
9.6 6.8 287.13
9.6 7 286.838
9.6 7.2 286.566
9.6 7.4 286.313
9.6 7.6 286.078
9.6 7.8 285.862
9.6 8 285.663
9.6 8.2 285.481
9.6 8.4 285.315
9.6 8.6 285.165
9.6 8.8 285.031
9.6 9 284.912
9.6 9.2 284.808
9.6 9.4 284.718
9.6 9.6 284.644
9.6 9.8 284.583
9.6 10 284.537
9.8 0 292.588
9.8 0.2 292.667
9.8 0.4 292.779
9.8 0.6 292.923
9.8 0.8 293.098
9.8 1 293.301
9.8 1.2 293.527
9.8 1.4 293.769
9.8 1.6 294.018
9.8 1.8 294.26
9.8 2 294.482
9.8 2.2 294.667
9.8 2.4 294.798
9.8 2.6 294.866
9.8 2.8 294.86
9.8 3 294.776
9.8 3.2 294.612
9.8 3.4 294.369
9.8 3.6 294.052
9.8 3.8 293.668
9.8 4 293.229
9.8 4.2 292.749
9.8 4.4 292.244
9.8 4.6 291.728
9.8 4.8 291.212
9.8 5 290.707
9.8 5.2 290.217
9.8 5.4 289.747
9.8 5.6 289.299
9.8 5.8 288.873
9.8 6 288.471
9.8 6.2 288.092
9.8 6.4 287.736
9.8 6.6 287.402
9.8 6.8 287.089
9.8 7 286.797
9.8 7.2 286.525
9.8 7.4 286.273
9.8 7.6 286.039
9.8 7.8 285.823
9.8 8 285.624
9.8 8.2 285.442
9.8 8.4 285.277
9.8 8.6 285.127
9.8 8.8 284.993
9.8 9 284.874
9.8 9.2 284.77
9.8 9.4 284.681
9.8 9.6 284.606
9.8 9.8 284.546
9.8 10 284.5
10 0 292.588
10 0.2 292.588
10 0.4 292.7
10 0.6 292.844
10 0.8 293.018
10 1 293.22
10 1.2 293.445
10 1.4 293.686
10 1.6 293.934
10 1.8 294.176
10 2 294.397
10 2.2 294.58
10 2.4 294.712
10 2.6 294.779
10 2.8 294.773
10 3 294.689
10 3.2 294.526
10 3.4 294.284
10 3.6 293.968
10 3.8 293.586
10 4 293.149
10 4.2 292.671
10 4.4 292.167
10 4.6 291.653
10 4.8 291.14
10 5 290.636
10 5.2 290.148
10 5.4 289.68
10 5.6 289.234
10 5.8 288.81
10 6 288.409
10 6.2 288.032
10 6.4 287.677
10 6.6 287.344
10 6.8 287.033
10 7 286.742
10 7.2 286.472
10 7.4 286.22
10 7.6 285.987
10 7.8 285.772
10 8 285.574
10 8.2 285.392
10 8.4 285.228
10 8.6 285.079
10 8.8 284.945
10 9 284.827
10 9.2 284.723
10 9.4 284.634
10 9.6 284.56
10 9.8 284.5
10 10 284.5
