0 0 273
0 0.2 273
0 0.4 273
0 0.6 273
0 0.8 273
0 1 273
0 1.2 273
0 1.4 273
0 1.6 273
0 1.8 273
0 2 273
0 2.2 273
0 2.4 273
0 2.6 273
0 2.8 273
0 3 273
0 3.2 273
0 3.4 273
0 3.6 273
0 3.8 273
0 4 273
0 4.2 273
0 4.4 273
0 4.6 273
0 4.8 273
0 5 273
0 5.2 273
0 5.4 273
0 5.6 273
0 5.8 273
0 6 273
0 6.2 273
0 6.4 273
0 6.6 273
0 6.8 273
0 7 273
0 7.2 273
0 7.4 273
0 7.6 273
0 7.8 273
0 8 273
0 8.2 273
0 8.4 273
0 8.6 273
0 8.8 273
0 9 273
0 9.2 273
0 9.4 273
0 9.6 273
0 9.8 273
0 10 273
0.2 0 273
0.2 0.2 273
0.2 0.4 273
0.2 0.6 273
0.2 0.8 273
0.2 1 273
0.2 1.2 273
0.2 1.4 273
0.2 1.6 273
0.2 1.8 273
0.2 2 273
0.2 2.2 273
0.2 2.4 273
0.2 2.6 273
0.2 2.8 273
0.2 3 273
0.2 3.2 273
0.2 3.4 273
0.2 3.6 273
0.2 3.8 273
0.2 4 273
0.2 4.2 273
0.2 4.4 273
0.2 4.6 273
0.2 4.8 273
0.2 5 273
0.2 5.2 273
0.2 5.4 273
0.2 5.6 273
0.2 5.8 273
0.2 6 273
0.2 6.2 273
0.2 6.4 273
0.2 6.6 273
0.2 6.8 273
0.2 7 273
0.2 7.2 273
0.2 7.4 273
0.2 7.6 273
0.2 7.8 273
0.2 8 273
0.2 8.2 273
0.2 8.4 273
0.2 8.6 273
0.2 8.8 273
0.2 9 273
0.2 9.2 273
0.2 9.4 273
0.2 9.6 273
0.2 9.8 273
0.2 10 273
0.4 0 273
0.4 0.2 273
0.4 0.4 273
0.4 0.6 273
0.4 0.8 273
0.4 1 273
0.4 1.2 273
0.4 1.4 273
0.4 1.6 273
0.4 1.8 273
0.4 2 273
0.4 2.2 273
0.4 2.4 273
0.4 2.6 273
0.4 2.8 273
0.4 3 273
0.4 3.2 273
0.4 3.4 273
0.4 3.6 273
0.4 3.8 273
0.4 4 273
0.4 4.2 273
0.4 4.4 273
0.4 4.6 273
0.4 4.8 273
0.4 5 273
0.4 5.2 273
0.4 5.4 273
0.4 5.6 273
0.4 5.8 273
0.4 6 273
0.4 6.2 273
0.4 6.4 273
0.4 6.6 273
0.4 6.8 273
0.4 7 273
0.4 7.2 273
0.4 7.4 273
0.4 7.6 273
0.4 7.8 273
0.4 8 273
0.4 8.2 273
0.4 8.4 273
0.4 8.6 273
0.4 8.8 273
0.4 9 273
0.4 9.2 273
0.4 9.4 273
0.4 9.6 273
0.4 9.8 273
0.4 10 273
0.6 0 273
0.6 0.2 273
0.6 0.4 273
0.6 0.6 273
0.6 0.8 273
0.6 1 273
0.6 1.2 273
0.6 1.4 273
0.6 1.6 273
0.6 1.8 273
0.6 2 273
0.6 2.2 273
0.6 2.4 273
0.6 2.6 273
0.6 2.8 273
0.6 3 273
0.6 3.2 273
0.6 3.4 273
0.6 3.6 273
0.6 3.8 273
0.6 4 273
0.6 4.2 273
0.6 4.4 273
0.6 4.6 273
0.6 4.8 273
0.6 5 273
0.6 5.2 273
0.6 5.4 273
0.6 5.6 273
0.6 5.8 273
0.6 6 273
0.6 6.2 273
0.6 6.4 273
0.6 6.6 273
0.6 6.8 273
0.6 7 273
0.6 7.2 273
0.6 7.4 273
0.6 7.6 273
0.6 7.8 273
0.6 8 273
0.6 8.2 273
0.6 8.4 273
0.6 8.6 273
0.6 8.8 273
0.6 9 273
0.6 9.2 273
0.6 9.4 273
0.6 9.6 273
0.6 9.8 273
0.6 10 273
0.8 0 273
0.8 0.2 273
0.8 0.4 273
0.8 0.6 273
0.8 0.8 273
0.8 1 273
0.8 1.2 273
0.8 1.4 273
0.8 1.6 273
0.8 1.8 273
0.8 2 273
0.8 2.2 273
0.8 2.4 273
0.8 2.6 273
0.8 2.8 273
0.8 3 273
0.8 3.2 273
0.8 3.4 273
0.8 3.6 273
0.8 3.8 273
0.8 4 273
0.8 4.2 273
0.8 4.4 273
0.8 4.6 273
0.8 4.8 273
0.8 5 273
0.8 5.2 273
0.8 5.4 273
0.8 5.6 273
0.8 5.8 273
0.8 6 273
0.8 6.2 273
0.8 6.4 273
0.8 6.6 273
0.8 6.8 273
0.8 7 273
0.8 7.2 273
0.8 7.4 273
0.8 7.6 273
0.8 7.8 273
0.8 8 273
0.8 8.2 273
0.8 8.4 273
0.8 8.6 273
0.8 8.8 273
0.8 9 273
0.8 9.2 273
0.8 9.4 273
0.8 9.6 273
0.8 9.8 273
0.8 10 273
1 0 273
1 0.2 273
1 0.4 273
1 0.6 273
1 0.8 273
1 1 273
1 1.2 273
1 1.4 273
1 1.6 273
1 1.8 273
1 2 273
1 2.2 273
1 2.4 273
1 2.6 273
1 2.8 273
1 3 273
1 3.2 273
1 3.4 273
1 3.6 273
1 3.8 273
1 4 273
1 4.2 273
1 4.4 273
1 4.6 273
1 4.8 273
1 5 273
1 5.2 273
1 5.4 273
1 5.6 273
1 5.8 273
1 6 273
1 6.2 273
1 6.4 273
1 6.6 273
1 6.8 273
1 7 273
1 7.2 273
1 7.4 273
1 7.6 273
1 7.8 273
1 8 273
1 8.2 273
1 8.4 273
1 8.6 273
1 8.8 273
1 9 273
1 9.2 273
1 9.4 273
1 9.6 273
1 9.8 273
1 10 273
1.2 0 273
1.2 0.2 273
1.2 0.4 273
1.2 0.6 273
1.2 0.8 273
1.2 1 273
1.2 1.2 273
1.2 1.4 273
1.2 1.6 273
1.2 1.8 273
1.2 2 273
1.2 2.2 273
1.2 2.4 273
1.2 2.6 273
1.2 2.8 273
1.2 3 273
1.2 3.2 273
1.2 3.4 273
1.2 3.6 273
1.2 3.8 273
1.2 4 273
1.2 4.2 273
1.2 4.4 273
1.2 4.6 273
1.2 4.8 273
1.2 5 273
1.2 5.2 273
1.2 5.4 273
1.2 5.6 273
1.2 5.8 273
1.2 6 273
1.2 6.2 273
1.2 6.4 273
1.2 6.6 273
1.2 6.8 273
1.2 7 273
1.2 7.2 273
1.2 7.4 273
1.2 7.6 273
1.2 7.8 273
1.2 8 273
1.2 8.2 273
1.2 8.4 273
1.2 8.6 273
1.2 8.8 273
1.2 9 273
1.2 9.2 273
1.2 9.4 273
1.2 9.6 273
1.2 9.8 273
1.2 10 273
1.4 0 273
1.4 0.2 273
1.4 0.4 273
1.4 0.6 273
1.4 0.8 273
1.4 1 273
1.4 1.2 273
1.4 1.4 273
1.4 1.6 273
1.4 1.8 273
1.4 2 273
1.4 2.2 273
1.4 2.4 273
1.4 2.6 273
1.4 2.8 273
1.4 3 273
1.4 3.2 273
1.4 3.4 273
1.4 3.6 273
1.4 3.8 273
1.4 4 273
1.4 4.2 273
1.4 4.4 273
1.4 4.6 273
1.4 4.8 273
1.4 5 273
1.4 5.2 273
1.4 5.4 273
1.4 5.6 273
1.4 5.8 273
1.4 6 273
1.4 6.2 273
1.4 6.4 273
1.4 6.6 273
1.4 6.8 273
1.4 7 273
1.4 7.2 273
1.4 7.4 273
1.4 7.6 273
1.4 7.8 273
1.4 8 273
1.4 8.2 273
1.4 8.4 273
1.4 8.6 273
1.4 8.8 273
1.4 9 273
1.4 9.2 273
1.4 9.4 273
1.4 9.6 273
1.4 9.8 273
1.4 10 273
1.6 0 273
1.6 0.2 273
1.6 0.4 273
1.6 0.6 273
1.6 0.8 273
1.6 1 273
1.6 1.2 273
1.6 1.4 273
1.6 1.6 273
1.6 1.8 273
1.6 2 273
1.6 2.2 273
1.6 2.4 273
1.6 2.6 273
1.6 2.8 273
1.6 3 273
1.6 3.2 273
1.6 3.4 273
1.6 3.6 273
1.6 3.8 273
1.6 4 273
1.6 4.2 273
1.6 4.4 273
1.6 4.6 273
1.6 4.8 273
1.6 5 273
1.6 5.2 273
1.6 5.4 273
1.6 5.6 273
1.6 5.8 273
1.6 6 273
1.6 6.2 273
1.6 6.4 273
1.6 6.6 273
1.6 6.8 273
1.6 7 273
1.6 7.2 273
1.6 7.4 273
1.6 7.6 273
1.6 7.8 273
1.6 8 273
1.6 8.2 273
1.6 8.4 273
1.6 8.6 273
1.6 8.8 273
1.6 9 273
1.6 9.2 273
1.6 9.4 273
1.6 9.6 273
1.6 9.8 273
1.6 10 273
1.8 0 273
1.8 0.2 273
1.8 0.4 273
1.8 0.6 273
1.8 0.8 273
1.8 1 273
1.8 1.2 273
1.8 1.4 273
1.8 1.6 273
1.8 1.8 273
1.8 2 273
1.8 2.2 273
1.8 2.4 273
1.8 2.6 273
1.8 2.8 273
1.8 3 273
1.8 3.2 273
1.8 3.4 273
1.8 3.6 273
1.8 3.8 273
1.8 4 273
1.8 4.2 273
1.8 4.4 273
1.8 4.6 273
1.8 4.8 273
1.8 5 273
1.8 5.2 273
1.8 5.4 273
1.8 5.6 273
1.8 5.8 273
1.8 6 273
1.8 6.2 273
1.8 6.4 273
1.8 6.6 273
1.8 6.8 273
1.8 7 273
1.8 7.2 273
1.8 7.4 273
1.8 7.6 273
1.8 7.8 273
1.8 8 273
1.8 8.2 273
1.8 8.4 273
1.8 8.6 273
1.8 8.8 273
1.8 9 273
1.8 9.2 273
1.8 9.4 273
1.8 9.6 273
1.8 9.8 273
1.8 10 273
2 0 273
2 0.2 273
2 0.4 273
2 0.6 273
2 0.8 273
2 1 273
2 1.2 273
2 1.4 273
2 1.6 273
2 1.8 273
2 2 273
2 2.2 273
2 2.4 273
2 2.6 273
2 2.8 273
2 3 273
2 3.2 273
2 3.4 273
2 3.6 273
2 3.8 273
2 4 273
2 4.2 273
2 4.4 273
2 4.6 273
2 4.8 273
2 5 273
2 5.2 273
2 5.4 273
2 5.6 273
2 5.8 273
2 6 273
2 6.2 273
2 6.4 273
2 6.6 273
2 6.8 273
2 7 273
2 7.2 273
2 7.4 273
2 7.6 273
2 7.8 273
2 8 273
2 8.2 273
2 8.4 273
2 8.6 273
2 8.8 273
2 9 273
2 9.2 273
2 9.4 273
2 9.6 273
2 9.8 273
2 10 273
2.2 0 273
2.2 0.2 273
2.2 0.4 273
2.2 0.6 273
2.2 0.8 273
2.2 1 273
2.2 1.2 273
2.2 1.4 273
2.2 1.6 273
2.2 1.8 273
2.2 2 273
2.2 2.2 273
2.2 2.4 273
2.2 2.6 273
2.2 2.8 273
2.2 3 273
2.2 3.2 273
2.2 3.4 273
2.2 3.6 273
2.2 3.8 273
2.2 4 273
2.2 4.2 273
2.2 4.4 273
2.2 4.6 273
2.2 4.8 273
2.2 5 273
2.2 5.2 273
2.2 5.4 273
2.2 5.6 273
2.2 5.8 273
2.2 6 273
2.2 6.2 273
2.2 6.4 273
2.2 6.6 273
2.2 6.8 273
2.2 7 273
2.2 7.2 273
2.2 7.4 273
2.2 7.6 273
2.2 7.8 273
2.2 8 273
2.2 8.2 273
2.2 8.4 273
2.2 8.6 273
2.2 8.8 273
2.2 9 273
2.2 9.2 273
2.2 9.4 273
2.2 9.6 273
2.2 9.8 273
2.2 10 273
2.4 0 273
2.4 0.2 273
2.4 0.4 273
2.4 0.6 273
2.4 0.8 273
2.4 1 273
2.4 1.2 273
2.4 1.4 273
2.4 1.6 273
2.4 1.8 273
2.4 2 273
2.4 2.2 273
2.4 2.4 273
2.4 2.6 273
2.4 2.8 273
2.4 3 273
2.4 3.2 273
2.4 3.4 273
2.4 3.6 273
2.4 3.8 273
2.4 4 273
2.4 4.2 273
2.4 4.4 273
2.4 4.6 273
2.4 4.8 273
2.4 5 273
2.4 5.2 273
2.4 5.4 273
2.4 5.6 273
2.4 5.8 273
2.4 6 273
2.4 6.2 273
2.4 6.4 273
2.4 6.6 273
2.4 6.8 273
2.4 7 273
2.4 7.2 273
2.4 7.4 273
2.4 7.6 273
2.4 7.8 273
2.4 8 273
2.4 8.2 273
2.4 8.4 273
2.4 8.6 273
2.4 8.8 273
2.4 9 273
2.4 9.2 273
2.4 9.4 273
2.4 9.6 273
2.4 9.8 273
2.4 10 273
2.6 0 273
2.6 0.2 273
2.6 0.4 273
2.6 0.6 273
2.6 0.8 273
2.6 1 273
2.6 1.2 273
2.6 1.4 273
2.6 1.6 273
2.6 1.8 273
2.6 2 273
2.6 2.2 273
2.6 2.4 273
2.6 2.6 273
2.6 2.8 273
2.6 3 273
2.6 3.2 273
2.6 3.4 273
2.6 3.6 273
2.6 3.8 273
2.6 4 273
2.6 4.2 273
2.6 4.4 273
2.6 4.6 273
2.6 4.8 273
2.6 5 273
2.6 5.2 273
2.6 5.4 273
2.6 5.6 273
2.6 5.8 273
2.6 6 273
2.6 6.2 273
2.6 6.4 273
2.6 6.6 273
2.6 6.8 273
2.6 7 273
2.6 7.2 273
2.6 7.4 273
2.6 7.6 273
2.6 7.8 273
2.6 8 273
2.6 8.2 273
2.6 8.4 273
2.6 8.6 273
2.6 8.8 273
2.6 9 273
2.6 9.2 273
2.6 9.4 273
2.6 9.6 273
2.6 9.8 273
2.6 10 273
2.8 0 273
2.8 0.2 273
2.8 0.4 273
2.8 0.6 273
2.8 0.8 273
2.8 1 273
2.8 1.2 273
2.8 1.4 273
2.8 1.6 273
2.8 1.8 273
2.8 2 273
2.8 2.2 273
2.8 2.4 273
2.8 2.6 273
2.8 2.8 273
2.8 3 273
2.8 3.2 273
2.8 3.4 273
2.8 3.6 273
2.8 3.8 273
2.8 4 273
2.8 4.2 273
2.8 4.4 273
2.8 4.6 273
2.8 4.8 273
2.8 5 273
2.8 5.2 273
2.8 5.4 273
2.8 5.6 273
2.8 5.8 273
2.8 6 273
2.8 6.2 273
2.8 6.4 273
2.8 6.6 273
2.8 6.8 273
2.8 7 273
2.8 7.2 273
2.8 7.4 273
2.8 7.6 273
2.8 7.8 273
2.8 8 273
2.8 8.2 273
2.8 8.4 273
2.8 8.6 273
2.8 8.8 273
2.8 9 273
2.8 9.2 273
2.8 9.4 273
2.8 9.6 273
2.8 9.8 273
2.8 10 273
3 0 273
3 0.2 273
3 0.4 273
3 0.6 273
3 0.8 273
3 1 273
3 1.2 273
3 1.4 273
3 1.6 273
3 1.8 273
3 2 273
3 2.2 273
3 2.4 273
3 2.6 273
3 2.8 273
3 3 273
3 3.2 273
3 3.4 273
3 3.6 273
3 3.8 273
3 4 273
3 4.2 273
3 4.4 273
3 4.6 273
3 4.8 273
3 5 273
3 5.2 273
3 5.4 273
3 5.6 273
3 5.8 273
3 6 273
3 6.2 273
3 6.4 273
3 6.6 273
3 6.8 273
3 7 273
3 7.2 273
3 7.4 273
3 7.6 273
3 7.8 273
3 8 273
3 8.2 273
3 8.4 273
3 8.6 273
3 8.8 273
3 9 273
3 9.2 273
3 9.4 273
3 9.6 273
3 9.8 273
3 10 273
3.2 0 273
3.2 0.2 273
3.2 0.4 273
3.2 0.6 273
3.2 0.8 273
3.2 1 273
3.2 1.2 273
3.2 1.4 273
3.2 1.6 273
3.2 1.8 273
3.2 2 273
3.2 2.2 273
3.2 2.4 273
3.2 2.6 273
3.2 2.8 273
3.2 3 273
3.2 3.2 273
3.2 3.4 273
3.2 3.6 273
3.2 3.8 273
3.2 4 273
3.2 4.2 273
3.2 4.4 273
3.2 4.6 273
3.2 4.8 273
3.2 5 273
3.2 5.2 273
3.2 5.4 273
3.2 5.6 273
3.2 5.8 273
3.2 6 273
3.2 6.2 273
3.2 6.4 273
3.2 6.6 273
3.2 6.8 273
3.2 7 273
3.2 7.2 273
3.2 7.4 273
3.2 7.6 273
3.2 7.8 273
3.2 8 273
3.2 8.2 273
3.2 8.4 273
3.2 8.6 273
3.2 8.8 273
3.2 9 273
3.2 9.2 273
3.2 9.4 273
3.2 9.6 273
3.2 9.8 273
3.2 10 273
3.4 0 273
3.4 0.2 273
3.4 0.4 273
3.4 0.6 273
3.4 0.8 273
3.4 1 273
3.4 1.2 273
3.4 1.4 273
3.4 1.6 273
3.4 1.8 273
3.4 2 273
3.4 2.2 273
3.4 2.4 273
3.4 2.6 273
3.4 2.8 273
3.4 3 273
3.4 3.2 273
3.4 3.4 273
3.4 3.6 273
3.4 3.8 273
3.4 4 273
3.4 4.2 273
3.4 4.4 273
3.4 4.6 273
3.4 4.8 273
3.4 5 273
3.4 5.2 273
3.4 5.4 273
3.4 5.6 273
3.4 5.8 273
3.4 6 273
3.4 6.2 273
3.4 6.4 273
3.4 6.6 273
3.4 6.8 273
3.4 7 273
3.4 7.2 273
3.4 7.4 273
3.4 7.6 273
3.4 7.8 273
3.4 8 273
3.4 8.2 273
3.4 8.4 273
3.4 8.6 273
3.4 8.8 273
3.4 9 273
3.4 9.2 273
3.4 9.4 273
3.4 9.6 273
3.4 9.8 273
3.4 10 273
3.6 0 273
3.6 0.2 273
3.6 0.4 273
3.6 0.6 273
3.6 0.8 273
3.6 1 273
3.6 1.2 273
3.6 1.4 273
3.6 1.6 273
3.6 1.8 273
3.6 2 273
3.6 2.2 273
3.6 2.4 273
3.6 2.6 273
3.6 2.8 273
3.6 3 273
3.6 3.2 273
3.6 3.4 273
3.6 3.6 273
3.6 3.8 273
3.6 4 273
3.6 4.2 273
3.6 4.4 273
3.6 4.6 273
3.6 4.8 273
3.6 5 273
3.6 5.2 273
3.6 5.4 273
3.6 5.6 273
3.6 5.8 273
3.6 6 273
3.6 6.2 273
3.6 6.4 273
3.6 6.6 273
3.6 6.8 273
3.6 7 273
3.6 7.2 273
3.6 7.4 273
3.6 7.6 273
3.6 7.8 273
3.6 8 273
3.6 8.2 273
3.6 8.4 273
3.6 8.6 273
3.6 8.8 273
3.6 9 273
3.6 9.2 273
3.6 9.4 273
3.6 9.6 273
3.6 9.8 273
3.6 10 273
3.8 0 273
3.8 0.2 273
3.8 0.4 273
3.8 0.6 273
3.8 0.8 273
3.8 1 273
3.8 1.2 273
3.8 1.4 273
3.8 1.6 273
3.8 1.8 273
3.8 2 273
3.8 2.2 273
3.8 2.4 273
3.8 2.6 273
3.8 2.8 273
3.8 3 273
3.8 3.2 273
3.8 3.4 273
3.8 3.6 273
3.8 3.8 273
3.8 4 273
3.8 4.2 273
3.8 4.4 273
3.8 4.6 273
3.8 4.8 273
3.8 5 273
3.8 5.2 273
3.8 5.4 273
3.8 5.6 273
3.8 5.8 273
3.8 6 273
3.8 6.2 273
3.8 6.4 273
3.8 6.6 273
3.8 6.8 273
3.8 7 273
3.8 7.2 273
3.8 7.4 273
3.8 7.6 273
3.8 7.8 273
3.8 8 273
3.8 8.2 273
3.8 8.4 273
3.8 8.6 273
3.8 8.8 273
3.8 9 273
3.8 9.2 273
3.8 9.4 273
3.8 9.6 273
3.8 9.8 273
3.8 10 273
4 0 273
4 0.2 273
4 0.4 273
4 0.6 273
4 0.8 273
4 1 273
4 1.2 273
4 1.4 273
4 1.6 273
4 1.8 273
4 2 273
4 2.2 273
4 2.4 273
4 2.6 273
4 2.8 273
4 3 273
4 3.2 273
4 3.4 273
4 3.6 273
4 3.8 273
4 4 273
4 4.2 273
4 4.4 273
4 4.6 273
4 4.8 273
4 5 273
4 5.2 273
4 5.4 273
4 5.6 273
4 5.8 273
4 6 273
4 6.2 273
4 6.4 273
4 6.6 273
4 6.8 273
4 7 273
4 7.2 273
4 7.4 273
4 7.6 273
4 7.8 273
4 8 273
4 8.2 273
4 8.4 273
4 8.6 273
4 8.8 273
4 9 273
4 9.2 273
4 9.4 273
4 9.6 273
4 9.8 273
4 10 273
4.2 0 273
4.2 0.2 273
4.2 0.4 273
4.2 0.6 273
4.2 0.8 273
4.2 1 273
4.2 1.2 273
4.2 1.4 273
4.2 1.6 273
4.2 1.8 273
4.2 2 273
4.2 2.2 273
4.2 2.4 273
4.2 2.6 273
4.2 2.8 273
4.2 3 273
4.2 3.2 273
4.2 3.4 273
4.2 3.6 273
4.2 3.8 273
4.2 4 273
4.2 4.2 273
4.2 4.4 273
4.2 4.6 273
4.2 4.8 273
4.2 5 273
4.2 5.2 273
4.2 5.4 273
4.2 5.6 273
4.2 5.8 273
4.2 6 273
4.2 6.2 273
4.2 6.4 273
4.2 6.6 273
4.2 6.8 273
4.2 7 273
4.2 7.2 273
4.2 7.4 273
4.2 7.6 273
4.2 7.8 273
4.2 8 273
4.2 8.2 273
4.2 8.4 273
4.2 8.6 273
4.2 8.8 273
4.2 9 273
4.2 9.2 273
4.2 9.4 273
4.2 9.6 273
4.2 9.8 273
4.2 10 273
4.4 0 273
4.4 0.2 273
4.4 0.4 273
4.4 0.6 273
4.4 0.8 273
4.4 1 273
4.4 1.2 273
4.4 1.4 273
4.4 1.6 273
4.4 1.8 273
4.4 2 273
4.4 2.2 273
4.4 2.4 273
4.4 2.6 273
4.4 2.8 273
4.4 3 273
4.4 3.2 273
4.4 3.4 273
4.4 3.6 273
4.4 3.8 273
4.4 4 273
4.4 4.2 273
4.4 4.4 273
4.4 4.6 273
4.4 4.8 273
4.4 5 273
4.4 5.2 273
4.4 5.4 273
4.4 5.6 273
4.4 5.8 273
4.4 6 273
4.4 6.2 273
4.4 6.4 273
4.4 6.6 273
4.4 6.8 273
4.4 7 273
4.4 7.2 273
4.4 7.4 273
4.4 7.6 273
4.4 7.8 273
4.4 8 273
4.4 8.2 273
4.4 8.4 273
4.4 8.6 273
4.4 8.8 273
4.4 9 273
4.4 9.2 273
4.4 9.4 273
4.4 9.6 273
4.4 9.8 273
4.4 10 273
4.6 0 273
4.6 0.2 273
4.6 0.4 273
4.6 0.6 273
4.6 0.8 273
4.6 1 273
4.6 1.2 273
4.6 1.4 273
4.6 1.6 273
4.6 1.8 273
4.6 2 273
4.6 2.2 273
4.6 2.4 273
4.6 2.6 273
4.6 2.8 273
4.6 3 273
4.6 3.2 273
4.6 3.4 273
4.6 3.6 273
4.6 3.8 273
4.6 4 273
4.6 4.2 273
4.6 4.4 273
4.6 4.6 273
4.6 4.8 273
4.6 5 273
4.6 5.2 273
4.6 5.4 273
4.6 5.6 273
4.6 5.8 273
4.6 6 273
4.6 6.2 273
4.6 6.4 273
4.6 6.6 273
4.6 6.8 273
4.6 7 273
4.6 7.2 273
4.6 7.4 273
4.6 7.6 273
4.6 7.8 273
4.6 8 273
4.6 8.2 273
4.6 8.4 273
4.6 8.6 273
4.6 8.8 273
4.6 9 273
4.6 9.2 273
4.6 9.4 273
4.6 9.6 273
4.6 9.8 273
4.6 10 273
4.8 0 273
4.8 0.2 273
4.8 0.4 273
4.8 0.6 273
4.8 0.8 273
4.8 1 273
4.8 1.2 273
4.8 1.4 273
4.8 1.6 273
4.8 1.8 273
4.8 2 273
4.8 2.2 273
4.8 2.4 273
4.8 2.6 273
4.8 2.8 273
4.8 3 273
4.8 3.2 273
4.8 3.4 273
4.8 3.6 273
4.8 3.8 273
4.8 4 273
4.8 4.2 273
4.8 4.4 273
4.8 4.6 273
4.8 4.8 273
4.8 5 273
4.8 5.2 273
4.8 5.4 273
4.8 5.6 273
4.8 5.8 273
4.8 6 273
4.8 6.2 273
4.8 6.4 273
4.8 6.6 273
4.8 6.8 273
4.8 7 273
4.8 7.2 273
4.8 7.4 273
4.8 7.6 273
4.8 7.8 273
4.8 8 273
4.8 8.2 273
4.8 8.4 273
4.8 8.6 273
4.8 8.8 273
4.8 9 273
4.8 9.2 273
4.8 9.4 273
4.8 9.6 273
4.8 9.8 273
4.8 10 273
5 0 273
5 0.2 273
5 0.4 273
5 0.6 273
5 0.8 273
5 1 273
5 1.2 273
5 1.4 273
5 1.6 273
5 1.8 273
5 2 273
5 2.2 273
5 2.4 273
5 2.6 273
5 2.8 273
5 3 273
5 3.2 273
5 3.4 273
5 3.6 273
5 3.8 273
5 4 273
5 4.2 273
5 4.4 273
5 4.6 273
5 4.8 273
5 5 273
5 5.2 273
5 5.4 273
5 5.6 273
5 5.8 273
5 6 273
5 6.2 273
5 6.4 273
5 6.6 273
5 6.8 273
5 7 273
5 7.2 273
5 7.4 273
5 7.6 273
5 7.8 273
5 8 273
5 8.2 273
5 8.4 273
5 8.6 273
5 8.8 273
5 9 273
5 9.2 273
5 9.4 273
5 9.6 273
5 9.8 273
5 10 273
5.2 0 273
5.2 0.2 273
5.2 0.4 273
5.2 0.6 273
5.2 0.8 273
5.2 1 273
5.2 1.2 273
5.2 1.4 273
5.2 1.6 273
5.2 1.8 273
5.2 2 273
5.2 2.2 273.001
5.2 2.4 273.001
5.2 2.6 273.001
5.2 2.8 273.001
5.2 3 273.001
5.2 3.2 273.001
5.2 3.4 273.001
5.2 3.6 273.001
5.2 3.8 273.001
5.2 4 273.001
5.2 4.2 273.001
5.2 4.4 273.001
5.2 4.6 273.001
5.2 4.8 273.001
5.2 5 273
5.2 5.2 273
5.2 5.4 273
5.2 5.6 273
5.2 5.8 273
5.2 6 273
5.2 6.2 273
5.2 6.4 273
5.2 6.6 273
5.2 6.8 273
5.2 7 273
5.2 7.2 273
5.2 7.4 273
5.2 7.6 273
5.2 7.8 273
5.2 8 273
5.2 8.2 273
5.2 8.4 273
5.2 8.6 273
5.2 8.8 273
5.2 9 273
5.2 9.2 273
5.2 9.4 273
5.2 9.6 273
5.2 9.8 273
5.2 10 273
5.4 0 273
5.4 0.2 273
5.4 0.4 273
5.4 0.6 273
5.4 0.8 273
5.4 1 273
5.4 1.2 273
5.4 1.4 273
5.4 1.6 273.001
5.4 1.8 273.001
5.4 2 273.001
5.4 2.2 273.002
5.4 2.4 273.002
5.4 2.6 273.002
5.4 2.8 273.002
5.4 3 273.003
5.4 3.2 273.003
5.4 3.4 273.003
5.4 3.6 273.003
5.4 3.8 273.003
5.4 4 273.002
5.4 4.2 273.002
5.4 4.4 273.002
5.4 4.6 273.002
5.4 4.8 273.001
5.4 5 273.001
5.4 5.2 273.001
5.4 5.4 273.001
5.4 5.6 273
5.4 5.8 273
5.4 6 273
5.4 6.2 273
5.4 6.4 273
5.4 6.6 273
5.4 6.8 273
5.4 7 273
5.4 7.2 273
5.4 7.4 273
5.4 7.6 273
5.4 7.8 273
5.4 8 273
5.4 8.2 273
5.4 8.4 273
5.4 8.6 273
5.4 8.8 273
5.4 9 273
5.4 9.2 273
5.4 9.4 273
5.4 9.6 273
5.4 9.8 273
5.4 10 273
5.6 0 273
5.6 0.2 273
5.6 0.4 273
5.6 0.6 273
5.6 0.8 273
5.6 1 273
5.6 1.2 273.001
5.6 1.4 273.001
5.6 1.6 273.002
5.6 1.8 273.002
5.6 2 273.003
5.6 2.2 273.004
5.6 2.4 273.004
5.6 2.6 273.005
5.6 2.8 273.006
5.6 3 273.006
5.6 3.2 273.006
5.6 3.4 273.006
5.6 3.6 273.006
5.6 3.8 273.006
5.6 4 273.005
5.6 4.2 273.005
5.6 4.4 273.004
5.6 4.6 273.003
5.6 4.8 273.003
5.6 5 273.002
5.6 5.2 273.002
5.6 5.4 273.001
5.6 5.6 273.001
5.6 5.8 273.001
5.6 6 273
5.6 6.2 273
5.6 6.4 273
5.6 6.6 273
5.6 6.8 273
5.6 7 273
5.6 7.2 273
5.6 7.4 273
5.6 7.6 273
5.6 7.8 273
5.6 8 273
5.6 8.2 273
5.6 8.4 273
5.6 8.6 273
5.6 8.8 273
5.6 9 273
5.6 9.2 273
5.6 9.4 273
5.6 9.6 273
5.6 9.8 273
5.6 10 273
5.8 0 273
5.8 0.2 273
5.8 0.4 273
5.8 0.6 273
5.8 0.8 273.001
5.8 1 273.001
5.8 1.2 273.002
5.8 1.4 273.003
5.8 1.6 273.004
5.8 1.8 273.005
5.8 2 273.007
5.8 2.2 273.008
5.8 2.4 273.01
5.8 2.6 273.011
5.8 2.8 273.012
5.8 3 273.013
5.8 3.2 273.013
5.8 3.4 273.013
5.8 3.6 273.013
5.8 3.8 273.012
5.8 4 273.011
5.8 4.2 273.009
5.8 4.4 273.008
5.8 4.6 273.006
5.8 4.8 273.005
5.8 5 273.004
5.8 5.2 273.003
5.8 5.4 273.002
5.8 5.6 273.001
5.8 5.8 273.001
5.8 6 273.001
5.8 6.2 273
5.8 6.4 273
5.8 6.6 273
5.8 6.8 273
5.8 7 273
5.8 7.2 273
5.8 7.4 273
5.8 7.6 273
5.8 7.8 273
5.8 8 273
5.8 8.2 273
5.8 8.4 273
5.8 8.6 273
5.8 8.8 273
5.8 9 273
5.8 9.2 273
5.8 9.4 273
5.8 9.6 273
5.8 9.8 273
5.8 10 273
6 0 273
6 0.2 273
6 0.4 273
6 0.6 273.001
6 0.8 273.001
6 1 273.002
6 1.2 273.004
6 1.4 273.006
6 1.6 273.008
6 1.8 273.011
6 2 273.014
6 2.2 273.017
6 2.4 273.02
6 2.6 273.022
6 2.8 273.024
6 3 273.025
6 3.2 273.026
6 3.4 273.026
6 3.6 273.025
6 3.8 273.023
6 4 273.021
6 4.2 273.018
6 4.4 273.015
6 4.6 273.012
6 4.8 273.01
6 5 273.007
6 5.2 273.005
6 5.4 273.004
6 5.6 273.003
6 5.8 273.002
6 6 273.001
6 6.2 273.001
6 6.4 273
6 6.6 273
6 6.8 273
6 7 273
6 7.2 273
6 7.4 273
6 7.6 273
6 7.8 273
6 8 273
6 8.2 273
6 8.4 273
6 8.6 273
6 8.8 273
6 9 273
6 9.2 273
6 9.4 273
6 9.6 273
6 9.8 273
6 10 273
6.2 0 273.001
6.2 0.2 273.001
6.2 0.4 273.001
6.2 0.6 273.002
6.2 0.8 273.003
6.2 1 273.005
6.2 1.2 273.008
6.2 1.4 273.011
6.2 1.6 273.016
6.2 1.8 273.021
6.2 2 273.027
6.2 2.2 273.033
6.2 2.4 273.038
6.2 2.6 273.043
6.2 2.8 273.046
6.2 3 273.049
6.2 3.2 273.049
6.2 3.4 273.049
6.2 3.6 273.046
6.2 3.8 273.043
6.2 4 273.038
6.2 4.2 273.033
6.2 4.4 273.027
6.2 4.6 273.022
6.2 4.8 273.017
6.2 5 273.013
6.2 5.2 273.009
6.2 5.4 273.007
6.2 5.6 273.005
6.2 5.8 273.003
6.2 6 273.002
6.2 6.2 273.001
6.2 6.4 273.001
6.2 6.6 273.001
6.2 6.8 273
6.2 7 273
6.2 7.2 273
6.2 7.4 273
6.2 7.6 273
6.2 7.8 273
6.2 8 273
6.2 8.2 273
6.2 8.4 273
6.2 8.6 273
6.2 8.8 273
6.2 9 273
6.2 9.2 273
6.2 9.4 273
6.2 9.6 273
6.2 9.8 273
6.2 10 273
6.4 0 273.001
6.4 0.2 273.001
6.4 0.4 273.002
6.4 0.6 273.003
6.4 0.8 273.006
6.4 1 273.009
6.4 1.2 273.015
6.4 1.4 273.022
6.4 1.6 273.03
6.4 1.8 273.04
6.4 2 273.051
6.4 2.2 273.061
6.4 2.4 273.071
6.4 2.6 273.079
6.4 2.8 273.085
6.4 3 273.089
6.4 3.2 273.09
6.4 3.4 273.088
6.4 3.6 273.083
6.4 3.8 273.076
6.4 4 273.068
6.4 4.2 273.058
6.4 4.4 273.047
6.4 4.6 273.038
6.4 4.8 273.029
6.4 5 273.021
6.4 5.2 273.016
6.4 5.4 273.011
6.4 5.6 273.008
6.4 5.8 273.005
6.4 6 273.003
6.4 6.2 273.002
6.4 6.4 273.001
6.4 6.6 273.001
6.4 6.8 273.001
6.4 7 273
6.4 7.2 273
6.4 7.4 273
6.4 7.6 273
6.4 7.8 273
6.4 8 273
6.4 8.2 273
6.4 8.4 273
6.4 8.6 273
6.4 8.8 273
6.4 9 273
6.4 9.2 273
6.4 9.4 273
6.4 9.6 273
6.4 9.8 273
6.4 10 273
6.6 0 273.002
6.6 0.2 273.002
6.6 0.4 273.003
6.6 0.6 273.006
6.6 0.8 273.01
6.6 1 273.017
6.6 1.2 273.026
6.6 1.4 273.039
6.6 1.6 273.055
6.6 1.8 273.072
6.6 2 273.091
6.6 2.2 273.11
6.6 2.4 273.127
6.6 2.6 273.14
6.6 2.8 273.15
6.6 3 273.156
6.6 3.2 273.157
6.6 3.4 273.153
6.6 3.6 273.144
6.6 3.8 273.131
6.6 4 273.115
6.6 4.2 273.097
6.6 4.4 273.079
6.6 4.6 273.062
6.6 4.8 273.047
6.6 5 273.035
6.6 5.2 273.025
6.6 5.4 273.017
6.6 5.6 273.012
6.6 5.8 273.008
6.6 6 273.005
6.6 6.2 273.003
6.6 6.4 273.002
6.6 6.6 273.001
6.6 6.8 273.001
6.6 7 273
6.6 7.2 273
6.6 7.4 273
6.6 7.6 273
6.6 7.8 273
6.6 8 273
6.6 8.2 273
6.6 8.4 273
6.6 8.6 273
6.6 8.8 273
6.6 9 273
6.6 9.2 273
6.6 9.4 273
6.6 9.6 273
6.6 9.8 273
6.6 10 273
6.8 0 273.004
6.8 0.2 273.004
6.8 0.4 273.006
6.8 0.6 273.011
6.8 0.8 273.018
6.8 1 273.029
6.8 1.2 273.045
6.8 1.4 273.067
6.8 1.6 273.094
6.8 1.8 273.124
6.8 2 273.157
6.8 2.2 273.189
6.8 2.4 273.217
6.8 2.6 273.239
6.8 2.8 273.255
6.8 3 273.263
6.8 3.2 273.264
6.8 3.4 273.256
6.8 3.6 273.24
6.8 3.8 273.218
6.8 4 273.19
6.8 4.2 273.159
6.8 4.4 273.127
6.8 4.6 273.099
6.8 4.8 273.074
6.8 5 273.054
6.8 5.2 273.038
6.8 5.4 273.026
6.8 5.6 273.018
6.8 5.8 273.012
6.8 6 273.008
6.8 6.2 273.005
6.8 6.4 273.003
6.8 6.6 273.002
6.8 6.8 273.001
6.8 7 273.001
6.8 7.2 273
6.8 7.4 273
6.8 7.6 273
6.8 7.8 273
6.8 8 273
6.8 8.2 273
6.8 8.4 273
6.8 8.6 273
6.8 8.8 273
6.8 9 273
6.8 9.2 273
6.8 9.4 273
6.8 9.6 273
6.8 9.8 273
6.8 10 273
7 0 273.006
7 0.2 273.006
7 0.4 273.01
7 0.6 273.017
7 0.8 273.029
7 1 273.047
7 1.2 273.074
7 1.4 273.109
7 1.6 273.154
7 1.8 273.205
7 2 273.26
7 2.2 273.312
7 2.4 273.358
7 2.6 273.394
7 2.8 273.418
7 3 273.43
7 3.2 273.43
7 3.4 273.416
7 3.6 273.389
7 3.8 273.351
7 4 273.303
7 4.2 273.25
7 4.4 273.198
7 4.6 273.151
7 4.8 273.111
7 5 273.08
7 5.2 273.056
7 5.4 273.038
7 5.6 273.025
7 5.8 273.017
7 6 273.011
7 6.2 273.007
7 6.4 273.004
7 6.6 273.003
7 6.8 273.002
7 7 273.001
7 7.2 273.001
7 7.4 273
7 7.6 273
7 7.8 273
7 8 273
7 8.2 273
7 8.4 273
7 8.6 273
7 8.8 273
7 9 273
7 9.2 273
7 9.4 273
7 9.6 273
7 9.8 273
7 10 273
7.2 0 273.01
7.2 0.2 273.01
7.2 0.4 273.016
7.2 0.6 273.026
7.2 0.8 273.045
7.2 1 273.073
7.2 1.2 273.114
7.2 1.4 273.17
7.2 1.6 273.242
7.2 1.8 273.327
7.2 2 273.417
7.2 2.2 273.502
7.2 2.4 273.575
7.2 2.6 273.63
7.2 2.8 273.667
7.2 3 273.684
7.2 3.2 273.681
7.2 3.4 273.658
7.2 3.6 273.613
7.2 3.8 273.55
7.2 4 273.47
7.2 4.2 273.382
7.2 4.4 273.297
7.2 4.6 273.222
7.2 4.8 273.161
7.2 5 273.113
7.2 5.2 273.078
7.2 5.4 273.053
7.2 5.6 273.035
7.2 5.8 273.023
7.2 6 273.015
7.2 6.2 273.009
7.2 6.4 273.006
7.2 6.6 273.003
7.2 6.8 273.002
7.2 7 273.001
7.2 7.2 273.001
7.2 7.4 273
7.2 7.6 273
7.2 7.8 273
7.2 8 273
7.2 8.2 273
7.2 8.4 273
7.2 8.6 273
7.2 8.8 273
7.2 9 273
7.2 9.2 273
7.2 9.4 273
7.2 9.6 273
7.2 9.8 273
7.2 10 273
7.4 0 273.015
7.4 0.2 273.015
7.4 0.4 273.023
7.4 0.6 273.038
7.4 0.8 273.065
7.4 1 273.106
7.4 1.2 273.167
7.4 1.4 273.252
7.4 1.6 273.365
7.4 1.8 273.502
7.4 2 273.65
7.4 2.2 273.787
7.4 2.4 273.899
7.4 2.6 273.982
7.4 2.8 274.035
7.4 3 274.058
7.4 3.2 274.052
7.4 3.4 274.015
7.4 3.6 273.946
7.4 3.8 273.844
7.4 4 273.713
7.4 4.2 273.568
7.4 4.4 273.431
7.4 4.6 273.315
7.4 4.8 273.223
7.4 5 273.155
7.4 5.2 273.105
7.4 5.4 273.07
7.4 5.6 273.046
7.4 5.8 273.03
7.4 6 273.019
7.4 6.2 273.012
7.4 6.4 273.007
7.4 6.6 273.004
7.4 6.8 273.003
7.4 7 273.002
7.4 7.2 273.001
7.4 7.4 273.001
7.4 7.6 273
7.4 7.8 273
7.4 8 273
7.4 8.2 273
7.4 8.4 273
7.4 8.6 273
7.4 8.8 273
7.4 9 273
7.4 9.2 273
7.4 9.4 273
7.4 9.6 273
7.4 9.8 273
7.4 10 273
7.6 0 273.021
7.6 0.2 273.021
7.6 0.4 273.031
7.6 0.6 273.052
7.6 0.8 273.088
7.6 1 273.145
7.6 1.2 273.231
7.6 1.4 273.356
7.6 1.6 273.527
7.6 1.8 273.745
7.6 2 273.99
7.6 2.2 274.208
7.6 2.4 274.378
7.6 2.6 274.498
7.6 2.8 274.571
7.6 3 274.602
7.6 3.2 274.59
7.6 3.4 274.535
7.6 3.6 274.431
7.6 3.8 274.273
7.6 4 274.063
7.6 4.2 273.821
7.6 4.4 273.603
7.6 4.6 273.428
7.6 4.8 273.297
7.6 5 273.202
7.6 5.2 273.135
7.6 5.4 273.089
7.6 5.6 273.058
7.6 5.8 273.037
7.6 6 273.023
7.6 6.2 273.015
7.6 6.4 273.009
7.6 6.6 273.006
7.6 6.8 273.003
7.6 7 273.002
7.6 7.2 273.001
7.6 7.4 273.001
7.6 7.6 273
7.6 7.8 273
7.6 8 273
7.6 8.2 273
7.6 8.4 273
7.6 8.6 273
7.6 8.8 273
7.6 9 273
7.6 9.2 273
7.6 9.4 273
7.6 9.6 273
7.6 9.8 273
7.6 10 273
7.8 0 273.027
7.8 0.2 273.027
7.8 0.4 273.04
7.8 0.6 273.067
7.8 0.8 273.113
7.8 1 273.187
7.8 1.2 273.302
7.8 1.4 273.474
7.8 1.6 273.723
7.8 1.8 274.065
7.8 2 274.488
7.8 2.2 274.83
7.8 2.4 275.076
7.8 2.6 275.24
7.8 2.8 275.337
7.8 3 275.375
7.8 3.2 275.358
7.8 3.4 275.281
7.8 3.6 275.134
7.8 3.8 274.901
7.8 4 274.569
7.8 4.2 274.15
7.8 4.4 273.807
7.8 4.6 273.555
7.8 4.8 273.375
7.8 5 273.25
7.8 5.2 273.165
7.8 5.4 273.108
7.8 5.6 273.07
7.8 5.8 273.044
7.8 6 273.028
7.8 6.2 273.017
7.8 6.4 273.011
7.8 6.6 273.007
7.8 6.8 273.004
7.8 7 273.002
7.8 7.2 273.001
7.8 7.4 273.001
7.8 7.6 273
7.8 7.8 273
7.8 8 273
7.8 8.2 273
7.8 8.4 273
7.8 8.6 273
7.8 8.8 273
7.8 9 273
7.8 9.2 273
7.8 9.4 273
7.8 9.6 273
7.8 9.8 273
7.8 10 273
8 0 273.032
8 0.2 273.032
8 0.4 273.048
8 0.6 273.08
8 0.8 273.136
8 1 273.226
8 1.2 273.369
8 1.4 273.59
8 1.6 273.926
8 1.8 274.438
8 2 275.241
8 2.2 275.752
8 2.4 276.085
8 2.6 276.295
8 2.8 276.414
8 3 276.46
8 3.2 276.437
8 3.4 276.338
8 3.6 276.147
8 3.8 275.829
8 4 275.327
8 4.2 274.528
8 4.4 274.016
8 4.6 273.676
8 4.8 273.447
8 5 273.294
8 5.2 273.192
8 5.4 273.125
8 5.6 273.08
8 5.8 273.051
8 6 273.032
8 6.2 273.02
8 6.4 273.012
8 6.6 273.007
8 6.8 273.005
8 7 273.003
8 7.2 273.002
8 7.4 273.001
8 7.6 273.001
8 7.8 273
8 8 273
8 8.2 273
8 8.4 273
8 8.6 273
8 8.8 273
8 9 273
8 9.2 273
8 9.4 273
8 9.6 273
8 9.8 273
8 10 273
8.2 0 273.037
8.2 0.2 273.037
8.2 0.4 273.055
8.2 0.6 273.091
8.2 0.8 273.153
8.2 1 273.256
8.2 1.2 273.419
8.2 1.4 273.674
8.2 1.6 274.071
8.2 1.8 274.686
8.2 2 275.644
8.2 2.2 276.257
8.2 2.4 276.649
8.2 2.6 276.892
8.2 2.8 277.028
8.2 3 277.079
8.2 3.2 277.051
8.2 3.4 276.937
8.2 3.6 276.713
8.2 3.8 276.336
8.2 4 275.733
8.2 4.2 274.78
8.2 4.4 274.165
8.2 4.6 273.764
8.2 4.8 273.5
8.2 5 273.327
8.2 5.2 273.212
8.2 5.4 273.137
8.2 5.6 273.088
8.2 5.8 273.056
8.2 6 273.035
8.2 6.2 273.022
8.2 6.4 273.013
8.2 6.6 273.008
8.2 6.8 273.005
8.2 7 273.003
8.2 7.2 273.002
8.2 7.4 273.001
8.2 7.6 273.001
8.2 7.8 273
8.2 8 273
8.2 8.2 273
8.2 8.4 273
8.2 8.6 273
8.2 8.8 273
8.2 9 273
8.2 9.2 273
8.2 9.4 273
8.2 9.6 273
8.2 9.8 273
8.2 10 273
8.4 0 273.04
8.4 0.2 273.04
8.4 0.4 273.059
8.4 0.6 273.096
8.4 0.8 273.162
8.4 1 273.27
8.4 1.2 273.441
8.4 1.4 273.711
8.4 1.6 274.129
8.4 1.8 274.778
8.4 2 275.781
8.4 2.2 276.428
8.4 2.4 276.841
8.4 2.6 277.096
8.4 2.8 277.239
8.4 3 277.292
8.4 3.2 277.262
8.4 3.4 277.142
8.4 3.6 276.905
8.4 3.8 276.507
8.4 4 275.87
8.4 4.2 274.872
8.4 4.4 274.223
8.4 4.6 273.8
8.4 4.8 273.524
8.4 5 273.342
8.4 5.2 273.222
8.4 5.4 273.143
8.4 5.6 273.092
8.4 5.8 273.059
8.4 6 273.037
8.4 6.2 273.023
8.4 6.4 273.014
8.4 6.6 273.009
8.4 6.8 273.005
8.4 7 273.003
8.4 7.2 273.002
8.4 7.4 273.001
8.4 7.6 273.001
8.4 7.8 273
8.4 8 273
8.4 8.2 273
8.4 8.4 273
8.4 8.6 273
8.4 8.8 273
8.4 9 273
8.4 9.2 273
8.4 9.4 273
8.4 9.6 273
8.4 9.8 273
8.4 10 273
8.6 0 273.041
8.6 0.2 273.041
8.6 0.4 273.059
8.6 0.6 273.097
8.6 0.8 273.161
8.6 1 273.266
8.6 1.2 273.433
8.6 1.4 273.692
8.6 1.6 274.092
8.6 1.8 274.711
8.6 2 275.673
8.6 2.2 276.29
8.6 2.4 276.684
8.6 2.6 276.929
8.6 2.8 277.067
8.6 3 277.118
8.6 3.2 277.089
8.6 3.4 276.973
8.6 3.6 276.747
8.6 3.8 276.367
8.6 4 275.76
8.6 4.2 274.804
8.6 4.4 274.185
8.6 4.6 273.78
8.6 4.8 273.514
8.6 5 273.337
8.6 5.2 273.22
8.6 5.4 273.143
8.6 5.6 273.092
8.6 5.8 273.059
8.6 6 273.037
8.6 6.2 273.023
8.6 6.4 273.015
8.6 6.6 273.009
8.6 6.8 273.005
8.6 7 273.003
8.6 7.2 273.002
8.6 7.4 273.001
8.6 7.6 273.001
8.6 7.8 273
8.6 8 273
8.6 8.2 273
8.6 8.4 273
8.6 8.6 273
8.6 8.8 273
8.6 9 273
8.6 9.2 273
8.6 9.4 273
8.6 9.6 273
8.6 9.8 273
8.6 10 273
8.8 0 273.04
8.8 0.2 273.04
8.8 0.4 273.057
8.8 0.6 273.092
8.8 0.8 273.151
8.8 1 273.247
8.8 1.2 273.397
8.8 1.4 273.624
8.8 1.6 273.968
8.8 1.8 274.488
8.8 2 275.299
8.8 2.2 275.817
8.8 2.4 276.155
8.8 2.6 276.369
8.8 2.8 276.492
8.8 3 276.538
8.8 3.2 276.514
8.8 3.4 276.412
8.8 3.6 276.215
8.8 3.8 275.891
8.8 4 275.383
8.8 4.2 274.576
8.8 4.4 274.057
8.8 4.6 273.709
8.8 4.8 273.474
8.8 5 273.316
8.8 5.2 273.209
8.8 5.4 273.137
8.8 5.6 273.089
8.8 5.8 273.057
8.8 6 273.037
8.8 6.2 273.023
8.8 6.4 273.015
8.8 6.6 273.009
8.8 6.8 273.006
8.8 7 273.003
8.8 7.2 273.002
8.8 7.4 273.001
8.8 7.6 273.001
8.8 7.8 273
8.8 8 273
8.8 8.2 273
8.8 8.4 273
8.8 8.6 273
8.8 8.8 273
8.8 9 273
8.8 9.2 273
8.8 9.4 273
8.8 9.6 273
8.8 9.8 273
8.8 10 273
9 0 273.037
9 0.2 273.037
9 0.4 273.053
9 0.6 273.083
9 0.8 273.135
9 1 273.218
9 1.2 273.342
9 1.4 273.525
9 1.6 273.785
9 1.8 274.139
9 2 274.574
9 2.2 274.927
9 2.4 275.182
9 2.6 275.353
9 2.8 275.454
9 3 275.494
9 3.2 275.475
9 3.4 275.393
9 3.6 275.239
9 3.8 274.997
9 4 274.654
9 4.2 274.223
9 4.4 273.869
9 4.6 273.606
9 4.8 273.416
9 5 273.283
9 5.2 273.19
9 5.4 273.126
9 5.6 273.083
9 5.8 273.054
9 6 273.035
9 6.2 273.022
9 6.4 273.014
9 6.6 273.009
9 6.8 273.005
9 7 273.003
9 7.2 273.002
9 7.4 273.001
9 7.6 273.001
9 7.8 273
9 8 273
9 8.2 273
9 8.4 273
9 8.6 273
9 8.8 273
9 9 273
9 9.2 273
9 9.4 273
9 9.6 273
9 9.8 273
9 10 273
9.2 0 273.033
9.2 0.2 273.033
9.2 0.4 273.047
9.2 0.6 273.073
9.2 0.8 273.117
9.2 1 273.184
9.2 1.2 273.283
9.2 1.4 273.423
9.2 1.6 273.61
9.2 1.8 273.845
9.2 2 274.107
9.2 2.2 274.34
9.2 2.4 274.523
9.2 2.6 274.653
9.2 2.8 274.733
9.2 3 274.766
9.2 3.2 274.752
9.2 3.4 274.691
9.2 3.6 274.577
9.2 3.8 274.406
9.2 4 274.181
9.2 4.2 273.923
9.2 4.4 273.689
9.2 4.6 273.499
9.2 4.8 273.353
9.2 5 273.246
9.2 5.2 273.168
9.2 5.4 273.114
9.2 5.6 273.076
9.2 5.8 273.05
9.2 6 273.033
9.2 6.2 273.021
9.2 6.4 273.013
9.2 6.6 273.008
9.2 6.8 273.005
9.2 7 273.003
9.2 7.2 273.002
9.2 7.4 273.001
9.2 7.6 273.001
9.2 7.8 273
9.2 8 273
9.2 8.2 273
9.2 8.4 273
9.2 8.6 273
9.2 8.8 273
9.2 9 273
9.2 9.2 273
9.2 9.4 273
9.2 9.6 273
9.2 9.8 273
9.2 10 273
9.4 0 273.029
9.4 0.2 273.029
9.4 0.4 273.041
9.4 0.6 273.063
9.4 0.8 273.099
9.4 1 273.154
9.4 1.2 273.231
9.4 1.4 273.336
9.4 1.6 273.471
9.4 1.8 273.631
9.4 2 273.802
9.4 2.2 273.961
9.4 2.4 274.092
9.4 2.6 274.189
9.4 2.8 274.252
9.4 3 274.278
9.4 3.2 274.27
9.4 3.4 274.225
9.4 3.6 274.142
9.4 3.8 274.023
9.4 4 273.872
9.4 4.2 273.705
9.4 4.4 273.545
9.4 4.6 273.408
9.4 4.8 273.297
9.4 5 273.212
9.4 5.2 273.148
9.4 5.4 273.102
9.4 5.6 273.069
9.4 5.8 273.046
9.4 6 273.03
9.4 6.2 273.02
9.4 6.4 273.013
9.4 6.6 273.008
9.4 6.8 273.005
9.4 7 273.003
9.4 7.2 273.002
9.4 7.4 273.001
9.4 7.6 273.001
9.4 7.8 273
9.4 8 273
9.4 8.2 273
9.4 8.4 273
9.4 8.6 273
9.4 8.8 273
9.4 9 273
9.4 9.2 273
9.4 9.4 273
9.4 9.6 273
9.4 9.8 273
9.4 10 273
9.6 0 273.026
9.6 0.2 273.026
9.6 0.4 273.036
9.6 0.6 273.055
9.6 0.8 273.086
9.6 1 273.131
9.6 1.2 273.193
9.6 1.4 273.275
9.6 1.6 273.377
9.6 1.8 273.494
9.6 2 273.616
9.6 2.2 273.732
9.6 2.4 273.831
9.6 2.6 273.907
9.6 2.8 273.957
9.6 3 273.98
9.6 3.2 273.975
9.6 3.4 273.941
9.6 3.6 273.879
9.6 3.8 273.792
9.6 4 273.683
9.6 4.2 273.565
9.6 4.4 273.448
9.6 4.6 273.344
9.6 4.8 273.256
9.6 5 273.187
9.6 5.2 273.133
9.6 5.4 273.093
9.6 5.6 273.064
9.6 5.8 273.043
9.6 6 273.029
9.6 6.2 273.019
9.6 6.4 273.012
9.6 6.6 273.008
9.6 6.8 273.005
9.6 7 273.003
9.6 7.2 273.002
9.6 7.4 273.001
9.6 7.6 273.001
9.6 7.8 273
9.6 8 273
9.6 8.2 273
9.6 8.4 273
9.6 8.6 273
9.6 8.8 273
9.6 9 273
9.6 9.2 273
9.6 9.4 273
9.6 9.6 273
9.6 9.8 273
9.6 10 273
9.8 0 273.024
9.8 0.2 273.024
9.8 0.4 273.034
9.8 0.6 273.051
9.8 0.8 273.078
9.8 1 273.118
9.8 1.2 273.173
9.8 1.4 273.244
9.8 1.6 273.329
9.8 1.8 273.426
9.8 2 273.527
9.8 2.2 273.624
9.8 2.4 273.707
9.8 2.6 273.773
9.8 2.8 273.817
9.8 3 273.837
9.8 3.2 273.834
9.8 3.4 273.806
9.8 3.6 273.754
9.8 3.8 273.681
9.8 4 273.593
9.8 4.2 273.495
9.8 4.4 273.399
9.8 4.6 273.311
9.8 4.8 273.235
9.8 5 273.173
9.8 5.2 273.124
9.8 5.4 273.087
9.8 5.6 273.06
9.8 5.8 273.041
9.8 6 273.027
9.8 6.2 273.018
9.8 6.4 273.012
9.8 6.6 273.008
9.8 6.8 273.005
9.8 7 273.003
9.8 7.2 273.002
9.8 7.4 273.001
9.8 7.6 273.001
9.8 7.8 273
9.8 8 273
9.8 8.2 273
9.8 8.4 273
9.8 8.6 273
9.8 8.8 273
9.8 9 273
9.8 9.2 273
9.8 9.4 273
9.8 9.6 273
9.8 9.8 273
9.8 10 273
10 0 273.024
10 0.2 273.024
10 0.4 273.033
10 0.6 273.051
10 0.8 273.078
10 1 273.118
10 1.2 273.172
10 1.4 273.243
10 1.6 273.328
10 1.8 273.425
10 2 273.525
10 2.2 273.621
10 2.4 273.704
10 2.6 273.77
10 2.8 273.813
10 3 273.834
10 3.2 273.83
10 3.4 273.802
10 3.6 273.751
10 3.8 273.679
10 4 273.59
10 4.2 273.494
10 4.4 273.397
10 4.6 273.309
10 4.8 273.234
10 5 273.172
10 5.2 273.124
10 5.4 273.087
10 5.6 273.06
10 5.8 273.041
10 6 273.027
10 6.2 273.018
10 6.4 273.012
10 6.6 273.007
10 6.8 273.005
10 7 273.003
10 7.2 273.002
10 7.4 273.001
10 7.6 273.001
10 7.8 273
10 8 273
10 8.2 273
10 8.4 273
10 8.6 273
10 8.8 273
10 9 273
10 9.2 273
10 9.4 273
10 9.6 273
10 9.8 273
10 10 273
