0 0 322.67
0 0.2 322.67
0 0.4 322.855
0 0.6 323.027
0 0.8 323.187
0 1 323.333
0 1.2 323.467
0 1.4 323.588
0 1.6 323.697
0 1.8 323.793
0 2 323.876
0 2.2 323.947
0 2.4 324.005
0 2.6 324.052
0 2.8 324.086
0 3 324.109
0 3.2 324.12
0 3.4 324.12
0 3.6 324.108
0 3.8 324.087
0 4 324.054
0 4.2 324.012
0 4.4 323.96
0 4.6 323.898
0 4.8 323.827
0 5 323.748
0 5.2 323.66
0 5.4 323.565
0 5.6 323.461
0 5.8 323.351
0 6 323.234
0 6.2 323.111
0 6.4 322.982
0 6.6 322.847
0 6.8 322.707
0 7 322.562
0 7.2 322.412
0 7.4 322.259
0 7.6 322.101
0 7.8 321.94
0 8 321.776
0 8.2 321.608
0 8.4 321.438
0 8.6 321.265
0 8.8 321.089
0 9 320.911
0 9.2 320.731
0 9.4 320.549
0 9.6 320.365
0 9.8 320.179
0 10 320.179
0.2 0 322.67
0.2 0.2 322.868
0.2 0.4 323.054
0.2 0.6 323.227
0.2 0.8 323.387
0.2 1 323.535
0.2 1.2 323.669
0.2 1.4 323.791
0.2 1.6 323.9
0.2 1.8 323.996
0.2 2 324.079
0.2 2.2 324.15
0.2 2.4 324.209
0.2 2.6 324.256
0.2 2.8 324.29
0.2 3 324.313
0.2 3.2 324.324
0.2 3.4 324.324
0.2 3.6 324.313
0.2 3.8 324.291
0.2 4 324.258
0.2 4.2 324.216
0.2 4.4 324.163
0.2 4.6 324.101
0.2 4.8 324.03
0.2 5 323.951
0.2 5.2 323.863
0.2 5.4 323.767
0.2 5.6 323.663
0.2 5.8 323.553
0.2 6 323.435
0.2 6.2 323.311
0.2 6.4 323.182
0.2 6.6 323.046
0.2 6.8 322.906
0.2 7 322.76
0.2 7.2 322.61
0.2 7.4 322.456
0.2 7.6 322.298
0.2 7.8 322.136
0.2 8 321.971
0.2 8.2 321.803
0.2 8.4 321.631
0.2 8.6 321.458
0.2 8.8 321.281
0.2 9 321.103
0.2 9.2 320.922
0.2 9.4 320.739
0.2 9.6 320.554
0.2 9.8 320.368
0.2 10 320.179
0.4 0 322.88
0.4 0.2 323.08
0.4 0.4 323.267
0.4 0.6 323.44
0.4 0.8 323.601
0.4 1 323.749
0.4 1.2 323.884
0.4 1.4 324.006
0.4 1.6 324.115
0.4 1.8 324.212
0.4 2 324.295
0.4 2.2 324.367
0.4 2.4 324.425
0.4 2.6 324.472
0.4 2.8 324.507
0.4 3 324.529
0.4 3.2 324.54
0.4 3.4 324.54
0.4 3.6 324.528
0.4 3.8 324.506
0.4 4 324.473
0.4 4.2 324.43
0.4 4.4 324.377
0.4 4.6 324.314
0.4 4.8 324.243
0.4 5 324.162
0.4 5.2 324.073
0.4 5.4 323.977
0.4 5.6 323.872
0.4 5.8 323.761
0.4 6 323.643
0.4 6.2 323.518
0.4 6.4 323.387
0.4 6.6 323.251
0.4 6.8 323.109
0.4 7 322.963
0.4 7.2 322.812
0.4 7.4 322.657
0.4 7.6 322.498
0.4 7.8 322.335
0.4 8 322.169
0.4 8.2 322
0.4 8.4 321.828
0.4 8.6 321.653
0.4 8.8 321.476
0.4 9 321.297
0.4 9.2 321.115
0.4 9.4 320.932
0.4 9.6 320.746
0.4 9.8 320.558
0.4 10 320.369
0.6 0 323.104
0.6 0.2 323.304
0.6 0.4 323.492
0.6 0.6 323.666
0.6 0.8 323.828
0.6 1 323.976
0.6 1.2 324.112
0.6 1.4 324.234
0.6 1.6 324.344
0.6 1.8 324.44
0.6 2 324.524
0.6 2.2 324.595
0.6 2.4 324.654
0.6 2.6 324.7
0.6 2.8 324.735
0.6 3 324.757
0.6 3.2 324.768
0.6 3.4 324.767
0.6 3.6 324.754
0.6 3.8 324.731
0.6 4 324.698
0.6 4.2 324.654
0.6 4.4 324.6
0.6 4.6 324.536
0.6 4.8 324.464
0.6 5 324.382
0.6 5.2 324.292
0.6 5.4 324.194
0.6 5.6 324.089
0.6 5.8 323.976
0.6 6 323.856
0.6 6.2 323.731
0.6 6.4 323.599
0.6 6.6 323.461
0.6 6.8 323.318
0.6 7 323.171
0.6 7.2 323.018
0.6 7.4 322.862
0.6 7.6 322.702
0.6 7.8 322.538
0.6 8 322.371
0.6 8.2 322.2
0.6 8.4 322.027
0.6 8.6 321.852
0.6 8.8 321.673
0.6 9 321.493
0.6 9.2 321.31
0.6 9.4 321.126
0.6 9.6 320.939
0.6 9.8 320.751
0.6 10 320.561
0.8 0 323.341
0.8 0.2 323.542
0.8 0.4 323.73
0.8 0.6 323.906
0.8 0.8 324.068
0.8 1 324.217
0.8 1.2 324.352
0.8 1.4 324.475
0.8 1.6 324.585
0.8 1.8 324.682
0.8 2 324.766
0.8 2.2 324.837
0.8 2.4 324.895
0.8 2.6 324.941
0.8 2.8 324.975
0.8 3 324.997
0.8 3.2 325.006
0.8 3.4 325.005
0.8 3.6 324.992
0.8 3.8 324.968
0.8 4 324.933
0.8 4.2 324.888
0.8 4.4 324.832
0.8 4.6 324.768
0.8 4.8 324.693
0.8 5 324.61
0.8 5.2 324.519
0.8 5.4 324.419
0.8 5.6 324.312
0.8 5.8 324.198
0.8 6 324.077
0.8 6.2 323.949
0.8 6.4 323.816
0.8 6.6 323.676
0.8 6.8 323.532
0.8 7 323.383
0.8 7.2 323.229
0.8 7.4 323.071
0.8 7.6 322.909
0.8 7.8 322.744
0.8 8 322.575
0.8 8.2 322.404
0.8 8.4 322.229
0.8 8.6 322.052
0.8 8.8 321.873
0.8 9 321.691
0.8 9.2 321.508
0.8 9.4 321.322
0.8 9.6 321.135
0.8 9.8 320.946
0.8 10 320.755
1 0 323.59
1 0.2 323.793
1 0.4 323.982
1 0.6 324.158
1 0.8 324.321
1 1 324.47
1 1.2 324.606
1 1.4 324.729
1 1.6 324.839
1 1.8 324.936
1 2 325.02
1 2.2 325.091
1 2.4 325.149
1 2.6 325.194
1 2.8 325.227
1 3 325.248
1 3.2 325.257
1 3.4 325.254
1 3.6 325.24
1 3.8 325.215
1 4 325.178
1 4.2 325.132
1 4.4 325.075
1 4.6 325.008
1 4.8 324.932
1 5 324.847
1 5.2 324.754
1 5.4 324.652
1 5.6 324.543
1 5.8 324.427
1 6 324.304
1 6.2 324.174
1 6.4 324.038
1 6.6 323.897
1 6.8 323.751
1 7 323.599
1 7.2 323.444
1 7.4 323.284
1 7.6 323.12
1 7.8 322.953
1 8 322.783
1 8.2 322.61
1 8.4 322.434
1 8.6 322.255
1 8.8 322.075
1 9 321.892
1 9.2 321.707
1 9.4 321.521
1 9.6 321.332
1 9.8 321.142
1 10 320.95
1.2 0 323.853
1.2 0.2 324.057
1.2 0.4 324.247
1.2 0.6 324.424
1.2 0.8 324.587
1.2 1 324.737
1.2 1.2 324.874
1.2 1.4 324.997
1.2 1.6 325.107
1.2 1.8 325.203
1.2 2 325.287
1.2 2.2 325.358
1.2 2.4 325.415
1.2 2.6 325.46
1.2 2.8 325.492
1.2 3 325.512
1.2 3.2 325.52
1.2 3.4 325.515
1.2 3.6 325.5
1.2 3.8 325.472
1.2 4 325.434
1.2 4.2 325.386
1.2 4.4 325.327
1.2 4.6 325.258
1.2 4.8 325.18
1.2 5 325.093
1.2 5.2 324.997
1.2 5.4 324.893
1.2 5.6 324.782
1.2 5.8 324.663
1.2 6 324.537
1.2 6.2 324.405
1.2 6.4 324.267
1.2 6.6 324.123
1.2 6.8 323.974
1.2 7 323.821
1.2 7.2 323.663
1.2 7.4 323.501
1.2 7.6 323.335
1.2 7.8 323.166
1.2 8 322.994
1.2 8.2 322.819
1.2 8.4 322.641
1.2 8.6 322.461
1.2 8.8 322.279
1.2 9 322.095
1.2 9.2 321.909
1.2 9.4 321.721
1.2 9.6 321.531
1.2 9.8 321.34
1.2 10 321.148
1.4 0 324.13
1.4 0.2 324.334
1.4 0.4 324.525
1.4 0.6 324.703
1.4 0.8 324.867
1.4 1 325.017
1.4 1.2 325.154
1.4 1.4 325.278
1.4 1.6 325.388
1.4 1.8 325.484
1.4 2 325.567
1.4 2.2 325.637
1.4 2.4 325.694
1.4 2.6 325.738
1.4 2.8 325.769
1.4 3 325.788
1.4 3.2 325.794
1.4 3.4 325.788
1.4 3.6 325.771
1.4 3.8 325.741
1.4 4 325.701
1.4 4.2 325.65
1.4 4.4 325.589
1.4 4.6 325.518
1.4 4.8 325.437
1.4 5 325.347
1.4 5.2 325.248
1.4 5.4 325.142
1.4 5.6 325.027
1.4 5.8 324.905
1.4 6 324.777
1.4 6.2 324.642
1.4 6.4 324.501
1.4 6.6 324.354
1.4 6.8 324.203
1.4 7 324.046
1.4 7.2 323.886
1.4 7.4 323.721
1.4 7.6 323.553
1.4 7.8 323.382
1.4 8 323.207
1.4 8.2 323.03
1.4 8.4 322.85
1.4 8.6 322.669
1.4 8.8 322.485
1.4 9 322.299
1.4 9.2 322.112
1.4 9.4 321.923
1.4 9.6 321.732
1.4 9.8 321.54
1.4 10 321.347
1.6 0 324.419
1.6 0.2 324.625
1.6 0.4 324.817
1.6 0.6 324.996
1.6 0.8 325.16
1.6 1 325.311
1.6 1.2 325.449
1.6 1.4 325.572
1.6 1.6 325.682
1.6 1.8 325.778
1.6 2 325.861
1.6 2.2 325.93
1.6 2.4 325.986
1.6 2.6 326.029
1.6 2.8 326.059
1.6 3 326.076
1.6 3.2 326.081
1.6 3.4 326.073
1.6 3.6 326.053
1.6 3.8 326.022
1.6 4 325.979
1.6 4.2 325.925
1.6 4.4 325.861
1.6 4.6 325.787
1.6 4.8 325.703
1.6 5 325.61
1.6 5.2 325.508
1.6 5.4 325.398
1.6 5.6 325.28
1.6 5.8 325.155
1.6 6 325.023
1.6 6.2 324.885
1.6 6.4 324.74
1.6 6.6 324.591
1.6 6.8 324.436
1.6 7 324.276
1.6 7.2 324.113
1.6 7.4 323.945
1.6 7.6 323.775
1.6 7.8 323.6
1.6 8 323.424
1.6 8.2 323.244
1.6 8.4 323.062
1.6 8.6 322.879
1.6 8.8 322.693
1.6 9 322.505
1.6 9.2 322.317
1.6 9.4 322.126
1.6 9.6 321.935
1.6 9.8 321.742
1.6 10 321.547
1.8 0 324.723
1.8 0.2 324.93
1.8 0.4 325.123
1.8 0.6 325.302
1.8 0.8 325.468
1.8 1 325.619
1.8 1.2 325.757
1.8 1.4 325.88
1.8 1.6 325.99
1.8 1.8 326.086
1.8 2 326.168
1.8 2.2 326.237
1.8 2.4 326.292
1.8 2.6 326.333
1.8 2.8 326.362
1.8 3 326.377
1.8 3.2 326.379
1.8 3.4 326.369
1.8 3.6 326.347
1.8 3.8 326.313
1.8 4 326.268
1.8 4.2 326.211
1.8 4.4 326.143
1.8 4.6 326.066
1.8 4.8 325.978
1.8 5 325.882
1.8 5.2 325.776
1.8 5.4 325.662
1.8 5.6 325.541
1.8 5.8 325.412
1.8 6 325.276
1.8 6.2 325.134
1.8 6.4 324.986
1.8 6.6 324.832
1.8 6.8 324.674
1.8 7 324.511
1.8 7.2 324.344
1.8 7.4 324.173
1.8 7.6 323.999
1.8 7.8 323.822
1.8 8 323.643
1.8 8.2 323.461
1.8 8.4 323.276
1.8 8.6 323.09
1.8 8.8 322.903
1.8 9 322.713
1.8 9.2 322.523
1.8 9.4 322.331
1.8 9.6 322.138
1.8 9.8 321.944
1.8 10 321.749
2 0 325.04
2 0.2 325.248
2 0.4 325.443
2 0.6 325.623
2 0.8 325.789
2 1 325.941
2 1.2 326.079
2 1.4 326.202
2 1.6 326.312
2 1.8 326.408
2 2 326.489
2 2.2 326.557
2 2.4 326.611
2 2.6 326.651
2 2.8 326.677
2 3 326.691
2 3.2 326.691
2 3.4 326.678
2 3.6 326.653
2 3.8 326.616
2 4 326.567
2 4.2 326.507
2 4.4 326.436
2 4.6 326.355
2 4.8 326.263
2 5 326.162
2 5.2 326.053
2 5.4 325.934
2 5.6 325.808
2 5.8 325.675
2 6 325.535
2 6.2 325.388
2 6.4 325.236
2 6.6 325.079
2 6.8 324.916
2 7 324.749
2 7.2 324.579
2 7.4 324.404
2 7.6 324.227
2 7.8 324.047
2 8 323.864
2 8.2 323.679
2 8.4 323.492
2 8.6 323.304
2 8.8 323.114
2 9 322.923
2 9.2 322.731
2 9.4 322.537
2 9.6 322.343
2 9.8 322.148
2 10 321.952
2.2 0 325.372
2.2 0.2 325.581
2.2 0.4 325.776
2.2 0.6 325.957
2.2 0.8 326.124
2.2 1 326.277
2.2 1.2 326.415
2.2 1.4 326.539
2.2 1.6 326.648
2.2 1.8 326.743
2.2 2 326.824
2.2 2.2 326.891
2.2 2.4 326.943
2.2 2.6 326.982
2.2 2.8 327.007
2.2 3 327.018
2.2 3.2 327.015
2.2 3.4 327
2.2 3.6 326.972
2.2 3.8 326.931
2.2 4 326.879
2.2 4.2 326.814
2.2 4.4 326.739
2.2 4.6 326.653
2.2 4.8 326.557
2.2 5 326.452
2.2 5.2 326.337
2.2 5.4 326.215
2.2 5.6 326.084
2.2 5.8 325.945
2.2 6 325.8
2.2 6.2 325.649
2.2 6.4 325.492
2.2 6.6 325.33
2.2 6.8 325.163
2.2 7 324.992
2.2 7.2 324.817
2.2 7.4 324.639
2.2 7.6 324.458
2.2 7.8 324.274
2.2 8 324.088
2.2 8.2 323.9
2.2 8.4 323.71
2.2 8.6 323.519
2.2 8.8 323.327
2.2 9 323.133
2.2 9.2 322.939
2.2 9.4 322.744
2.2 9.6 322.549
2.2 9.8 322.353
2.2 10 322.156
2.4 0 325.717
2.4 0.2 325.928
2.4 0.4 326.124
2.4 0.6 326.306
2.4 0.8 326.474
2.4 1 326.627
2.4 1.2 326.766
2.4 1.4 326.89
2.4 1.6 326.999
2.4 1.8 327.094
2.4 2 327.174
2.4 2.2 327.239
2.4 2.4 327.29
2.4 2.6 327.327
2.4 2.8 327.349
2.4 3 327.358
2.4 3.2 327.353
2.4 3.4 327.334
2.4 3.6 327.303
2.4 3.8 327.258
2.4 4 327.201
2.4 4.2 327.133
2.4 4.4 327.053
2.4 4.6 326.962
2.4 4.8 326.861
2.4 5 326.751
2.4 5.2 326.631
2.4 5.4 326.503
2.4 5.6 326.366
2.4 5.8 326.223
2.4 6 326.072
2.4 6.2 325.916
2.4 6.4 325.754
2.4 6.6 325.586
2.4 6.8 325.414
2.4 7 325.239
2.4 7.2 325.059
2.4 7.4 324.876
2.4 7.6 324.691
2.4 7.8 324.503
2.4 8 324.314
2.4 8.2 324.122
2.4 8.4 323.929
2.4 8.6 323.735
2.4 8.8 323.541
2.4 9 323.345
2.4 9.2 323.149
2.4 9.4 322.952
2.4 9.6 322.755
2.4 9.8 322.558
2.4 10 322.361
2.6 0 326.077
2.6 0.2 326.289
2.6 0.4 326.487
2.6 0.6 326.67
2.6 0.8 326.838
2.6 1 326.992
2.6 1.2 327.131
2.6 1.4 327.255
2.6 1.6 327.364
2.6 1.8 327.458
2.6 2 327.538
2.6 2.2 327.602
2.6 2.4 327.651
2.6 2.6 327.686
2.6 2.8 327.706
2.6 3 327.712
2.6 3.2 327.704
2.6 3.4 327.682
2.6 3.6 327.646
2.6 3.8 327.598
2.6 4 327.536
2.6 4.2 327.463
2.6 4.4 327.378
2.6 4.6 327.282
2.6 4.8 327.175
2.6 5 327.059
2.6 5.2 326.933
2.6 5.4 326.799
2.6 5.6 326.656
2.6 5.8 326.507
2.6 6 326.35
2.6 6.2 326.188
2.6 6.4 326.02
2.6 6.6 325.847
2.6 6.8 325.67
2.6 7 325.489
2.6 7.2 325.304
2.6 7.4 325.117
2.6 7.6 324.927
2.6 7.8 324.735
2.6 8 324.541
2.6 8.2 324.346
2.6 8.4 324.15
2.6 8.6 323.953
2.6 8.8 323.755
2.6 9 323.557
2.6 9.2 323.359
2.6 9.4 323.16
2.6 9.6 322.962
2.6 9.8 322.764
2.6 10 322.565
2.8 0 326.451
2.8 0.2 326.665
2.8 0.4 326.864
2.8 0.6 327.048
2.8 0.8 327.218
2.8 1 327.372
2.8 1.2 327.511
2.8 1.4 327.635
2.8 1.6 327.744
2.8 1.8 327.838
2.8 2 327.916
2.8 2.2 327.979
2.8 2.4 328.027
2.8 2.6 328.06
2.8 2.8 328.078
2.8 3 328.081
2.8 3.2 328.069
2.8 3.4 328.043
2.8 3.6 328.003
2.8 3.8 327.95
2.8 4 327.883
2.8 4.2 327.804
2.8 4.4 327.714
2.8 4.6 327.612
2.8 4.8 327.499
2.8 5 327.376
2.8 5.2 327.244
2.8 5.4 327.103
2.8 5.6 326.954
2.8 5.8 326.798
2.8 6 326.635
2.8 6.2 326.466
2.8 6.4 326.292
2.8 6.6 326.112
2.8 6.8 325.929
2.8 7 325.742
2.8 7.2 325.552
2.8 7.4 325.36
2.8 7.6 325.165
2.8 7.8 324.968
2.8 8 324.77
2.8 8.2 324.571
2.8 8.4 324.371
2.8 8.6 324.171
2.8 8.8 323.97
2.8 9 323.77
2.8 9.2 323.569
2.8 9.4 323.369
2.8 9.6 323.169
2.8 9.8 322.969
2.8 10 322.77
3 0 326.841
3 0.2 327.056
3 0.4 327.256
3 0.6 327.442
3 0.8 327.612
3 1 327.767
3 1.2 327.907
3 1.4 328.031
3 1.6 328.14
3 1.8 328.233
3 2 328.311
3 2.2 328.372
3 2.4 328.419
3 2.6 328.449
3 2.8 328.464
3 3 328.464
3 3.2 328.448
3 3.4 328.418
3 3.6 328.373
3 3.8 328.315
3 4 328.243
3 4.2 328.158
3 4.4 328.061
3 4.6 327.952
3 4.8 327.833
3 5 327.703
3 5.2 327.563
3 5.4 327.415
3 5.6 327.259
3 5.8 327.095
3 6 326.925
3 6.2 326.749
3 6.4 326.568
3 6.6 326.382
3 6.8 326.192
3 7 325.999
3 7.2 325.803
3 7.4 325.605
3 7.6 325.405
3 7.8 325.203
3 8 325
3 8.2 324.797
3 8.4 324.593
3 8.6 324.389
3 8.8 324.185
3 9 323.982
3 9.2 323.779
3 9.4 323.577
3 9.6 323.375
3 9.8 323.175
3 10 322.975
3.2 0 327.245
3.2 0.2 327.462
3.2 0.4 327.664
3.2 0.6 327.85
3.2 0.8 328.022
3.2 1 328.178
3.2 1.2 328.318
3.2 1.4 328.443
3.2 1.6 328.551
3.2 1.8 328.644
3.2 2 328.721
3.2 2.2 328.781
3.2 2.4 328.825
3.2 2.6 328.854
3.2 2.8 328.866
3.2 3 328.862
3.2 3.2 328.842
3.2 3.4 328.808
3.2 3.6 328.758
3.2 3.8 328.694
3.2 4 328.616
3.2 4.2 328.524
3.2 4.4 328.42
3.2 4.6 328.304
3.2 4.8 328.177
3.2 5 328.039
3.2 5.2 327.892
3.2 5.4 327.735
3.2 5.6 327.571
3.2 5.8 327.4
3.2 6 327.222
3.2 6.2 327.038
3.2 6.4 326.849
3.2 6.6 326.656
3.2 6.8 326.459
3.2 7 326.259
3.2 7.2 326.056
3.2 7.4 325.852
3.2 7.6 325.646
3.2 7.8 325.439
3.2 8 325.231
3.2 8.2 325.023
3.2 8.4 324.815
3.2 8.6 324.608
3.2 8.8 324.4
3.2 9 324.194
3.2 9.2 323.989
3.2 9.4 323.784
3.2 9.6 323.581
3.2 9.8 323.379
3.2 10 323.178
3.4 0 327.664
3.4 0.2 327.883
3.4 0.4 328.086
3.4 0.6 328.274
3.4 0.8 328.447
3.4 1 328.604
3.4 1.2 328.745
3.4 1.4 328.87
3.4 1.6 328.979
3.4 1.8 329.071
3.4 2 329.147
3.4 2.2 329.206
3.4 2.4 329.249
3.4 2.6 329.274
3.4 2.8 329.283
3.4 3 329.276
3.4 3.2 329.252
3.4 3.4 329.212
3.4 3.6 329.157
3.4 3.8 329.086
3.4 4 329.002
3.4 4.2 328.903
3.4 4.4 328.791
3.4 4.6 328.667
3.4 4.8 328.531
3.4 5 328.385
3.4 5.2 328.229
3.4 5.4 328.064
3.4 5.6 327.891
3.4 5.8 327.71
3.4 6 327.524
3.4 6.2 327.331
3.4 6.4 327.134
3.4 6.6 326.933
3.4 6.8 326.729
3.4 7 326.521
3.4 7.2 326.312
3.4 7.4 326.101
3.4 7.6 325.888
3.4 7.8 325.676
3.4 8 325.463
3.4 8.2 325.25
3.4 8.4 325.037
3.4 8.6 324.825
3.4 8.8 324.615
3.4 9 324.405
3.4 9.2 324.197
3.4 9.4 323.991
3.4 9.6 323.786
3.4 9.8 323.582
3.4 10 323.381
3.6 0 328.099
3.6 0.2 328.319
3.6 0.4 328.524
3.6 0.6 328.714
3.6 0.8 328.888
3.6 1 329.046
3.6 1.2 329.188
3.6 1.4 329.313
3.6 1.6 329.423
3.6 1.8 329.515
3.6 2 329.59
3.6 2.2 329.648
3.6 2.4 329.689
3.6 2.6 329.712
3.6 2.8 329.718
3.6 3 329.706
3.6 3.2 329.678
3.6 3.4 329.632
3.6 3.6 329.571
3.6 3.8 329.494
3.6 4 329.401
3.6 4.2 329.295
3.6 4.4 329.174
3.6 4.6 329.041
3.6 4.8 328.897
3.6 5 328.741
3.6 5.2 328.575
3.6 5.4 328.4
3.6 5.6 328.218
3.6 5.8 328.028
3.6 6 327.832
3.6 6.2 327.63
3.6 6.4 327.424
3.6 6.6 327.214
3.6 6.8 327.001
3.6 7 326.786
3.6 7.2 326.569
3.6 7.4 326.351
3.6 7.6 326.132
3.6 7.8 325.913
3.6 8 325.694
3.6 8.2 325.476
3.6 8.4 325.258
3.6 8.6 325.042
3.6 8.8 324.828
3.6 9 324.615
3.6 9.2 324.404
3.6 9.4 324.195
3.6 9.6 323.989
3.6 9.8 323.784
3.6 10 323.582
3.8 0 328.549
3.8 0.2 328.771
3.8 0.4 328.978
3.8 0.6 329.169
3.8 0.8 329.344
3.8 1 329.504
3.8 1.2 329.647
3.8 1.4 329.774
3.8 1.6 329.883
3.8 1.8 329.976
3.8 2 330.05
3.8 2.2 330.107
3.8 2.4 330.146
3.8 2.6 330.167
3.8 2.8 330.169
3.8 3 330.154
3.8 3.2 330.12
3.8 3.4 330.069
3.8 3.6 330.001
3.8 3.8 329.916
3.8 4 329.816
3.8 4.2 329.7
3.8 4.4 329.571
3.8 4.6 329.428
3.8 4.8 329.273
3.8 5 329.107
3.8 5.2 328.931
3.8 5.4 328.745
3.8 5.6 328.552
3.8 5.8 328.351
3.8 6 328.145
3.8 6.2 327.933
3.8 6.4 327.718
3.8 6.6 327.498
3.8 6.8 327.276
3.8 7 327.052
3.8 7.2 326.827
3.8 7.4 326.601
3.8 7.6 326.375
3.8 7.8 326.149
3.8 8 325.925
3.8 8.2 325.701
3.8 8.4 325.478
3.8 8.6 325.258
3.8 8.8 325.039
3.8 9 324.823
3.8 9.2 324.609
3.8 9.4 324.398
3.8 9.6 324.19
3.8 9.8 323.984
3.8 10 323.781
4 0 329.014
4 0.2 329.238
4 0.4 329.447
4 0.6 329.64
4 0.8 329.817
4 1 329.979
4 1.2 330.123
4 1.4 330.251
4 1.6 330.362
4 1.8 330.454
4 2 330.529
4 2.2 330.585
4 2.4 330.622
4 2.6 330.64
4 2.8 330.639
4 3 330.619
4 3.2 330.58
4 3.4 330.523
4 3.6 330.447
4 3.8 330.355
4 4 330.245
4 4.2 330.12
4 4.4 329.98
4 4.6 329.827
4 4.8 329.661
4 5 329.483
4 5.2 329.295
4 5.4 329.098
4 5.6 328.893
4 5.8 328.681
4 6 328.464
4 6.2 328.241
4 6.4 328.015
4 6.6 327.785
4 6.8 327.553
4 7 327.32
4 7.2 327.086
4 7.4 326.852
4 7.6 326.618
4 7.8 326.386
4 8 326.154
4 8.2 325.924
4 8.4 325.697
4 8.6 325.471
4 8.8 325.249
4 9 325.029
4 9.2 324.812
4 9.4 324.598
4 9.6 324.388
4 9.8 324.181
4 10 323.977
4.2 0 329.495
4.2 0.2 329.721
4.2 0.4 329.932
4.2 0.6 330.127
4.2 0.8 330.306
4.2 1 330.47
4.2 1.2 330.616
4.2 1.4 330.746
4.2 1.6 330.858
4.2 1.8 330.951
4.2 2 331.026
4.2 2.2 331.081
4.2 2.4 331.117
4.2 2.6 331.132
4.2 2.8 331.128
4.2 3 331.103
4.2 3.2 331.059
4.2 3.4 330.995
4.2 3.6 330.911
4.2 3.8 330.81
4.2 4 330.69
4.2 4.2 330.555
4.2 4.4 330.404
4.2 4.6 330.238
4.2 4.8 330.06
4.2 5 329.869
4.2 5.2 329.669
4.2 5.4 329.459
4.2 5.6 329.241
4.2 5.8 329.017
4.2 6 328.787
4.2 6.2 328.553
4.2 6.4 328.315
4.2 6.6 328.074
4.2 6.8 327.832
4.2 7 327.589
4.2 7.2 327.346
4.2 7.4 327.103
4.2 7.6 326.861
4.2 7.8 326.621
4.2 8 326.382
4.2 8.2 326.146
4.2 8.4 325.913
4.2 8.6 325.682
4.2 8.8 325.455
4.2 9 325.232
4.2 9.2 325.012
4.2 9.4 324.795
4.2 9.6 324.583
4.2 9.8 324.374
4.2 10 324.17
4.4 0 329.991
4.4 0.2 330.219
4.4 0.4 330.432
4.4 0.6 330.63
4.4 0.8 330.812
4.4 1 330.977
4.4 1.2 331.127
4.4 1.4 331.258
4.4 1.6 331.372
4.4 1.8 331.467
4.4 2 331.542
4.4 2.2 331.597
4.4 2.4 331.632
4.4 2.6 331.645
4.4 2.8 331.637
4.4 3 331.608
4.4 3.2 331.557
4.4 3.4 331.486
4.4 3.6 331.394
4.4 3.8 331.282
4.4 4 331.152
4.4 4.2 331.005
4.4 4.4 330.841
4.4 4.6 330.663
4.4 4.8 330.471
4.4 5 330.266
4.4 5.2 330.052
4.4 5.4 329.828
4.4 5.6 329.596
4.4 5.8 329.358
4.4 6 329.115
4.4 6.2 328.868
4.4 6.4 328.617
4.4 6.6 328.365
4.4 6.8 328.112
4.4 7 327.858
4.4 7.2 327.605
4.4 7.4 327.352
4.4 7.6 327.102
4.4 7.8 326.854
4.4 8 326.608
4.4 8.2 326.365
4.4 8.4 326.126
4.4 8.6 325.89
4.4 8.8 325.659
4.4 9 325.431
4.4 9.2 325.208
4.4 9.4 324.989
4.4 9.6 324.774
4.4 9.8 324.564
4.4 10 324.359
4.6 0 330.503
4.6 0.2 330.733
4.6 0.4 330.948
4.6 0.6 331.148
4.6 0.8 331.333
4.6 1 331.502
4.6 1.2 331.654
4.6 1.4 331.789
4.6 1.6 331.905
4.6 1.8 332.002
4.6 2 332.079
4.6 2.2 332.134
4.6 2.4 332.168
4.6 2.6 332.179
4.6 2.8 332.168
4.6 3 332.134
4.6 3.2 332.076
4.6 3.4 331.997
4.6 3.6 331.896
4.6 3.8 331.774
4.6 4 331.632
4.6 4.2 331.471
4.6 4.4 331.294
4.6 4.6 331.101
4.6 4.8 330.894
4.6 5 330.674
4.6 5.2 330.444
4.6 5.4 330.205
4.6 5.6 329.958
4.6 5.8 329.705
4.6 6 329.447
4.6 6.2 329.186
4.6 6.4 328.922
4.6 6.6 328.657
4.6 6.8 328.392
4.6 7 328.126
4.6 7.2 327.863
4.6 7.4 327.6
4.6 7.6 327.341
4.6 7.8 327.084
4.6 8 326.831
4.6 8.2 326.581
4.6 8.4 326.335
4.6 8.6 326.094
4.6 8.8 325.858
4.6 9 325.626
4.6 9.2 325.399
4.6 9.4 325.178
4.6 9.6 324.961
4.6 9.8 324.75
4.6 10 324.543
4.8 0 331.029
4.8 0.2 331.261
4.8 0.4 331.479
4.8 0.6 331.682
4.8 0.8 331.871
4.8 1 332.043
4.8 1.2 332.2
4.8 1.4 332.338
4.8 1.6 332.458
4.8 1.8 332.558
4.8 2 332.636
4.8 2.2 332.693
4.8 2.4 332.727
4.8 2.6 332.736
4.8 2.8 332.721
4.8 3 332.682
4.8 3.2 332.618
4.8 3.4 332.53
4.8 3.6 332.419
4.8 3.8 332.285
4.8 4 332.13
4.8 4.2 331.955
4.8 4.4 331.762
4.8 4.6 331.553
4.8 4.8 331.329
4.8 5 331.093
4.8 5.2 330.846
4.8 5.4 330.589
4.8 5.6 330.326
4.8 5.8 330.057
4.8 6 329.783
4.8 6.2 329.507
4.8 6.4 329.229
4.8 6.6 328.95
4.8 6.8 328.671
4.8 7 328.394
4.8 7.2 328.119
4.8 7.4 327.846
4.8 7.6 327.577
4.8 7.8 327.311
4.8 8 327.05
4.8 8.2 326.793
4.8 8.4 326.541
4.8 8.6 326.294
4.8 8.8 326.052
4.8 9 325.816
4.8 9.2 325.586
4.8 9.4 325.361
4.8 9.6 325.143
4.8 9.8 324.93
4.8 10 324.723
5 0 331.569
5 0.2 331.804
5 0.4 332.024
5 0.6 332.231
5 0.8 332.424
5 1 332.602
5 1.2 332.763
5 1.4 332.906
5 1.6 333.03
5 1.8 333.134
5 2 333.216
5 2.2 333.275
5 2.4 333.309
5 2.6 333.318
5 2.8 333.3
5 3 333.255
5 3.2 333.184
5 3.4 333.087
5 3.6 332.964
5 3.8 332.817
5 4 332.648
5 4.2 332.457
5 4.4 332.247
5 4.6 332.019
5 4.8 331.777
5 5 331.522
5 5.2 331.256
5 5.4 330.981
5 5.6 330.7
5 5.8 330.413
5 6 330.122
5 6.2 329.829
5 6.4 329.536
5 6.6 329.242
5 6.8 328.95
5 7 328.66
5 7.2 328.372
5 7.4 328.089
5 7.6 327.809
5 7.8 327.534
5 8 327.264
5 8.2 327
5 8.4 326.741
5 8.6 326.488
5 8.8 326.241
5 9 326.001
5 9.2 325.767
5 9.4 325.539
5 9.6 325.319
5 9.8 325.104
5 10 324.897
5.2 0 332.123
5.2 0.2 332.36
5.2 0.4 332.584
5.2 0.6 332.795
5.2 0.8 332.993
5.2 1 333.176
5.2 1.2 333.343
5.2 1.4 333.493
5.2 1.6 333.624
5.2 1.8 333.733
5.2 2 333.82
5.2 2.2 333.882
5.2 2.4 333.917
5.2 2.6 333.925
5.2 2.8 333.905
5.2 3 333.855
5.2 3.2 333.777
5.2 3.4 333.669
5.2 3.6 333.534
5.2 3.8 333.373
5.2 4 333.187
5.2 4.2 332.978
5.2 4.4 332.749
5.2 4.6 332.501
5.2 4.8 332.238
5.2 5 331.962
5.2 5.2 331.675
5.2 5.4 331.38
5.2 5.6 331.078
5.2 5.8 330.772
5.2 6 330.463
5.2 6.2 330.153
5.2 6.4 329.842
5.2 6.6 329.533
5.2 6.8 329.226
5.2 7 328.923
5.2 7.2 328.623
5.2 7.4 328.327
5.2 7.6 328.037
5.2 7.8 327.752
5.2 8 327.474
5.2 8.2 327.201
5.2 8.4 326.935
5.2 8.6 326.676
5.2 8.8 326.424
5.2 9 326.179
5.2 9.2 325.941
5.2 9.4 325.711
5.2 9.6 325.488
5.2 9.8 325.272
5.2 10 325.064
5.4 0 332.689
5.4 0.2 332.928
5.4 0.4 333.156
5.4 0.6 333.372
5.4 0.8 333.576
5.4 1 333.767
5.4 1.2 333.942
5.4 1.4 334.1
5.4 1.6 334.238
5.4 1.8 334.355
5.4 2 334.448
5.4 2.2 334.515
5.4 2.4 334.553
5.4 2.6 334.562
5.4 2.8 334.539
5.4 3 334.484
5.4 3.2 334.398
5.4 3.4 334.28
5.4 3.6 334.131
5.4 3.8 333.953
5.4 4 333.749
5.4 4.2 333.519
5.4 4.4 333.269
5.4 4.6 332.999
5.4 4.8 332.713
5.4 5 332.413
5.4 5.2 332.104
5.4 5.4 331.786
5.4 5.6 331.462
5.4 5.8 331.135
5.4 6 330.806
5.4 6.2 330.476
5.4 6.4 330.148
5.4 6.6 329.822
5.4 6.8 329.5
5.4 7 329.182
5.4 7.2 328.868
5.4 7.4 328.561
5.4 7.6 328.259
5.4 7.8 327.964
5.4 8 327.677
5.4 8.2 327.396
5.4 8.4 327.123
5.4 8.6 326.857
5.4 8.8 326.6
5.4 9 326.35
5.4 9.2 326.109
5.4 9.4 325.875
5.4 9.6 325.65
5.4 9.8 325.433
5.4 10 325.224
5.6 0 333.267
5.6 0.2 333.508
5.6 0.4 333.74
5.6 0.6 333.962
5.6 0.8 334.173
5.6 1 334.372
5.6 1.2 334.557
5.6 1.4 334.725
5.6 1.6 334.874
5.6 1.8 335.001
5.6 2 335.102
5.6 2.2 335.176
5.6 2.4 335.219
5.6 2.6 335.229
5.6 2.8 335.205
5.6 3 335.146
5.6 3.2 335.051
5.6 3.4 334.92
5.6 3.6 334.756
5.6 3.8 334.56
5.6 4 334.335
5.6 4.2 334.083
5.6 4.4 333.808
5.6 4.6 333.512
5.6 4.8 333.2
5.6 5 332.875
5.6 5.2 332.54
5.6 5.4 332.197
5.6 5.6 331.849
5.6 5.8 331.499
5.6 6 331.149
5.6 6.2 330.799
5.6 6.4 330.452
5.6 6.6 330.108
5.6 6.8 329.769
5.6 7 329.436
5.6 7.2 329.109
5.6 7.4 328.788
5.6 7.6 328.475
5.6 7.8 328.17
5.6 8 327.872
5.6 8.2 327.583
5.6 8.4 327.303
5.6 8.6 327.031
5.6 8.8 326.768
5.6 9 326.513
5.6 9.2 326.268
5.6 9.4 326.031
5.6 9.6 325.804
5.6 9.8 325.585
5.6 10 325.376
5.8 0 333.853
5.8 0.2 334.097
5.8 0.4 334.333
5.8 0.6 334.562
5.8 0.8 334.783
5.8 1 334.993
5.8 1.2 335.19
5.8 1.4 335.371
5.8 1.6 335.533
5.8 1.8 335.672
5.8 2 335.785
5.8 2.2 335.868
5.8 2.4 335.918
5.8 2.6 335.931
5.8 2.8 335.907
5.8 3 335.843
5.8 3.2 335.739
5.8 3.4 335.595
5.8 3.6 335.414
5.8 3.8 335.197
5.8 4 334.948
5.8 4.2 334.67
5.8 4.4 334.367
5.8 4.6 334.042
5.8 4.8 333.701
5.8 5 333.347
5.8 5.2 332.983
5.8 5.4 332.613
5.8 5.6 332.239
5.8 5.8 331.865
5.8 6 331.49
5.8 6.2 331.119
5.8 6.4 330.751
5.8 6.6 330.389
5.8 6.8 330.033
5.8 7 329.684
5.8 7.2 329.342
5.8 7.4 329.008
5.8 7.6 328.683
5.8 7.8 328.367
5.8 8 328.06
5.8 8.2 327.762
5.8 8.4 327.474
5.8 8.6 327.196
5.8 8.8 326.927
5.8 9 326.668
5.8 9.2 326.418
5.8 9.4 326.179
5.8 9.6 325.949
5.8 9.8 325.729
5.8 10 325.519
6 0 334.447
6 0.2 334.693
6 0.4 334.935
6 0.6 335.172
6 0.8 335.403
6 1 335.626
6 1.2 335.838
6 1.4 336.035
6 1.6 336.214
6 1.8 336.37
6 2 336.498
6 2.2 336.593
6 2.4 336.653
6 2.6 336.672
6 2.8 336.648
6 3 336.579
6 3.2 336.466
6 3.4 336.308
6 3.6 336.107
6 3.8 335.867
6 4 335.59
6 4.2 335.282
6 4.4 334.947
6 4.6 334.59
6 4.8 334.215
6 5 333.829
6 5.2 333.433
6 5.4 333.033
6 5.6 332.631
6 5.8 332.229
6 6 331.83
6 6.2 331.435
6 6.4 331.046
6 6.6 330.664
6 6.8 330.29
6 7 329.924
6 7.2 329.567
6 7.4 329.22
6 7.6 328.883
6 7.8 328.556
6 8 328.239
6 8.2 327.932
6 8.4 327.636
6 8.6 327.351
6 8.8 327.076
6 9 326.812
6 9.2 326.559
6 9.4 326.316
6 9.6 326.084
6 9.8 325.863
6 10 325.652
6.2 0 335.044
6.2 0.2 335.293
6.2 0.4 335.54
6.2 0.6 335.787
6.2 0.8 336.031
6.2 1 336.27
6.2 1.2 336.5
6.2 1.4 336.718
6.2 1.6 336.918
6.2 1.8 337.095
6.2 2 337.243
6.2 2.2 337.355
6.2 2.4 337.428
6.2 2.6 337.455
6.2 2.8 337.434
6.2 3 337.361
6.2 3.2 337.238
6.2 3.4 337.063
6.2 3.6 336.84
6.2 3.8 336.572
6.2 4 336.264
6.2 4.2 335.921
6.2 4.4 335.549
6.2 4.6 335.154
6.2 4.8 334.742
6.2 5 334.319
6.2 5.2 333.889
6.2 5.4 333.455
6.2 5.6 333.021
6.2 5.8 332.591
6.2 6 332.165
6.2 6.2 331.746
6.2 6.4 331.334
6.2 6.6 330.932
6.2 6.8 330.539
6.2 7 330.156
6.2 7.2 329.784
6.2 7.4 329.422
6.2 7.6 329.072
6.2 7.8 328.734
6.2 8 328.407
6.2 8.2 328.091
6.2 8.4 327.787
6.2 8.6 327.495
6.2 8.8 327.215
6.2 9 326.946
6.2 9.2 326.689
6.2 9.4 326.443
6.2 9.6 326.209
6.2 9.8 325.986
6.2 10 325.775
6.4 0 335.642
6.4 0.2 335.893
6.4 0.4 336.148
6.4 0.6 336.405
6.4 0.8 336.665
6.4 1 336.923
6.4 1.2 337.176
6.4 1.4 337.419
6.4 1.6 337.646
6.4 1.8 337.849
6.4 2 338.023
6.4 2.2 338.158
6.4 2.4 338.248
6.4 2.6 338.287
6.4 2.8 338.27
6.4 3 338.195
6.4 3.2 338.061
6.4 3.4 337.868
6.4 3.6 337.619
6.4 3.8 337.319
6.4 4 336.973
6.4 4.2 336.589
6.4 4.4 336.174
6.4 4.6 335.736
6.4 4.8 335.281
6.4 5 334.816
6.4 5.2 334.347
6.4 5.4 333.877
6.4 5.6 333.41
6.4 5.8 332.948
6.4 6 332.494
6.4 6.2 332.048
6.4 6.4 331.613
6.4 6.6 331.189
6.4 6.8 330.777
6.4 7 330.377
6.4 7.2 329.989
6.4 7.4 329.613
6.4 7.6 329.251
6.4 7.8 328.901
6.4 8 328.563
6.4 8.2 328.239
6.4 8.4 327.927
6.4 8.6 327.628
6.4 8.8 327.342
6.4 9 327.068
6.4 9.2 326.807
6.4 9.4 326.559
6.4 9.6 326.322
6.4 9.8 326.098
6.4 10 325.887
6.6 0 336.236
6.6 0.2 336.489
6.6 0.4 336.751
6.6 0.6 337.022
6.6 0.8 337.3
6.6 1 337.581
6.6 1.2 337.862
6.6 1.4 338.136
6.6 1.6 338.396
6.6 1.8 338.635
6.6 2 338.841
6.6 2.2 339.006
6.6 2.4 339.119
6.6 2.6 339.174
6.6 2.8 339.165
6.6 3 339.088
6.6 3.2 338.942
6.6 3.4 338.728
6.6 3.6 338.448
6.6 3.8 338.11
6.6 4 337.72
6.6 4.2 337.288
6.6 4.4 336.822
6.6 4.6 336.333
6.6 4.8 335.83
6.6 5 335.319
6.6 5.2 334.806
6.6 5.4 334.296
6.6 5.6 333.792
6.6 5.8 333.298
6.6 6 332.813
6.6 6.2 332.341
6.6 6.4 331.882
6.6 6.6 331.436
6.6 6.8 331.003
6.6 7 330.585
6.6 7.2 330.181
6.6 7.4 329.792
6.6 7.6 329.416
6.6 7.8 329.055
6.6 8 328.707
6.6 8.2 328.374
6.6 8.4 328.054
6.6 8.6 327.749
6.6 8.8 327.457
6.6 9 327.178
6.6 9.2 326.913
6.6 9.4 326.662
6.6 9.6 326.423
6.6 9.8 326.198
6.6 10 325.986
6.8 0 336.821
6.8 0.2 337.076
6.8 0.4 337.347
6.8 0.6 337.633
6.8 0.8 337.931
6.8 1 338.24
6.8 1.2 338.554
6.8 1.4 338.866
6.8 1.6 339.169
6.8 1.8 339.452
6.8 2 339.701
6.8 2.2 339.904
6.8 2.4 340.049
6.8 2.6 340.126
6.8 2.8 340.128
6.8 3 340.05
6.8 3.2 339.891
6.8 3.4 339.652
6.8 3.6 339.337
6.8 3.8 338.954
6.8 4 338.51
6.8 4.2 338.02
6.8 4.4 337.494
6.8 4.6 336.946
6.8 4.8 336.386
6.8 5 335.823
6.8 5.2 335.262
6.8 5.4 334.709
6.8 5.6 334.166
6.8 5.8 333.637
6.8 6 333.121
6.8 6.2 332.621
6.8 6.4 332.137
6.8 6.6 331.668
6.8 6.8 331.216
6.8 7 330.78
6.8 7.2 330.36
6.8 7.4 329.956
6.8 7.6 329.567
6.8 7.8 329.195
6.8 8 328.837
6.8 8.2 328.495
6.8 8.4 328.168
6.8 8.6 327.856
6.8 8.8 327.558
6.8 9 327.275
6.8 9.2 327.006
6.8 9.4 326.751
6.8 9.6 326.511
6.8 9.8 326.285
6.8 10 326.073
7 0 337.39
7 0.2 337.647
7 0.4 337.928
7 0.6 338.23
7 0.8 338.553
7 1 338.894
7 1.2 339.247
7 1.4 339.607
7 1.6 339.963
7 1.8 340.302
7 2 340.607
7 2.2 340.861
7 2.4 341.048
7 2.6 341.154
7 2.8 341.171
7 3 341.094
7 3.2 340.921
7 3.4 340.653
7 3.6 340.296
7 3.8 339.856
7 4 339.348
7 4.2 338.786
7 4.4 338.189
7 4.6 337.571
7 4.8 336.946
7 5 336.324
7 5.2 335.711
7 5.4 335.111
7 5.6 334.528
7 5.8 333.962
7 6 333.414
7 6.2 332.885
7 6.4 332.376
7 6.6 331.885
7 6.8 331.412
7 7 330.958
7 7.2 330.523
7 7.4 330.104
7 7.6 329.703
7 7.8 329.319
7 8 328.952
7 8.2 328.601
7 8.4 328.267
7 8.6 327.948
7 8.8 327.645
7 9 327.357
7 9.2 327.085
7 9.4 326.827
7 9.6 326.585
7 9.8 326.358
7 10 326.145
7.2 0 337.936
7.2 0.2 338.196
7.2 0.4 338.486
7.2 0.6 338.807
7.2 0.8 339.157
7.2 1 339.534
7.2 1.2 339.935
7.2 1.4 340.351
7.2 1.6 340.773
7.2 1.8 341.185
7.2 2 341.565
7.2 2.2 341.886
7.2 2.4 342.126
7.2 2.6 342.271
7.2 2.8 342.308
7.2 3 342.234
7.2 3.2 342.045
7.2 3.4 341.744
7.2 3.6 341.335
7.2 3.8 340.829
7.2 4 340.239
7.2 4.2 339.589
7.2 4.4 338.903
7.2 4.6 338.203
7.2 4.8 337.504
7.2 5 336.816
7.2 5.2 336.147
7.2 5.4 335.498
7.2 5.6 334.871
7.2 5.8 334.268
7.2 6 333.688
7.2 6.2 333.131
7.2 6.4 332.596
7.2 6.6 332.083
7.2 6.8 331.591
7.2 7 331.119
7.2 7.2 330.668
7.2 7.4 330.236
7.2 7.6 329.822
7.2 7.8 329.427
7.2 8 329.051
7.2 8.2 328.691
7.2 8.4 328.349
7.2 8.6 328.024
7.2 8.8 327.716
7.2 9 327.424
7.2 9.2 327.148
7.2 9.4 326.888
7.2 9.6 326.644
7.2 9.8 326.416
7.2 10 326.203
7.4 0 338.452
7.4 0.2 338.714
7.4 0.4 339.015
7.4 0.6 339.355
7.4 0.8 339.735
7.4 1 340.152
7.4 1.2 340.606
7.4 1.4 341.09
7.4 1.6 341.595
7.4 1.8 342.102
7.4 2 342.581
7.4 2.2 342.991
7.4 2.4 343.301
7.4 2.6 343.494
7.4 2.8 343.557
7.4 3 343.487
7.4 3.2 343.282
7.4 3.4 342.943
7.4 3.6 342.473
7.4 3.8 341.883
7.4 4 341.192
7.4 4.2 340.428
7.4 4.4 339.632
7.4 4.6 338.833
7.4 4.8 338.05
7.4 5 337.291
7.4 5.2 336.561
7.4 5.4 335.862
7.4 5.6 335.192
7.4 5.8 334.551
7.4 6 333.939
7.4 6.2 333.354
7.4 6.4 332.794
7.4 6.6 332.26
7.4 6.8 331.748
7.4 7 331.26
7.4 7.2 330.793
7.4 7.4 330.348
7.4 7.6 329.923
7.4 7.8 329.518
7.4 8 329.132
7.4 8.2 328.764
7.4 8.4 328.416
7.4 8.6 328.085
7.4 8.8 327.771
7.4 9 327.475
7.4 9.2 327.196
7.4 9.4 326.933
7.4 9.6 326.687
7.4 9.8 326.458
7.4 10 326.245
7.6 0 338.929
7.6 0.2 339.193
7.6 0.4 339.504
7.6 0.6 339.864
7.6 0.8 340.274
7.6 1 340.734
7.6 1.2 341.246
7.6 1.4 341.808
7.6 1.6 342.414
7.6 1.8 343.046
7.6 2 343.666
7.6 2.2 344.196
7.6 2.4 344.595
7.6 2.6 344.846
7.6 2.8 344.94
7.6 3 344.877
7.6 3.2 344.653
7.6 3.4 344.271
7.6 3.6 343.731
7.6 3.8 343.04
7.6 4 342.216
7.6 4.2 341.298
7.6 4.4 340.363
7.6 4.6 339.448
7.6 4.8 338.572
7.6 5 337.738
7.6 5.2 336.946
7.6 5.4 336.196
7.6 5.6 335.483
7.6 5.8 334.807
7.6 6 334.164
7.6 6.2 333.551
7.6 6.4 332.968
7.6 6.6 332.413
7.6 6.8 331.884
7.6 7 331.379
7.6 7.2 330.898
7.6 7.4 330.44
7.6 7.6 330.004
7.6 7.8 329.589
7.6 8 329.194
7.6 8.2 328.819
7.6 8.4 328.464
7.6 8.6 328.127
7.6 8.8 327.809
7.6 9 327.509
7.6 9.2 327.227
7.6 9.4 326.962
7.6 9.6 326.715
7.6 9.8 326.484
7.6 10 326.271
7.8 0 339.358
7.8 0.2 339.624
7.8 0.4 339.945
7.8 0.6 340.324
7.8 0.8 340.763
7.8 1 341.265
7.8 1.2 341.836
7.8 1.4 342.482
7.8 1.6 343.206
7.8 1.8 344.005
7.8 2 344.841
7.8 2.2 345.531
7.8 2.4 346.037
7.8 2.6 346.353
7.8 2.8 346.482
7.8 3 346.426
7.8 3.2 346.184
7.8 3.4 345.757
7.8 3.6 345.14
7.8 3.8 344.331
7.8 4 343.334
7.8 4.2 342.187
7.8 4.4 341.072
7.8 4.6 340.026
7.8 4.8 339.051
7.8 5 338.141
7.8 5.2 337.29
7.8 5.4 336.491
7.8 5.6 335.739
7.8 5.8 335.029
7.8 6 334.357
7.8 6.2 333.72
7.8 6.4 333.115
7.8 6.6 332.54
7.8 6.8 331.994
7.8 7 331.474
7.8 7.2 330.98
7.8 7.4 330.51
7.8 7.6 330.064
7.8 7.8 329.639
7.8 8 329.237
7.8 8.2 328.855
7.8 8.4 328.493
7.8 8.6 328.151
7.8 8.8 327.829
7.8 9 327.525
7.8 9.2 327.24
7.8 9.4 326.973
7.8 9.6 326.724
7.8 9.8 326.494
7.8 10 326.28
8 0 339.732
8 0.2 339.999
8 0.4 340.329
8 0.6 340.724
8 0.8 341.188
8 1 341.727
8 1.2 342.352
8 1.4 343.077
8 1.6 343.923
8 1.8 344.926
8 2 346.161
8 2.2 347.051
8 2.4 347.669
8 2.6 348.049
8 2.8 348.209
8 3 348.159
8 3.2 347.901
8 3.4 347.432
8 3.6 346.741
8 3.8 345.81
8 4 344.603
8 4.2 343.045
8 4.4 341.714
8 4.6 340.532
8 4.8 339.464
8 5 338.486
8 5.2 337.582
8 5.4 336.741
8 5.6 335.953
8 5.8 335.213
8 6 334.515
8 6.2 333.856
8 6.4 333.231
8 6.6 332.639
8 6.8 332.078
8 7 331.544
8 7.2 331.038
8 7.4 330.558
8 7.6 330.101
8 7.8 329.669
8 8 329.259
8 8.2 328.87
8 8.4 328.503
8 8.6 328.156
8 8.8 327.83
8 9 327.523
8 9.2 327.235
8 9.4 326.967
8 9.6 326.717
8 9.8 326.485
8 10 326.272
8.2 0 340.043
8.2 0.2 340.311
8.2 0.4 340.647
8.2 0.6 341.054
8.2 0.8 341.537
8.2 1 342.104
8.2 1.2 342.769
8.2 1.4 343.551
8.2 1.6 344.483
8.2 1.8 345.615
8.2 2 347.028
8.2 2.2 348.043
8.2 2.4 348.739
8.2 2.6 349.164
8.2 2.8 349.347
8.2 3 349.301
8.2 3.2 349.03
8.2 3.4 348.529
8.2 3.6 347.783
8.2 3.8 346.764
8.2 4 345.422
8.2 4.2 343.676
8.2 4.4 342.205
8.2 4.6 340.926
8.2 4.8 339.788
8.2 5 338.757
8.2 5.2 337.812
8.2 5.4 336.936
8.2 5.6 336.12
8.2 5.8 335.355
8.2 6 334.635
8.2 6.2 333.957
8.2 6.4 333.315
8.2 6.6 332.708
8.2 6.8 332.133
8.2 7 331.588
8.2 7.2 331.071
8.2 7.4 330.58
8.2 7.6 330.116
8.2 7.8 329.675
8.2 8 329.259
8.2 8.2 328.864
8.2 8.4 328.492
8.2 8.6 328.141
8.2 8.8 327.811
8.2 9 327.502
8.2 9.2 327.212
8.2 9.4 326.941
8.2 9.6 326.69
8.2 9.8 326.458
8.2 10 326.245
8.4 0 340.286
8.4 0.2 340.555
8.4 0.4 340.895
8.4 0.6 341.309
8.4 0.8 341.802
8.4 1 342.383
8.4 1.2 343.067
8.4 1.4 343.875
8.4 1.6 344.843
8.4 1.8 346.023
8.4 2 347.493
8.4 2.2 348.553
8.4 2.4 349.279
8.4 2.6 349.723
8.4 2.8 349.913
8.4 3 349.867
8.4 3.2 349.588
8.4 3.4 349.071
8.4 3.6 348.299
8.4 3.8 347.241
8.4 4 345.844
8.4 4.2 344.032
8.4 4.4 342.504
8.4 4.6 341.179
8.4 4.8 340.004
8.4 5 338.943
8.4 5.2 337.971
8.4 5.4 337.072
8.4 5.6 336.235
8.4 5.8 335.451
8.4 6 334.715
8.4 6.2 334.021
8.4 6.4 333.365
8.4 6.6 332.745
8.4 6.8 332.158
8.4 7 331.603
8.4 7.2 331.076
8.4 7.4 330.578
8.4 7.6 330.106
8.4 7.8 329.659
8.4 8 329.236
8.4 8.2 328.837
8.4 8.4 328.46
8.4 8.6 328.106
8.4 8.8 327.773
8.4 9 327.46
8.4 9.2 327.169
8.4 9.4 326.897
8.4 9.6 326.645
8.4 9.8 326.413
8.4 10 326.2
8.6 0 340.459
8.6 0.2 340.728
8.6 0.4 341.07
8.6 0.6 341.485
8.6 0.8 341.979
8.6 1 342.561
8.6 1.2 343.241
8.6 1.4 344.041
8.6 1.6 344.991
8.6 1.8 346.14
8.6 2 347.569
8.6 2.2 348.597
8.6 2.4 349.303
8.6 2.6 349.734
8.6 2.8 349.917
8.6 3 349.866
8.6 3.2 349.584
8.6 3.4 349.068
8.6 3.6 348.301
8.6 3.8 347.255
8.6 4 345.884
8.6 4.2 344.105
8.6 4.4 342.598
8.6 4.6 341.283
8.6 4.8 340.108
8.6 5 339.04
8.6 5.2 338.058
8.6 5.4 337.147
8.6 5.6 336.297
8.6 5.8 335.501
8.6 6 334.752
8.6 6.2 334.046
8.6 6.4 333.379
8.6 6.6 332.749
8.6 6.8 332.153
8.6 7 331.588
8.6 7.2 331.054
8.6 7.4 330.549
8.6 7.6 330.07
8.6 7.8 329.618
8.6 8 329.19
8.6 8.2 328.787
8.6 8.4 328.407
8.6 8.6 328.049
8.6 8.8 327.713
8.6 9 327.399
8.6 9.2 327.105
8.6 9.4 326.833
8.6 9.6 326.58
8.6 9.8 326.348
8.6 10 326.135
8.8 0 340.56
8.8 0.2 340.83
8.8 0.4 341.17
8.8 0.6 341.582
8.8 0.8 342.07
8.8 1 342.638
8.8 1.2 343.296
8.8 1.4 344.057
8.8 1.6 344.939
8.8 1.8 345.978
8.8 2 347.246
8.8 2.2 348.163
8.8 2.4 348.801
8.8 2.6 349.193
8.8 2.8 349.355
8.8 3 349.295
8.8 3.2 349.016
8.8 3.4 348.515
8.8 3.6 347.781
8.8 3.8 346.797
8.8 4 345.53
8.8 4.2 343.905
8.8 4.4 342.502
8.8 4.6 341.247
8.8 4.8 340.103
8.8 5 339.05
8.8 5.2 338.073
8.8 5.4 337.161
8.8 5.6 336.306
8.8 5.8 335.503
8.8 6 334.746
8.8 6.2 334.032
8.8 6.4 333.357
8.8 6.6 332.719
8.8 6.8 332.115
8.8 7 331.544
8.8 7.2 331.004
8.8 7.4 330.492
8.8 7.6 330.009
8.8 7.8 329.552
8.8 8 329.12
8.8 8.2 328.714
8.8 8.4 328.33
8.8 8.6 327.97
8.8 8.8 327.632
8.8 9 327.316
8.8 9.2 327.022
8.8 9.4 326.748
8.8 9.6 326.495
8.8 9.8 326.263
8.8 10 326.051
9 0 340.591
9 0.2 340.862
9 0.4 341.199
9 0.6 341.604
9 0.8 342.079
9 1 342.626
9 1.2 343.249
9 1.4 343.95
9 1.6 344.731
9 1.8 345.587
9 2 346.474
9 2.2 347.208
9 2.4 347.747
9 2.6 348.082
9 2.8 348.214
9 3 348.143
9 3.2 347.871
9 3.4 347.394
9 3.6 346.712
9 3.8 345.822
9 4 344.733
9 4.2 343.483
9 4.4 342.259
9 4.6 341.099
9 4.8 340.009
9 5 338.985
9 5.2 338.023
9 5.4 337.118
9 5.6 336.264
9 5.8 335.459
9 6 334.698
9 6.2 333.978
9 6.4 333.298
9 6.6 332.655
9 6.8 332.046
9 7 331.469
9 7.2 330.924
9 7.4 330.409
9 7.6 329.921
9 7.8 329.461
9 8 329.026
9 8.2 328.617
9 8.4 328.231
9 8.6 327.869
9 8.8 327.53
9 9 327.213
9 9.2 326.917
9 9.4 326.643
9 9.6 326.39
9 9.8 326.158
9 10 325.946
9.2 0 340.557
9.2 0.2 340.827
9.2 0.4 341.16
9.2 0.6 341.557
9.2 0.8 342.017
9.2 1 342.539
9.2 1.2 343.123
9.2 1.4 343.763
9.2 1.6 344.45
9.2 1.8 345.163
9.2 2 345.856
9.2 2.2 346.449
9.2 2.4 346.895
9.2 2.6 347.175
9.2 2.8 347.276
9.2 3 347.194
9.2 3.2 346.929
9.2 3.4 346.479
9.2 3.6 345.849
9.2 3.8 345.048
9.2 4 344.096
9.2 4.2 343.037
9.2 4.4 341.951
9.2 4.6 340.881
9.2 4.8 339.848
9.2 5 338.859
9.2 5.2 337.917
9.2 5.4 337.022
9.2 5.6 336.174
9.2 5.8 335.37
9.2 6 334.608
9.2 6.2 333.886
9.2 6.4 333.203
9.2 6.6 332.556
9.2 6.8 331.943
9.2 7 331.364
9.2 7.2 330.815
9.2 7.4 330.297
9.2 7.6 329.806
9.2 7.8 329.344
9.2 8 328.907
9.2 8.2 328.496
9.2 8.4 328.109
9.2 8.6 327.745
9.2 8.8 327.405
9.2 9 327.087
9.2 9.2 326.791
9.2 9.4 326.517
9.2 9.6 326.264
9.2 9.8 326.032
9.2 10 325.821
9.4 0 340.459
9.4 0.2 340.729
9.4 0.4 341.058
9.4 0.6 341.446
9.4 0.8 341.891
9.4 1 342.391
9.4 1.2 342.94
9.4 1.4 343.529
9.4 1.6 344.143
9.4 1.8 344.759
9.4 2 345.338
9.4 2.2 345.835
9.4 2.4 346.212
9.4 2.6 346.445
9.4 2.8 346.52
9.4 3 346.43
9.4 3.2 346.171
9.4 3.4 345.745
9.4 3.6 345.159
9.4 3.8 344.425
9.4 4 343.566
9.4 4.2 342.618
9.4 4.4 341.627
9.4 4.6 340.627
9.4 4.8 339.642
9.4 5 338.685
9.4 5.2 337.763
9.4 5.4 336.881
9.4 5.6 336.039
9.4 5.8 335.239
9.4 6 334.478
9.4 6.2 333.756
9.4 6.4 333.071
9.4 6.6 332.423
9.4 6.8 331.808
9.4 7 331.227
9.4 7.2 330.676
9.4 7.4 330.156
9.4 7.6 329.665
9.4 7.8 329.2
9.4 8 328.763
9.4 8.2 328.35
9.4 8.4 327.963
9.4 8.6 327.599
9.4 8.8 327.258
9.4 9 326.94
9.4 9.2 326.644
9.4 9.4 326.37
9.4 9.6 326.117
9.4 9.8 325.886
9.4 10 325.675
9.6 0 340.302
9.6 0.2 340.571
9.6 0.4 340.897
9.6 0.6 341.278
9.6 0.8 341.712
9.6 1 342.194
9.6 1.2 342.717
9.6 1.4 343.27
9.6 1.6 343.836
9.6 1.8 344.391
9.6 2 344.904
9.6 2.2 345.341
9.6 2.4 345.672
9.6 2.6 345.874
9.6 2.8 345.93
9.6 3 345.834
9.6 3.2 345.58
9.6 3.4 345.171
9.6 3.6 344.615
9.6 3.8 343.926
9.6 4 343.126
9.6 4.2 342.243
9.6 4.4 341.311
9.6 4.6 340.358
9.6 4.8 339.408
9.6 5 338.476
9.6 5.2 337.571
9.6 5.4 336.699
9.6 5.6 335.864
9.6 5.8 335.067
9.6 6 334.309
9.6 6.2 333.588
9.6 6.4 332.904
9.6 6.6 332.255
9.6 6.8 331.64
9.6 7 331.059
9.6 7.2 330.508
9.6 7.4 329.987
9.6 7.6 329.495
9.6 7.8 329.031
9.6 8 328.593
9.6 8.2 328.181
9.6 8.4 327.793
9.6 8.6 327.429
9.6 8.8 327.089
9.6 9 326.771
9.6 9.2 326.475
9.6 9.4 326.202
9.6 9.6 325.949
9.6 9.8 325.718
9.6 10 325.508
9.8 0 340.089
9.8 0.2 340.358
9.8 0.4 340.681
9.8 0.6 341.057
9.8 0.8 341.484
9.8 1 341.956
9.8 1.2 342.465
9.8 1.4 342.998
9.8 1.6 343.539
9.8 1.8 344.064
9.8 2 344.546
9.8 2.2 344.954
9.8 2.4 345.262
9.8 2.6 345.447
9.8 2.8 345.494
9.8 3 345.394
9.8 3.2 345.144
9.8 3.4 344.745
9.8 3.6 344.205
9.8 3.8 343.54
9.8 4 342.768
9.8 4.2 341.917
9.8 4.4 341.015
9.8 4.6 340.088
9.8 4.8 339.157
9.8 5 338.239
9.8 5.2 337.345
9.8 5.4 336.481
9.8 5.6 335.651
9.8 5.8 334.858
9.8 6 334.102
9.8 6.2 333.384
9.8 6.4 332.701
9.8 6.6 332.054
9.8 6.8 331.44
9.8 7 330.859
9.8 7.2 330.309
9.8 7.4 329.79
9.8 7.6 329.298
9.8 7.8 328.835
9.8 8 328.398
9.8 8.2 327.986
9.8 8.4 327.599
9.8 8.6 327.236
9.8 8.8 326.897
9.8 9 326.58
9.8 9.2 326.285
9.8 9.4 326.012
9.8 9.6 325.76
9.8 9.8 325.53
9.8 10 325.321
10 0 340.089
10 0.2 340.089
10 0.4 340.411
10 0.6 340.786
10 0.8 341.211
10 1 341.681
10 1.2 342.188
10 1.4 342.72
10 1.6 343.258
10 1.8 343.781
10 2 344.26
10 2.2 344.667
10 2.4 344.974
10 2.6 345.158
10 2.8 345.205
10 3 345.106
10 3.2 344.856
10 3.4 344.459
10 3.6 343.922
10 3.8 343.259
10 4 342.49
10 4.2 341.643
10 4.4 340.744
10 4.6 339.82
10 4.8 338.894
10 5 337.979
10 5.2 337.088
10 5.4 336.228
10 5.6 335.401
10 5.8 334.612
10 6 333.859
10 6.2 333.143
10 6.4 332.463
10 6.6 331.818
10 6.8 331.207
10 7 330.629
10 7.2 330.081
10 7.4 329.563
10 7.6 329.074
10 7.8 328.612
10 8 328.177
10 8.2 327.767
10 8.4 327.382
10 8.6 327.02
10 8.8 326.682
10 9 326.366
10 9.2 326.073
10 9.4 325.801
10 9.6 325.55
10 9.8 325.321
10 10 325.321
