1 20.5376 19.5376
2 19.5899 0.0461479
3 19.5603 0.00150792
4 19.5342 0.00133689
5 19.5145 0.00100793
6 19.4949 0.00100558
7 19.4767 0.000931228
8 19.4604 0.000838805
9 19.4463 0.000722141
10 19.4345 0.000607838
11 19.4248 0.000499777
12 19.4169 0.000403867
13 19.4107 0.000320738
14 19.4058 0.000250762
15 19.4021 0.00019292
16 19.3993 0.000146033
17 19.3972 0.000108624
18 19.3956 7.92644e-05
19 19.3945 5.65751e-05
20 19.3938 3.93251e-05
21 19.3932 2.64307e-05
22 19.3929 1.69715e-05
23 19.3927 1.01784e-05
24 19.3926 5.42221e-06
25 19.3926 2.19627e-06
26 19.3926 9.92924e-08
27 19.3926 1.18185e-06
28 19.3926 1.88755e-06
29 19.3927 2.19946e-06
30 19.3927 2.25241e-06
31 19.3928 2.1445e-06
32 19.3928 1.94546e-06
33 19.3928 1.70347e-06
34 19.3929 1.45059e-06
35 19.3929 1.20707e-06
36 19.3929 9.84689e-07
37 19.3929 7.89312e-07
38 19.3929 6.22831e-07
39 19.3929 4.84577e-07
40 19.3929 3.72356e-07
41 19.3929 2.83173e-07
42 19.3929 2.13728e-07
43 19.393 1.60741e-07
44 19.393 1.21151e-07
45 19.393 9.22231e-08
46 19.393 7.15956e-08
47 19.393 5.72869e-08
48 19.393 4.76748e-08
49 19.393 4.14612e-08
50 19.393 3.76313e-08
51 19.393 3.5409e-08
52 19.393 3.42159e-08
53 19.393 3.36321e-08
54 19.393 3.33627e-08
55 19.393 3.32093e-08
56 19.393 3.30455e-08
57 19.393 3.27976e-08
58 19.393 3.24292e-08
59 19.393 3.19295e-08
60 19.393 3.13039e-08
61 19.393 3.05673e-08
62 19.393 2.97399e-08
63 19.393 2.88431e-08
64 19.393 2.78981e-08
65 19.393 2.69242e-08
66 19.393 2.59381e-08
67 19.393 2.49539e-08
68 19.393 2.39828e-08
69 19.393 2.30334e-08
70 19.393 2.21122e-08
71 19.393 2.12236e-08
72 19.393 2.03704e-08
73 19.393 1.95541e-08
74 19.393 1.87751e-08
75 19.393 1.80334e-08
76 19.393 1.73279e-08
77 19.393 1.66574e-08
78 19.393 1.60205e-08
79 19.393 1.54156e-08
80 19.393 1.48409e-08
81 19.393 1.42947e-08
82 19.393 1.37754e-08
83 19.393 1.32814e-08
84 19.393 1.28112e-08
85 19.393 1.23632e-08
86 19.393 1.19362e-08
87 19.393 1.15289e-08
88 19.393 1.11402e-08
89 19.393 1.07689e-08
90 19.393 1.0414e-08
91 19.393 1.00747e-08
92 19.393 9.74998e-09
1 17.575 16.575
2 16.5558 0.057991
3 16.2286 0.0197641
4 16.0121 0.0133361
5 15.8648 0.00920061
6 15.7552 0.00691242
7 15.6702 0.00539389
8 15.6019 0.00435924
9 15.5457 0.0035995
10 15.4986 0.00302896
11 15.4586 0.00258391
12 15.4241 0.00223003
13 15.3941 0.00194252
14 15.3679 0.00170575
15 15.3447 0.00150822
16 15.3241 0.00134187
17 15.3057 0.00120057
18 15.2892 0.00107973
19 15.2743 0.000975698
20 15.2607 0.000885632
21 15.2484 0.000807224
22 15.2372 0.000738607
23 15.2268 0.000678252
24 15.2173 0.000624901
25 15.2085 0.000577515
26 15.2004 0.00053523
27 15.1928 0.000497326
28 15.1858 0.000463203
29 15.1792 0.000432357
30 15.1731 0.000404366
31 15.1673 0.000378872
32 15.1619 0.000355574
33 15.1569 0.000334217
34 15.1521 0.000314583
35 15.1476 0.000296483
36 15.1434 0.000279759
37 15.1394 0.000264271
38 15.1356 0.000249899
39 15.132 0.000236538
40 15.1286 0.000224095
41 15.1254 0.00021249
42 15.1224 0.00020165
43 15.1195 0.000191512
44 15.1167 0.000182018
45 15.1141 0.000173117
46 15.1116 0.000164762
47 15.1092 0.000156913
48 15.107 0.00014953
49 15.1048 0.00014258
50 15.1028 0.000136032
51 15.1008 0.000129857
52 15.0989 0.000124028
53 15.0971 0.000118522
54 15.0954 0.000113317
55 15.0938 0.000108393
56 15.0922 0.000103731
57 15.0907 9.93144e-05
58 15.0893 9.51269e-05
59 15.0879 9.11541e-05
60 15.0866 8.73827e-05
61 15.0853 8.38001e-05
62 15.0841 8.03949e-05
63 15.083 7.71564e-05
64 15.0818 7.40747e-05
65 15.0808 7.11405e-05
66 15.0797 6.83453e-05
67 15.0787 6.56811e-05
68 15.0778 6.31406e-05
69 15.0769 6.07167e-05
70 15.076 5.84031e-05
71 15.0752 5.61938e-05
72 15.0743 5.4083e-05
73 15.0736 5.20655e-05
74 15.0728 5.01364e-05
75 15.0721 4.82911e-05
76 15.0714 4.65253e-05
77 15.0707 4.48348e-05
78 15.07 4.32158e-05
79 15.0694 4.16648e-05
80 15.0688 4.01784e-05
81 15.0682 3.87534e-05
82 15.0677 3.73868e-05
83 15.0671 3.60758e-05
84 15.0666 3.48177e-05
85 15.0661 3.36101e-05
86 15.0656 3.24505e-05
87 15.0651 3.13367e-05
88 15.0647 3.02667e-05
89 15.0642 2.92383e-05
90 15.0638 2.82497e-05
91 15.0634 2.72991e-05
92 15.063 2.63849e-05
93 15.0626 2.55054e-05
94 15.0622 2.4659e-05
95 15.0619 2.38444e-05
96 15.0615 2.30601e-05
97 15.0612 2.23049e-05
98 15.0609 2.15774e-05
99 15.0606 2.08766e-05
100 15.0603 2.02014e-05
101 15.06 1.95505e-05
102 15.0597 1.89231e-05
103 15.0594 1.83182e-05
104 15.0591 1.77348e-05
105 15.0589 1.71721e-05
106 15.0586 1.66292e-05
107 15.0584 1.61054e-05
108 15.0581 1.55998e-05
109 15.0579 1.51118e-05
110 15.0577 1.46407e-05
111 15.0575 1.41857e-05
112 15.0573 1.37464e-05
113 15.0571 1.3322e-05
114 15.0569 1.29119e-05
115 15.0567 1.25158e-05
116 15.0565 1.21329e-05
117 15.0563 1.17629e-05
118 15.0562 1.14052e-05
119 15.056 1.10594e-05
120 15.0558 1.0725e-05
121 15.0557 1.04016e-05
122 15.0555 1.00888e-05
123 15.0554 9.78622e-06
124 15.0552 9.49348e-06
125 15.0551 9.21022e-06
126 15.055 8.93611e-06
127 15.0548 8.67081e-06
128 15.0547 8.41401e-06
129 15.0546 8.1654e-06
130 15.0545 7.9247e-06
131 15.0543 7.69163e-06
132 15.0542 7.46592e-06
133 15.0541 7.24731e-06
134 15.054 7.03556e-06
135 15.0539 6.83043e-06
136 15.0538 6.63169e-06
137 15.0537 6.43912e-06
138 15.0536 6.25251e-06
139 15.0535 6.07167e-06
140 15.0534 5.89638e-06
141 15.0534 5.72647e-06
142 15.0533 5.56176e-06
143 15.0532 5.40207e-06
144 15.0531 5.24723e-06
145 15.053 5.09709e-06
146 15.053 4.95148e-06
147 15.0529 4.81027e-06
148 15.0528 4.67329e-06
149 15.0527 4.54042e-06
150 15.0527 4.41153e-06
151 15.0526 4.28648e-06
152 15.0526 4.16514e-06
153 15.0525 4.04741e-06
154 15.0524 3.93315e-06
155 15.0524 3.82227e-06
156 15.0523 3.71466e-06
157 15.0523 3.6102e-06
158 15.0522 3.50881e-06
159 15.0522 3.41037e-06
160 15.0521 3.31481e-06
161 15.0521 3.22203e-06
162 15.052 3.13194e-06
163 15.052 3.04446e-06
164 15.0519 2.95951e-06
165 15.0519 2.87701e-06
166 15.0518 2.79689e-06
167 15.0518 2.71906e-06
168 15.0518 2.64347e-06
169 15.0517 2.57003e-06
170 15.0517 2.4987e-06
171 15.0516 2.42939e-06
172 15.0516 2.36206e-06
173 15.0516 2.29663e-06
174 15.0515 2.23307e-06
175 15.0515 2.17129e-06
176 15.0515 2.11126e-06
177 15.0514 2.05293e-06
178 15.0514 1.99623e-06
179 15.0514 1.94113e-06
180 15.0514 1.88756e-06
181 15.0513 1.8355e-06
182 15.0513 1.7849e-06
183 15.0513 1.7357e-06
184 15.0513 1.68788e-06
185 15.0512 1.64138e-06
186 15.0512 1.59618e-06
187 15.0512 1.55222e-06
188 15.0512 1.50949e-06
189 15.0511 1.46794e-06
190 15.0511 1.42753e-06
191 15.0511 1.38824e-06
192 15.0511 1.35003e-06
193 15.0511 1.31287e-06
194 15.051 1.27673e-06
195 15.051 1.24158e-06
196 15.051 1.20739e-06
197 15.051 1.17414e-06
198 15.051 1.1418e-06
199 15.0509 1.11034e-06
200 15.0509 1.07974e-06
201 15.0509 1.04997e-06
202 15.0509 1.02101e-06
203 15.0509 9.92838e-07
204 15.0509 9.65431e-07
205 15.0509 9.38767e-07
206 15.0508 9.12825e-07
207 15.0508 8.87585e-07
208 15.0508 8.63028e-07
209 15.0508 8.39134e-07
210 15.0508 8.15886e-07
211 15.0508 7.93264e-07
212 15.0508 7.71252e-07
213 15.0508 7.49833e-07
214 15.0507 7.28989e-07
215 15.0507 7.08707e-07
216 15.0507 6.88969e-07
217 15.0507 6.69761e-07
218 15.0507 6.51069e-07
219 15.0507 6.32878e-07
220 15.0507 6.15174e-07
221 15.0507 5.97945e-07
222 15.0507 5.81176e-07
223 15.0507 5.64857e-07
224 15.0507 5.48973e-07
225 15.0506 5.33514e-07
226 15.0506 5.18469e-07
227 15.0506 5.03824e-07
228 15.0506 4.89571e-07
229 15.0506 4.75699e-07
230 15.0506 4.62196e-07
231 15.0506 4.49053e-07
232 15.0506 4.36261e-07
233 15.0506 4.23809e-07
234 15.0506 4.1169e-07
235 15.0506 3.99893e-07
236 15.0506 3.8841e-07
237 15.0506 3.77234e-07
238 15.0506 3.66355e-07
239 15.0506 3.55765e-07
240 15.0505 3.45458e-07
241 15.0505 3.35425e-07
242 15.0505 3.25659e-07
243 15.0505 3.16153e-07
244 15.0505 3.069e-07
245 15.0505 2.97894e-07
246 15.0505 2.89127e-07
247 15.0505 2.80594e-07
248 15.0505 2.72288e-07
249 15.0505 2.64204e-07
250 15.0505 2.56335e-07
251 15.0505 2.48675e-07
252 15.0505 2.4122e-07
253 15.0505 2.33964e-07
254 15.0505 2.26902e-07
255 15.0505 2.20028e-07
256 15.0505 2.13337e-07
257 15.0505 2.06826e-07
258 15.0505 2.00488e-07
259 15.0505 1.9432e-07
260 15.0505 1.88317e-07
261 15.0505 1.82475e-07
262 15.0505 1.76789e-07
263 15.0505 1.71256e-07
264 15.0505 1.65871e-07
265 15.0505 1.60631e-07
266 15.0505 1.55531e-07
267 15.0505 1.50569e-07
268 15.0505 1.4574e-07
269 15.0504 1.41042e-07
270 15.0504 1.3647e-07
271 15.0504 1.32021e-07
272 15.0504 1.27693e-07
273 15.0504 1.23481e-07
274 15.0504 1.19384e-07
275 15.0504 1.15398e-07
276 15.0504 1.1152e-07
277 15.0504 1.07747e-07
278 15.0504 1.04077e-07
279 15.0504 1.00506e-07
280 15.0504 9.70337e-08
281 15.0504 9.36557e-08
282 15.0504 9.03701e-08
283 15.0504 8.71745e-08
284 15.0504 8.40666e-08
285 15.0504 8.1044e-08
286 15.0504 7.81047e-08
287 15.0504 7.52463e-08
288 15.0504 7.24668e-08
289 15.0504 6.97643e-08
290 15.0504 6.71366e-08
291 15.0504 6.45819e-08
292 15.0504 6.20982e-08
293 15.0504 5.96837e-08
294 15.0504 5.73367e-08
295 15.0504 5.50554e-08
296 15.0504 5.2838e-08
297 15.0504 5.0683e-08
298 15.0504 4.85886e-08
299 15.0504 4.65534e-08
300 15.0504 4.45758e-08
301 15.0504 4.26543e-08
302 15.0504 4.07875e-08
303 15.0504 3.89739e-08
304 15.0504 3.72122e-08
305 15.0504 3.55009e-08
306 15.0504 3.38389e-08
307 15.0504 3.22248e-08
308 15.0504 3.06574e-08
309 15.0504 2.91355e-08
310 15.0504 2.76578e-08
311 15.0504 2.62233e-08
312 15.0504 2.48308e-08
313 15.0504 2.34792e-08
314 15.0504 2.21674e-08
315 15.0504 2.08945e-08
316 15.0504 1.96594e-08
317 15.0504 1.84611e-08
318 15.0504 1.72987e-08
319 15.0504 1.61711e-08
320 15.0504 1.50776e-08
321 15.0504 1.40172e-08
322 15.0504 1.29891e-08
323 15.0504 1.19923e-08
324 15.0504 1.10262e-08
325 15.0504 1.00898e-08
326 15.0504 9.18238e-09
1 24.8534 23.8534
2 19.04 0.233909
3 15.635 0.178832
4 13.5061 0.136161
5 12.0768 0.105829
6 11.0534 0.0847426
7 10.2808 0.0698959
8 9.67291 0.0591282
9 9.17916 0.0510443
10 8.76819 0.0447718
11 8.41954 0.0397634
12 8.11923 0.0356677
13 7.85737 0.0322521
14 7.6267 0.0293576
15 7.42176 0.0268718
16 7.23834 0.0247129
17 7.07316 0.0228201
18 6.92359 0.021147
19 6.78749 0.0196575
20 6.66312 0.0183233
21 6.54904 0.0171215
22 6.44403 0.0160336
23 6.34708 0.0150445
24 6.25732 0.0141417
25 6.17401 0.0133146
26 6.0965 0.0125544
27 6.02423 0.0118537
28 5.95673 0.0112059
29 5.89355 0.0106056
30 5.83433 0.010048
31 5.77874 0.00952896
32 5.72647 0.00904483
33 5.67727 0.00859243
34 5.63089 0.00816896
35 5.58713 0.00777192
36 5.54579 0.00739912
37 5.5067 0.00704857
38 5.4697 0.00671852
39 5.43465 0.00640738
40 5.40143 0.00611373
41 5.3699 0.00583628
42 5.33997 0.00557387
43 5.31153 0.00532545
44 5.2845 0.00509006
45 5.25878 0.00486681
46 5.2343 0.00465492
47 5.21099 0.00445365
48 5.18878 0.00426233
49 5.16761 0.00408034
50 5.14742 0.00390712
51 5.12815 0.00374214
52 5.10977 0.00358493
53 5.09222 0.00343503
54 5.07545 0.00329203
55 5.05944 0.00315554
56 5.04413 0.00302522
57 5.0295 0.00290073
58 5.01551 0.00278175
59 5.00213 0.00266801
60 4.98933 0.00255923
61 4.97708 0.00245516
62 4.96535 0.00235556
63 4.95413 0.00226022
64 4.94338 0.00216892
65 4.93309 0.00208147
66 4.92324 0.00199768
67 4.9138 0.0019174
68 4.90476 0.00184044
69 4.89609 0.00176666
70 4.88779 0.00169591
71 4.87983 0.00162807
72 4.8722 0.00156298
73 4.86489 0.00150055
74 4.85788 0.00144064
75 4.85117 0.00138314
76 4.84472 0.00132797
77 4.83855 0.001275
78 4.83262 0.00122416
79 4.82694 0.00117535
80 4.8215 0.00112848
81 4.81627 0.00108347
82 4.81126 0.00104026
83 4.80646 0.000998753
84 4.80185 0.000958891
85 4.79743 0.000920604
86 4.79319 0.000883829
87 4.78912 0.000848504
88 4.78522 0.000814571
89 4.78148 0.000781973
90 4.77789 0.000750657
91 4.77444 0.000720573
92 4.77114 0.00069167
93 4.76797 0.000663903
94 4.76494 0.000637226
95 4.76202 0.000611597
96 4.75923 0.000586973
97 4.75655 0.000563316
98 4.75397 0.000540587
99 4.75151 0.000518751
100 4.74914 0.000497772
101 4.74688 0.000477617
102 4.7447 0.000458254
103 4.74261 0.000439651
104 4.74061 0.00042178
105 4.7387 0.000404612
106 4.73686 0.00038812
107 4.73509 0.000372277
108 4.7334 0.000357059
109 4.73178 0.00034244
110 4.73023 0.000328398
111 4.72874 0.000314911
112 4.72731 0.000301957
113 4.72594 0.000289515
114 4.72463 0.000277566
115 4.72337 0.00026609
116 4.72217 0.000255069
117 4.72101 0.000244486
118 4.71991 0.000234324
119 4.71885 0.000224565
120 4.71783 0.000215196
121 4.71686 0.0002062
122 4.71593 0.000197563
123 4.71503 0.000189271
124 4.71418 0.000181311
125 4.71336 0.00017367
126 4.71258 0.000166336
127 4.71183 0.000159296
128 4.71111 0.000152539
129 4.71042 0.000146055
130 4.70976 0.000139832
131 4.70913 0.00013386
132 4.70853 0.00012813
133 4.70795 0.000122632
134 4.7074 0.000117358
135 4.70687 0.000112297
136 4.70636 0.000107442
137 4.70588 0.000102786
138 4.70542 9.83193e-05
139 4.70497 9.40354e-05
140 4.70455 8.99271e-05
141 4.70415 8.59873e-05
142 4.70376 8.22096e-05
143 4.70339 7.85874e-05
144 4.70304 7.51147e-05
145 4.7027 7.17855e-05
146 4.70238 6.85942e-05
147 4.70207 6.55353e-05
148 4.70177 6.26037e-05
149 4.70149 5.97941e-05
150 4.70122 5.71018e-05
151 4.70097 5.45221e-05
152 4.70072 5.20506e-05
153 4.70049 4.96829e-05
154 4.70027 4.74148e-05
155 4.70005 4.52425e-05
156 4.69985 4.3162e-05
157 4.69966 4.11697e-05
158 4.69947 3.9262e-05
159 4.6993 3.74355e-05
160 4.69913 3.5687e-05
161 4.69897 3.40134e-05
162 4.69882 3.24115e-05
163 4.69867 3.08785e-05
164 4.69853 2.94116e-05
165 4.6984 2.80081e-05
166 4.69828 2.66654e-05
167 4.69816 2.53811e-05
168 4.69804 2.41528e-05
169 4.69794 2.29782e-05
170 4.69783 2.1855e-05
171 4.69774 2.07813e-05
172 4.69764 1.97549e-05
173 4.69755 1.87739e-05
174 4.69747 1.78364e-05
175 4.69739 1.69406e-05
176 4.69732 1.60849e-05
177 4.69724 1.52675e-05
178 4.69718 1.44868e-05
179 4.69711 1.37414e-05
180 4.69705 1.30297e-05
181 4.69699 1.23503e-05
182 4.69694 1.1702e-05
183 4.69689 1.10833e-05
184 4.69684 1.0493e-05
185 4.69679 9.92997e-06
186 4.69675 9.39302e-06
187 4.6967 8.88104e-06
188 4.69666 8.39297e-06
189 4.69663 7.9278e-06
190 4.69659 7.48454e-06
191 4.69656 7.06226e-06
192 4.69653 6.66006e-06
193 4.6965 6.27707e-06
194 4.69647 5.91247e-06
195 4.69644 5.56545e-06
196 4.69642 5.23527e-06
197 4.6964 4.92118e-06
198 4.69637 4.62248e-06
199 4.69635 4.3385e-06
200 4.69633 4.0686e-06
201 4.69632 3.81215e-06
202 4.6963 3.56856e-06
203 4.69628 3.33726e-06
204 4.69627 3.11771e-06
205 4.69626 2.90938e-06
206 4.69624 2.71178e-06
207 4.69623 2.52441e-06
208 4.69622 2.34682e-06
209 4.69621 2.17856e-06
210 4.6962 2.01923e-06
211 4.69619 1.86839e-06
212 4.69618 1.72568e-06
213 4.69618 1.59072e-06
214 4.69617 1.46315e-06
215 4.69616 1.34263e-06
216 4.69616 1.22883e-06
217 4.69615 1.12143e-06
218 4.69615 1.02015e-06
219 4.69614 9.24693e-07
220 4.69614 8.34781e-07
221 4.69614 7.50153e-07
222 4.69613 6.70557e-07
223 4.69613 5.95752e-07
224 4.69613 5.25509e-07
225 4.69613 4.59605e-07
226 4.69612 3.97831e-07
227 4.69612 3.39984e-07
228 4.69612 2.85871e-07
229 4.69612 2.35308e-07
230 4.69612 1.88117e-07
231 4.69612 1.44131e-07
232 4.69612 1.03188e-07
233 4.69612 6.51342e-08
234 4.69612 2.98215e-08
235 4.69612 2.89055e-09
