1 16.3913 15.3913
2 13.1569 0.197321
3 11.2533 0.144687
4 10.0187 0.109706
5 9.14743 0.086968
6 8.49212 0.0716394
7 7.97606 0.060769
8 7.55582 0.0526882
9 7.2049 0.0464432
10 6.90614 0.0414661
11 6.64784 0.0374013
12 6.42171 0.0340159
13 6.22167 0.0311508
14 6.04315 0.0286932
15 5.88263 0.0265613
16 5.73737 0.0246939
17 5.60515 0.0230445
18 5.48421 0.0215767
19 5.37309 0.0202622
20 5.27058 0.019078
21 5.17568 0.0180058
22 5.08754 0.0170304
23 5.00543 0.0161394
24 4.92873 0.0153223
25 4.85692 0.0145703
26 4.78952 0.0138761
27 4.72614 0.0132334
28 4.66642 0.0126367
29 4.61004 0.0120812
30 4.55674 0.0115631
31 4.50626 0.0110786
32 4.45838 0.0106248
33 4.41291 0.0101988
34 4.36967 0.00979824
35 4.3285 0.009421
36 4.28926 0.00906516
37 4.25182 0.008729
38 4.21606 0.008411
39 4.18187 0.00810979
40 4.14915 0.00782413
41 4.11781 0.0075529
42 4.08777 0.00729508
43 4.05895 0.00704976
44 4.03129 0.00681609
45 4.00471 0.00659331
46 3.97916 0.00638073
47 3.95457 0.00617769
48 3.93091 0.00598362
49 3.90812 0.00579796
50 3.88616 0.00562023
51 3.86498 0.00544996
52 3.84454 0.00528673
53 3.82482 0.00513014
54 3.80577 0.00497983
55 3.78737 0.00483546
56 3.76958 0.00469671
57 3.75238 0.00456329
58 3.73574 0.00443494
59 3.71963 0.00431138
60 3.70404 0.00419239
61 3.68893 0.00407775
62 3.6743 0.00396723
63 3.66011 0.00386066
64 3.64636 0.00375784
65 3.63302 0.0036586
66 3.62008 0.00356279
67 3.60751 0.00347024
68 3.59532 0.00338081
69 3.58347 0.00329438
70 3.57197 0.0032108
71 3.56079 0.00312997
72 3.54992 0.00305176
73 3.53935 0.00297607
74 3.52908 0.0029028
75 3.51909 0.00283185
76 3.50936 0.00276312
77 3.4999 0.00269654
78 3.49069 0.00263201
79 3.48172 0.00256947
80 3.47298 0.00250883
81 3.46448 0.00245002
82 3.45618 0.00239298
83 3.44811 0.00233764
84 3.44023 0.00228394
85 3.43255 0.00223183
86 3.42507 0.00218124
87 3.41776 0.00213212
88 3.41064 0.00208443
89 3.40369 0.0020381
90 3.3969 0.00199311
91 3.39028 0.00194939
92 3.38382 0.00190692
93 3.3775 0.00186564
94 3.37134 0.00182552
95 3.36531 0.00178652
96 3.35943 0.0017486
97 3.35368 0.00171174
98 3.34806 0.00167589
99 3.34257 0.00164102
100 3.33719 0.00160711
101 3.33194 0.00157412
102 3.3268 0.00154202
103 3.32178 0.00151079
104 3.31686 0.00148041
105 3.31205 0.00145084
106 3.30734 0.00142205
107 3.30273 0.00139404
108 3.29821 0.00136677
109 3.29379 0.00134022
110 3.28946 0.00131437
111 3.28522 0.00128921
112 3.28107 0.0012647
113 3.277 0.00124083
114 3.27301 0.00121759
115 3.26909 0.00119495
116 3.26526 0.00117289
117 3.2615 0.00115141
118 3.25781 0.00113048
119 3.2542 0.00111009
120 3.25065 0.00109022
121 3.24717 0.00107085
122 3.24375 0.00105199
123 3.2404 0.0010336
124 3.23711 0.00101568
125 3.23388 0.000998208
126 3.2307 0.00098118
127 3.22759 0.000964581
128 3.22453 0.000948399
129 3.22152 0.000932622
130 3.21856 0.000917238
131 3.21566 0.000902238
132 3.21281 0.000887611
133 3.21 0.000873346
134 3.20724 0.000859434
135 3.20453 0.000845865
136 3.20186 0.000832629
137 3.19924 0.000819718
138 3.19665 0.000807123
139 3.19411 0.000794835
140 3.19161 0.000782846
141 3.18915 0.000771147
142 3.18673 0.000759732
143 3.18434 0.000748593
144 3.18199 0.000737721
145 3.17968 0.00072711
146 3.1774 0.000716754
147 3.17516 0.000706644
148 3.17294 0.000696775
149 3.17076 0.00068714
150 3.16861 0.000677733
151 3.1665 0.000668547
152 3.16441 0.000659578
153 3.16235 0.000650819
154 3.16032 0.000642264
155 3.15831 0.000633908
156 3.15634 0.000625747
157 3.15439 0.000617774
158 3.15246 0.000609985
159 3.15056 0.000602375
160 3.14869 0.000594939
161 3.14684 0.000587673
162 3.14501 0.000580572
163 3.14321 0.000573632
164 3.14143 0.000566849
165 3.13967 0.000560218
166 3.13793 0.000553735
167 3.13621 0.000547398
168 3.13451 0.000541201
169 3.13284 0.000535141
170 3.13118 0.000529215
171 3.12954 0.000523418
172 3.12792 0.000517749
173 3.12632 0.000512203
174 3.12473 0.000506777
175 3.12316 0.000501468
176 3.12161 0.000496273
177 3.12008 0.00049119
178 3.11856 0.000486214
179 3.11706 0.000481344
180 3.11558 0.000476577
181 3.11411 0.000471909
182 3.11265 0.000467339
183 3.11121 0.000462864
184 3.10979 0.000458481
185 3.10837 0.000454188
186 3.10697 0.000449983
187 3.10559 0.000445863
188 3.10422 0.000441827
189 3.10286 0.000437872
190 3.10151 0.000433996
191 3.10018 0.000430197
192 3.09885 0.000426473
193 3.09754 0.000422822
194 3.09625 0.000419243
195 3.09496 0.000415733
196 3.09368 0.00041229
197 3.09242 0.000408914
198 3.09116 0.000405602
199 3.08992 0.000402352
200 3.08869 0.000399164
201 3.08746 0.000396035
202 3.08625 0.000392964
203 3.08505 0.00038995
204 3.08385 0.00038699
205 3.08267 0.000384085
206 3.08149 0.000381232
207 3.08033 0.00037843
208 3.07917 0.000375677
209 3.07802 0.000372973
210 3.07688 0.000370317
211 3.07575 0.000367707
212 3.07463 0.000365141
213 3.07351 0.00036262
214 3.0724 0.000360141
215 3.07131 0.000357704
216 3.07021 0.000355307
217 3.06913 0.000352951
218 3.06805 0.000350632
219 3.06699 0.000348352
220 3.06592 0.000346108
221 3.06487 0.000343901
222 3.06382 0.000341728
223 3.06278 0.00033959
224 3.06175 0.000337484
225 3.06072 0.000335412
226 3.0597 0.00033337
227 3.05869 0.00033136
228 3.05768 0.00032938
229 3.05668 0.00032743
230 3.05568 0.000325508
231 3.05469 0.000323615
232 3.05371 0.000321748
233 3.05273 0.000319909
234 3.05176 0.000318095
235 3.0508 0.000316307
236 3.04984 0.000314544
237 3.04888 0.000312805
238 3.04794 0.00031109
239 3.04699 0.000309398
240 3.04606 0.000307728
241 3.04512 0.00030608
242 3.0442 0.000304454
243 3.04327 0.00030285
244 3.04236 0.000301265
245 3.04145 0.000299701
246 3.04054 0.000298156
247 3.03964 0.00029663
248 3.03874 0.000295123
249 3.03785 0.000293635
250 3.03696 0.000292164
251 3.03608 0.000290711
252 3.0352 0.000289274
253 3.03433 0.000287855
254 3.03346 0.000286452
255 3.03259 0.000285064
256 3.03173 0.000283692
257 3.03087 0.000282336
258 3.03002 0.000280994
259 3.02918 0.000279667
260 3.02833 0.000278354
261 3.02749 0.000277055
262 3.02666 0.00027577
263 3.02583 0.000274498
264 3.025 0.000273238
265 3.02418 0.000271992
266 3.02336 0.000270758
267 3.02254 0.000269537
268 3.02173 0.000268327
269 3.02093 0.000267129
270 3.02012 0.000265943
271 3.01932 0.000264767
272 3.01853 0.000263603
273 3.01774 0.00026245
274 3.01695 0.000261307
275 3.01616 0.000260174
276 3.01538 0.000259051
277 3.0146 0.000257938
278 3.01383 0.000256835
279 3.01306 0.000255742
280 3.01229 0.000254658
281 3.01153 0.000253583
282 3.01077 0.000252516
283 3.01001 0.000251459
284 3.00926 0.00025041
285 3.0085 0.00024937
286 3.00776 0.000248338
287 3.00701 0.000247314
288 3.00627 0.000246298
289 3.00554 0.00024529
290 3.0048 0.000244289
291 3.00407 0.000243296
292 3.00334 0.00024231
293 3.00262 0.000241332
294 3.0019 0.000240361
295 3.00118 0.000239396
296 3.00046 0.000238439
297 2.99975 0.000237488
298 2.99904 0.000236544
299 2.99833 0.000235607
300 2.99763 0.000234675
301 2.99693 0.000233751
302 2.99623 0.000232832
303 2.99554 0.000231919
304 2.99484 0.000231012
305 2.99416 0.000230111
306 2.99347 0.000229216
307 2.99279 0.000228327
308 2.9921 0.000227443
309 2.99143 0.000226565
310 2.99075 0.000225692
311 2.99008 0.000224824
312 2.98941 0.000223962
313 2.98874 0.000223104
314 2.98808 0.000222252
315 2.98742 0.000221405
316 2.98676 0.000220563
317 2.9861 0.000219725
318 2.98545 0.000218892
319 2.9848 0.000218064
320 2.98415 0.000217241
321 2.9835 0.000216422
322 2.98286 0.000215608
323 2.98222 0.000214798
324 2.98158 0.000213992
325 2.98094 0.000213191
326 2.98031 0.000212394
327 2.97968 0.000211602
328 2.97905 0.000210813
329 2.97843 0.000210028
330 2.9778 0.000209248
331 2.97718 0.000208471
332 2.97656 0.000207699
333 2.97595 0.00020693
334 2.97534 0.000206165
335 2.97472 0.000205404
336 2.97412 0.000204647
337 2.97351 0.000203893
338 2.9729 0.000203143
339 2.9723 0.000202397
340 2.9717 0.000201654
341 2.97111 0.000200914
342 2.97051 0.000200178
343 2.96992 0.000199446
344 2.96933 0.000198717
345 2.96874 0.000197991
346 2.96816 0.000197269
347 2.96757 0.00019655
348 2.96699 0.000195834
349 2.96641 0.000195121
350 2.96584 0.000194412
351 2.96526 0.000193705
352 2.96469 0.000193002
353 2.96412 0.000192302
354 2.96355 0.000191605
355 2.96299 0.000190911
356 2.96242 0.00019022
357 2.96186 0.000189532
358 2.9613 0.000188847
359 2.96074 0.000188165
360 2.96019 0.000187485
361 2.95964 0.000186809
362 2.95908 0.000186135
363 2.95854 0.000185464
364 2.95799 0.000184796
365 2.95744 0.000184131
366 2.9569 0.000183469
367 2.95636 0.000182809
368 2.95582 0.000182152
369 2.95529 0.000181497
370 2.95475 0.000180845
371 2.95422 0.000180196
372 2.95369 0.000179549
373 2.95316 0.000178905
374 2.95263 0.000178264
375 2.95211 0.000177625
376 2.95159 0.000176989
377 2.95107 0.000176355
378 2.95055 0.000175723
379 2.95003 0.000175094
380 2.94952 0.000174468
381 2.949 0.000173844
382 2.94849 0.000173222
383 2.94798 0.000172603
384 2.94748 0.000171986
385 2.94697 0.000171371
386 2.94647 0.000170759
387 2.94597 0.000170149
388 2.94547 0.000169542
389 2.94497 0.000168936
390 2.94447 0.000168333
391 2.94398 0.000167733
392 2.94349 0.000167134
393 2.943 0.000166538
394 2.94251 0.000165944
395 2.94202 0.000165352
396 2.94154 0.000164763
397 2.94106 0.000164175
398 2.94057 0.00016359
399 2.9401 0.000163007
400 2.93962 0.000162426
401 2.93914 0.000161847
402 2.93867 0.000161271
403 2.9382 0.000160696
404 2.93773 0.000160124
405 2.93726 0.000159554
406 2.93679 0.000158985
407 2.93632 0.000158419
408 2.93586 0.000157855
409 2.9354 0.000157293
410 2.93494 0.000156733
411 2.93448 0.000156175
412 2.93402 0.000155619
413 2.93357 0.000155065
414 2.93312 0.000154513
415 2.93266 0.000153963
416 2.93221 0.000153415
417 2.93177 0.000152868
418 2.93132 0.000152324
419 2.93087 0.000151782
420 2.93043 0.000151242
421 2.92999 0.000150703
422 2.92955 0.000150167
423 2.92911 0.000149632
424 2.92867 0.0001491
425 2.92824 0.000148569
426 2.92781 0.00014804
427 2.92737 0.000147513
428 2.92694 0.000146988
429 2.92652 0.000146465
430 2.92609 0.000145943
431 2.92566 0.000145423
432 2.92524 0.000144906
433 2.92482 0.00014439
434 2.9244 0.000143876
435 2.92398 0.000143363
436 2.92356 0.000142853
437 2.92314 0.000142344
438 2.92273 0.000141837
439 2.92231 0.000141332
440 2.9219 0.000140828
441 2.92149 0.000140327
442 2.92108 0.000139827
443 2.92068 0.000139328
444 2.92027 0.000138832
445 2.91987 0.000138337
446 2.91947 0.000137844
447 2.91906 0.000137353
448 2.91867 0.000136864
449 2.91827 0.000136376
450 2.91787 0.00013589
451 2.91748 0.000135405
452 2.91708 0.000134922
453 2.91669 0.000134441
454 2.9163 0.000133962
455 2.91591 0.000133484
456 2.91552 0.000133008
457 2.91514 0.000132533
458 2.91475 0.000132061
459 2.91437 0.000131589
460 2.91398 0.00013112
461 2.9136 0.000130652
462 2.91322 0.000130186
463 2.91285 0.000129721
464 2.91247 0.000129258
465 2.9121 0.000128796
466 2.91172 0.000128337
467 2.91135 0.000127878
468 2.91098 0.000127422
469 2.91061 0.000126966
470 2.91024 0.000126513
471 2.90987 0.000126061
472 2.90951 0.000125611
473 2.90914 0.000125162
474 2.90878 0.000124714
475 2.90842 0.000124269
476 2.90806 0.000123824
477 2.9077 0.000123382
478 2.90734 0.000122941
479 2.90699 0.000122501
480 2.90663 0.000122063
481 2.90628 0.000121626
482 2.90593 0.000121191
483 2.90558 0.000120758
484 2.90523 0.000120326
485 2.90488 0.000119895
486 2.90453 0.000119466
487 2.90418 0.000119038
488 2.90384 0.000118612
489 2.9035 0.000118187
490 2.90316 0.000117764
491 2.90281 0.000117342
492 2.90247 0.000116922
493 2.90214 0.000116503
494 2.9018 0.000116086
495 2.90146 0.00011567
496 2.90113 0.000115255
497 2.9008 0.000114842
498 2.90046 0.000114431
499 2.90013 0.00011402
500 2.8998 0.000113612
501 2.89948 0.000113204
502 2.89915 0.000112798
503 2.89882 0.000112394
504 2.8985 0.00011199
505 2.89818 0.000111589
506 2.89785 0.000111188
507 2.89753 0.000110789
508 2.89721 0.000110391
509 2.89689 0.000109995
510 2.89658 0.0001096
511 2.89626 0.000109207
512 2.89594 0.000108815
513 2.89563 0.000108424
514 2.89532 0.000108034
515 2.89501 0.000107646
516 2.8947 0.000107259
517 2.89439 0.000106874
518 2.89408 0.00010649
519 2.89377 0.000106107
520 2.89346 0.000105725
521 2.89316 0.000105345
522 2.89286 0.000104967
523 2.89255 0.000104589
524 2.89225 0.000104213
525 2.89195 0.000103838
526 2.89165 0.000103464
527 2.89135 0.000103092
528 2.89106 0.000102721
529 2.89076 0.000102351
530 2.89047 0.000101983
531 2.89017 0.000101616
532 2.88988 0.00010125
533 2.88959 0.000100885
534 2.8893 0.000100522
535 2.88901 0.00010016
536 2.88872 9.97988e-05
537 2.88843 9.94393e-05
538 2.88815 9.90809e-05
539 2.88786 9.87238e-05
540 2.88758 9.8368e-05
541 2.8873 9.80133e-05
542 2.88701 9.766e-05
543 2.88673 9.73078e-05
544 2.88645 9.69569e-05
545 2.88617 9.66072e-05
546 2.8859 9.62587e-05
547 2.88562 9.59114e-05
548 2.88534 9.55653e-05
549 2.88507 9.52204e-05
550 2.88479 9.48767e-05
551 2.88452 9.45343e-05
552 2.88425 9.4193e-05
553 2.88398 9.38529e-05
554 2.88371 9.3514e-05
555 2.88344 9.31763e-05
556 2.88317 9.28397e-05
557 2.88291 9.25043e-05
558 2.88264 9.21701e-05
559 2.88238 9.18371e-05
560 2.88211 9.15052e-05
561 2.88185 9.11745e-05
562 2.88159 9.08449e-05
563 2.88133 9.05165e-05
564 2.88107 9.01892e-05
565 2.88081 8.9863e-05
566 2.88055 8.95381e-05
567 2.88029 8.92142e-05
568 2.88004 8.88915e-05
569 2.87978 8.85699e-05
570 2.87953 8.82494e-05
571 2.87928 8.793e-05
572 2.87902 8.76118e-05
573 2.87877 8.72947e-05
574 2.87852 8.69786e-05
575 2.87827 8.66637e-05
576 2.87802 8.63499e-05
577 2.87778 8.60372e-05
578 2.87753 8.57256e-05
579 2.87728 8.54151e-05
580 2.87704 8.51056e-05
581 2.87679 8.47973e-05
582 2.87655 8.449e-05
583 2.87631 8.41838e-05
584 2.87607 8.38787e-05
585 2.87583 8.35746e-05
586 2.87559 8.32716e-05
587 2.87535 8.29697e-05
588 2.87511 8.26688e-05
589 2.87487 8.2369e-05
590 2.87464 8.20703e-05
591 2.8744 8.17726e-05
592 2.87417 8.14759e-05
593 2.87394 8.11803e-05
594 2.8737 8.08857e-05
595 2.87347 8.05921e-05
596 2.87324 8.02996e-05
597 2.87301 8.00081e-05
598 2.87278 7.97176e-05
599 2.87255 7.94282e-05
600 2.87233 7.91398e-05
601 2.8721 7.88524e-05
602 2.87187 7.8566e-05
603 2.87165 7.82806e-05
604 2.87143 7.79962e-05
605 2.8712 7.77128e-05
606 2.87098 7.74304e-05
607 2.87076 7.7149e-05
608 2.87054 7.68686e-05
609 2.87032 7.65892e-05
610 2.8701 7.63108e-05
611 2.86988 7.60333e-05
612 2.86966 7.57568e-05
613 2.86945 7.54813e-05
614 2.86923 7.52068e-05
615 2.86902 7.49332e-05
616 2.8688 7.46607e-05
617 2.86859 7.4389e-05
618 2.86838 7.41184e-05
619 2.86816 7.38486e-05
620 2.86795 7.35799e-05
621 2.86774 7.33121e-05
622 2.86753 7.30452e-05
623 2.86733 7.27793e-05
624 2.86712 7.25143e-05
625 2.86691 7.22502e-05
626 2.8667 7.19871e-05
627 2.8665 7.17249e-05
628 2.86629 7.14637e-05
629 2.86609 7.12033e-05
630 2.86589 7.09439e-05
631 2.86568 7.06854e-05
632 2.86548 7.04279e-05
633 2.86528 7.01712e-05
634 2.86508 6.99154e-05
635 2.86488 6.96606e-05
636 2.86468 6.94066e-05
637 2.86448 6.91536e-05
638 2.86429 6.89014e-05
639 2.86409 6.86502e-05
640 2.86389 6.83998e-05
641 2.8637 6.81503e-05
642 2.8635 6.79017e-05
643 2.86331 6.7654e-05
644 2.86312 6.74072e-05
645 2.86292 6.71612e-05
646 2.86273 6.69161e-05
647 2.86254 6.66719e-05
648 2.86235 6.64286e-05
649 2.86216 6.61861e-05
650 2.86197 6.59444e-05
651 2.86179 6.57037e-05
652 2.8616 6.54638e-05
653 2.86141 6.52247e-05
654 2.86123 6.49865e-05
655 2.86104 6.47491e-05
656 2.86086 6.45126e-05
657 2.86067 6.42769e-05
658 2.86049 6.40421e-05
659 2.86031 6.38081e-05
660 2.86012 6.35749e-05
661 2.85994 6.33426e-05
662 2.85976 6.31111e-05
663 2.85958 6.28804e-05
664 2.8594 6.26505e-05
665 2.85923 6.24215e-05
666 2.85905 6.21932e-05
667 2.85887 6.19658e-05
668 2.85869 6.17392e-05
669 2.85852 6.15134e-05
670 2.85834 6.12884e-05
671 2.85817 6.10642e-05
672 2.85799 6.08408e-05
673 2.85782 6.06182e-05
674 2.85765 6.03964e-05
675 2.85748 6.01754e-05
676 2.85731 5.99552e-05
677 2.85713 5.97357e-05
678 2.85696 5.95171e-05
679 2.8568 5.92992e-05
680 2.85663 5.90821e-05
681 2.85646 5.88658e-05
682 2.85629 5.86502e-05
683 2.85612 5.84354e-05
684 2.85596 5.82214e-05
685 2.85579 5.80082e-05
686 2.85563 5.77957e-05
687 2.85546 5.7584e-05
688 2.8553 5.7373e-05
689 2.85514 5.71628e-05
690 2.85497 5.69533e-05
691 2.85481 5.67446e-05
692 2.85465 5.65366e-05
693 2.85449 5.63294e-05
694 2.85433 5.61229e-05
695 2.85417 5.59172e-05
696 2.85401 5.57122e-05
697 2.85385 5.55079e-05
698 2.85369 5.53044e-05
699 2.85354 5.51016e-05
700 2.85338 5.48995e-05
701 2.85322 5.46981e-05
702 2.85307 5.44975e-05
703 2.85291 5.42976e-05
704 2.85276 5.40984e-05
705 2.85261 5.38999e-05
706 2.85245 5.37021e-05
707 2.8523 5.3505e-05
708 2.85215 5.33087e-05
709 2.852 5.3113e-05
710 2.85184 5.29181e-05
711 2.85169 5.27238e-05
712 2.85154 5.25303e-05
713 2.8514 5.23374e-05
714 2.85125 5.21452e-05
715 2.8511 5.19537e-05
716 2.85095 5.17629e-05
717 2.8508 5.15728e-05
718 2.85066 5.13834e-05
719 2.85051 5.11947e-05
720 2.85037 5.10066e-05
721 2.85022 5.08192e-05
722 2.85008 5.06325e-05
723 2.84993 5.04464e-05
724 2.84979 5.02611e-05
725 2.84965 5.00764e-05
726 2.84951 4.98923e-05
727 2.84936 4.97089e-05
728 2.84922 4.95262e-05
729 2.84908 4.93441e-05
730 2.84894 4.91627e-05
731 2.8488 4.8982e-05
732 2.84866 4.88019e-05
733 2.84852 4.86224e-05
734 2.84839 4.84436e-05
735 2.84825 4.82654e-05
736 2.84811 4.80879e-05
737 2.84798 4.7911e-05
738 2.84784 4.77348e-05
739 2.8477 4.75591e-05
740 2.84757 4.73842e-05
741 2.84743 4.72098e-05
742 2.8473 4.70361e-05
743 2.84717 4.6863e-05
744 2.84703 4.66905e-05
745 2.8469 4.65187e-05
746 2.84677 4.63474e-05
747 2.84664 4.61768e-05
748 2.84651 4.60068e-05
749 2.84638 4.58374e-05
750 2.84625 4.56687e-05
751 2.84612 4.55005e-05
752 2.84599 4.53329e-05
753 2.84586 4.5166e-05
754 2.84573 4.49996e-05
755 2.8456 4.48339e-05
756 2.84548 4.46687e-05
757 2.84535 4.45042e-05
758 2.84522 4.43402e-05
759 2.8451 4.41768e-05
760 2.84497 4.40141e-05
761 2.84485 4.38519e-05
762 2.84472 4.36903e-05
763 2.8446 4.35293e-05
764 2.84448 4.33688e-05
765 2.84435 4.3209e-05
766 2.84423 4.30497e-05
767 2.84411 4.2891e-05
768 2.84399 4.27328e-05
769 2.84387 4.25753e-05
770 2.84375 4.24183e-05
771 2.84363 4.22619e-05
772 2.84351 4.2106e-05
773 2.84339 4.19507e-05
774 2.84327 4.1796e-05
775 2.84315 4.16418e-05
776 2.84303 4.14882e-05
777 2.84292 4.13352e-05
778 2.8428 4.11827e-05
779 2.84268 4.10307e-05
780 2.84257 4.08793e-05
781 2.84245 4.07285e-05
782 2.84233 4.05782e-05
783 2.84222 4.04284e-05
784 2.8421 4.02792e-05
785 2.84199 4.01305e-05
786 2.84188 3.99824e-05
787 2.84176 3.98348e-05
788 2.84165 3.96878e-05
789 2.84154 3.95412e-05
790 2.84143 3.93952e-05
791 2.84132 3.92498e-05
792 2.8412 3.91048e-05
793 2.84109 3.89604e-05
794 2.84098 3.88165e-05
795 2.84087 3.86731e-05
796 2.84076 3.85303e-05
797 2.84065 3.8388e-05
798 2.84055 3.82462e-05
799 2.84044 3.81049e-05
800 2.84033 3.79641e-05
801 2.84022 3.78238e-05
802 2.84012 3.7684e-05
803 2.84001 3.75448e-05
804 2.8399 3.7406e-05
805 2.8398 3.72678e-05
806 2.83969 3.713e-05
807 2.83959 3.69928e-05
808 2.83948 3.6856e-05
809 2.83938 3.67198e-05
810 2.83927 3.6584e-05
811 2.83917 3.64488e-05
812 2.83907 3.6314e-05
813 2.83896 3.61797e-05
814 2.83886 3.60459e-05
815 2.83876 3.59126e-05
816 2.83866 3.57798e-05
817 2.83856 3.56475e-05
818 2.83846 3.55156e-05
819 2.83836 3.53843e-05
820 2.83826 3.52534e-05
821 2.83816 3.51229e-05
822 2.83806 3.4993e-05
823 2.83796 3.48635e-05
824 2.83786 3.47345e-05
825 2.83776 3.4606e-05
826 2.83766 3.44779e-05
827 2.83757 3.43503e-05
828 2.83747 3.42232e-05
829 2.83737 3.40965e-05
830 2.83728 3.39703e-05
831 2.83718 3.38446e-05
832 2.83708 3.37193e-05
833 2.83699 3.35944e-05
834 2.83689 3.34701e-05
835 2.8368 3.33461e-05
836 2.8367 3.32226e-05
837 2.83661 3.30996e-05
838 2.83652 3.2977e-05
839 2.83642 3.28549e-05
840 2.83633 3.27332e-05
841 2.83624 3.2612e-05
842 2.83615 3.24912e-05
843 2.83605 3.23708e-05
844 2.83596 3.22509e-05
845 2.83587 3.21314e-05
846 2.83578 3.20124e-05
847 2.83569 3.18938e-05
848 2.8356 3.17756e-05
849 2.83551 3.16578e-05
850 2.83542 3.15405e-05
851 2.83533 3.14236e-05
852 2.83524 3.13072e-05
853 2.83516 3.11911e-05
854 2.83507 3.10755e-05
855 2.83498 3.09603e-05
856 2.83489 3.08456e-05
857 2.8348 3.07312e-05
858 2.83472 3.06173e-05
859 2.83463 3.05037e-05
860 2.83455 3.03906e-05
861 2.83446 3.0278e-05
862 2.83437 3.01657e-05
863 2.83429 3.00538e-05
864 2.8342 2.99423e-05
865 2.83412 2.98313e-05
866 2.83404 2.97206e-05
867 2.83395 2.96104e-05
868 2.83387 2.95006e-05
869 2.83378 2.93911e-05
870 2.8337 2.92821e-05
871 2.83362 2.91734e-05
872 2.83354 2.90652e-05
873 2.83345 2.89573e-05
874 2.83337 2.88499e-05
875 2.83329 2.87428e-05
876 2.83321 2.86362e-05
877 2.83313 2.85299e-05
878 2.83305 2.8424e-05
879 2.83297 2.83185e-05
880 2.83289 2.82134e-05
881 2.83281 2.81087e-05
882 2.83273 2.80043e-05
883 2.83265 2.79003e-05
884 2.83257 2.77968e-05
885 2.83249 2.76935e-05
886 2.83242 2.75907e-05
887 2.83234 2.74883e-05
888 2.83226 2.73862e-05
889 2.83218 2.72845e-05
890 2.83211 2.71832e-05
891 2.83203 2.70822e-05
892 2.83195 2.69816e-05
893 2.83188 2.68814e-05
894 2.8318 2.67815e-05
895 2.83173 2.6682e-05
896 2.83165 2.65829e-05
897 2.83157 2.64842e-05
898 2.8315 2.63858e-05
899 2.83143 2.62877e-05
900 2.83135 2.619e-05
901 2.83128 2.60927e-05
902 2.8312 2.59958e-05
903 2.83113 2.58992e-05
904 2.83106 2.58029e-05
905 2.83098 2.5707e-05
906 2.83091 2.56114e-05
907 2.83084 2.55162e-05
908 2.83077 2.54214e-05
909 2.8307 2.53269e-05
910 2.83063 2.52327e-05
911 2.83055 2.51389e-05
912 2.83048 2.50455e-05
913 2.83041 2.49523e-05
914 2.83034 2.48596e-05
915 2.83027 2.47671e-05
916 2.8302 2.4675e-05
917 2.83013 2.45833e-05
918 2.83006 2.44918e-05
919 2.82999 2.44007e-05
920 2.82993 2.431e-05
921 2.82986 2.42196e-05
922 2.82979 2.41295e-05
923 2.82972 2.40397e-05
924 2.82965 2.39503e-05
925 2.82959 2.38612e-05
926 2.82952 2.37724e-05
927 2.82945 2.36839e-05
928 2.82938 2.35958e-05
929 2.82932 2.3508e-05
930 2.82925 2.34205e-05
931 2.82919 2.33334e-05
932 2.82912 2.32465e-05
933 2.82905 2.316e-05
934 2.82899 2.30738e-05
935 2.82892 2.29879e-05
936 2.82886 2.29024e-05
937 2.82879 2.28171e-05
938 2.82873 2.27322e-05
939 2.82867 2.26475e-05
940 2.8286 2.25632e-05
941 2.82854 2.24792e-05
942 2.82848 2.23955e-05
943 2.82841 2.23121e-05
944 2.82835 2.2229e-05
945 2.82829 2.21463e-05
946 2.82822 2.20638e-05
947 2.82816 2.19816e-05
948 2.8281 2.18998e-05
949 2.82804 2.18182e-05
950 2.82798 2.17369e-05
951 2.82792 2.1656e-05
952 2.82785 2.15753e-05
953 2.82779 2.14949e-05
954 2.82773 2.14148e-05
955 2.82767 2.1335e-05
956 2.82761 2.12556e-05
957 2.82755 2.11764e-05
958 2.82749 2.10975e-05
959 2.82743 2.10188e-05
960 2.82737 2.09405e-05
961 2.82732 2.08625e-05
962 2.82726 2.07847e-05
963 2.8272 2.07073e-05
964 2.82714 2.06301e-05
965 2.82708 2.05532e-05
966 2.82702 2.04766e-05
967 2.82697 2.04003e-05
968 2.82691 2.03242e-05
969 2.82685 2.02484e-05
970 2.82679 2.0173e-05
971 2.82674 2.00977e-05
972 2.82668 2.00228e-05
973 2.82662 1.99481e-05
974 2.82657 1.98738e-05
975 2.82651 1.97997e-05
976 2.82646 1.97258e-05
977 2.8264 1.96523e-05
978 2.82635 1.9579e-05
979 2.82629 1.95059e-05
980 2.82624 1.94332e-05
981 2.82618 1.93607e-05
982 2.82613 1.92885e-05
983 2.82607 1.92165e-05
984 2.82602 1.91449e-05
985 2.82596 1.90734e-05
986 2.82591 1.90023e-05
987 2.82586 1.89314e-05
988 2.8258 1.88607e-05
989 2.82575 1.87904e-05
990 2.8257 1.87203e-05
991 2.82565 1.86504e-05
992 2.82559 1.85808e-05
993 2.82554 1.85115e-05
994 2.82549 1.84424e-05
995 2.82544 1.83735e-05
996 2.82538 1.8305e-05
997 2.82533 1.82366e-05
998 2.82528 1.81686e-05
999 2.82523 1.81008e-05
1000 2.82518 1.80332e-05
1001 2.82513 1.79659e-05
1002 2.82508 1.78988e-05
1003 2.82503 1.7832e-05
1004 2.82498 1.77654e-05
1005 2.82493 1.76991e-05
1006 2.82488 1.7633e-05
1007 2.82483 1.75671e-05
1008 2.82478 1.75015e-05
1009 2.82473 1.74362e-05
1010 2.82468 1.7371e-05
1011 2.82463 1.73062e-05
1012 2.82458 1.72415e-05
1013 2.82453 1.71771e-05
1014 2.82449 1.7113e-05
1015 2.82444 1.70491e-05
1016 2.82439 1.69854e-05
1017 2.82434 1.69219e-05
1018 2.82429 1.68587e-05
1019 2.82425 1.67957e-05
1020 2.8242 1.6733e-05
1021 2.82415 1.66704e-05
1022 2.82411 1.66082e-05
1023 2.82406 1.65461e-05
1024 2.82401 1.64843e-05
1025 2.82397 1.64227e-05
1026 2.82392 1.63613e-05
1027 2.82387 1.63001e-05
1028 2.82383 1.62392e-05
1029 2.82378 1.61785e-05
1030 2.82374 1.61181e-05
1031 2.82369 1.60578e-05
1032 2.82365 1.59978e-05
1033 2.8236 1.5938e-05
1034 2.82356 1.58784e-05
1035 2.82351 1.5819e-05
1036 2.82347 1.57599e-05
1037 2.82342 1.5701e-05
1038 2.82338 1.56423e-05
1039 2.82334 1.55838e-05
1040 2.82329 1.55255e-05
1041 2.82325 1.54675e-05
1042 2.8232 1.54096e-05
1043 2.82316 1.5352e-05
1044 2.82312 1.52946e-05
1045 2.82307 1.52374e-05
1046 2.82303 1.51804e-05
1047 2.82299 1.51236e-05
1048 2.82295 1.5067e-05
1049 2.8229 1.50107e-05
1050 2.82286 1.49545e-05
1051 2.82282 1.48986e-05
1052 2.82278 1.48428e-05
1053 2.82274 1.47873e-05
1054 2.82269 1.4732e-05
1055 2.82265 1.46769e-05
1056 2.82261 1.4622e-05
1057 2.82257 1.45672e-05
1058 2.82253 1.45127e-05
1059 2.82249 1.44584e-05
1060 2.82245 1.44043e-05
1061 2.82241 1.43504e-05
1062 2.82237 1.42967e-05
1063 2.82233 1.42432e-05
1064 2.82229 1.41899e-05
1065 2.82225 1.41368e-05
1066 2.82221 1.40839e-05
1067 2.82217 1.40311e-05
1068 2.82213 1.39786e-05
1069 2.82209 1.39263e-05
1070 2.82205 1.38741e-05
1071 2.82201 1.38222e-05
1072 2.82197 1.37704e-05
1073 2.82193 1.37189e-05
1074 2.8219 1.36675e-05
1075 2.82186 1.36163e-05
1076 2.82182 1.35654e-05
1077 2.82178 1.35146e-05
1078 2.82174 1.34639e-05
1079 2.8217 1.34135e-05
1080 2.82167 1.33633e-05
1081 2.82163 1.33132e-05
1082 2.82159 1.32634e-05
1083 2.82155 1.32137e-05
1084 2.82152 1.31642e-05
1085 2.82148 1.31149e-05
1086 2.82144 1.30658e-05
1087 2.82141 1.30168e-05
1088 2.82137 1.2968e-05
1089 2.82133 1.29195e-05
1090 2.8213 1.2871e-05
1091 2.82126 1.28228e-05
1092 2.82123 1.27748e-05
1093 2.82119 1.27269e-05
1094 2.82115 1.26792e-05
1095 2.82112 1.26317e-05
1096 2.82108 1.25844e-05
1097 2.82105 1.25372e-05
1098 2.82101 1.24902e-05
1099 2.82098 1.24434e-05
1100 2.82094 1.23968e-05
1101 2.82091 1.23503e-05
1102 2.82087 1.2304e-05
1103 2.82084 1.22579e-05
1104 2.8208 1.22119e-05
1105 2.82077 1.21661e-05
1106 2.82073 1.21205e-05
1107 2.8207 1.20751e-05
1108 2.82067 1.20298e-05
1109 2.82063 1.19847e-05
1110 2.8206 1.19398e-05
1111 2.82057 1.1895e-05
1112 2.82053 1.18504e-05
1113 2.8205 1.1806e-05
1114 2.82047 1.17617e-05
1115 2.82043 1.17176e-05
1116 2.8204 1.16736e-05
1117 2.82037 1.16298e-05
1118 2.82033 1.15862e-05
1119 2.8203 1.15428e-05
1120 2.82027 1.14995e-05
1121 2.82024 1.14563e-05
1122 2.8202 1.14133e-05
1123 2.82017 1.13705e-05
1124 2.82014 1.13279e-05
1125 2.82011 1.12854e-05
1126 2.82008 1.1243e-05
1127 2.82005 1.12008e-05
1128 2.82001 1.11588e-05
1129 2.81998 1.11169e-05
1130 2.81995 1.10752e-05
1131 2.81992 1.10337e-05
1132 2.81989 1.09923e-05
1133 2.81986 1.0951e-05
1134 2.81983 1.09099e-05
1135 2.8198 1.0869e-05
1136 2.81977 1.08282e-05
1137 2.81974 1.07875e-05
1138 2.81971 1.0747e-05
1139 2.81968 1.07067e-05
1140 2.81965 1.06665e-05
1141 2.81962 1.06265e-05
1142 2.81959 1.05866e-05
1143 2.81956 1.05468e-05
1144 2.81953 1.05072e-05
1145 2.8195 1.04678e-05
1146 2.81947 1.04285e-05
1147 2.81944 1.03893e-05
1148 2.81941 1.03503e-05
1149 2.81938 1.03114e-05
1150 2.81935 1.02727e-05
1151 2.81932 1.02341e-05
1152 2.81929 1.01957e-05
1153 2.81926 1.01574e-05
1154 2.81924 1.01192e-05
1155 2.81921 1.00812e-05
1156 2.81918 1.00434e-05
1157 2.81915 1.00056e-05
1158 2.81912 9.96805e-06
1159 2.8191 9.9306e-06
1160 2.81907 9.8933e-06
1161 2.81904 9.85613e-06
1162 2.81901 9.8191e-06
1163 2.81898 9.78221e-06
1164 2.81896 9.74545e-06
1165 2.81893 9.70883e-06
1166 2.8189 9.67235e-06
1167 2.81887 9.636e-06
1168 2.81885 9.59979e-06
1169 2.81882 9.56371e-06
1170 2.81879 9.52777e-06
1171 2.81877 9.49196e-06
1172 2.81874 9.45629e-06
1173 2.81871 9.42074e-06
1174 2.81869 9.38533e-06
1175 2.81866 9.35005e-06
1176 2.81863 9.3149e-06
1177 2.81861 9.27989e-06
1178 2.81858 9.245e-06
1179 2.81856 9.21024e-06
1180 2.81853 9.17562e-06
1181 2.81851 9.14112e-06
1182 2.81848 9.10675e-06
1183 2.81845 9.07251e-06
1184 2.81843 9.03839e-06
1185 2.8184 9.0044e-06
1186 2.81838 8.97054e-06
1187 2.81835 8.93681e-06
1188 2.81833 8.9032e-06
1189 2.8183 8.86971e-06
1190 2.81828 8.83635e-06
1191 2.81825 8.80312e-06
1192 2.81823 8.77e-06
1193 2.8182 8.73702e-06
1194 2.81818 8.70415e-06
1195 2.81815 8.67141e-06
1196 2.81813 8.63879e-06
1197 2.81811 8.60629e-06
1198 2.81808 8.57391e-06
1199 2.81806 8.54165e-06
1200 2.81803 8.50951e-06
1201 2.81801 8.47749e-06
1202 2.81799 8.44559e-06
1203 2.81796 8.41381e-06
1204 2.81794 8.38215e-06
1205 2.81792 8.35061e-06
1206 2.81789 8.31918e-06
1207 2.81787 8.28787e-06
1208 2.81785 8.25668e-06
1209 2.81782 8.2256e-06
1210 2.8178 8.19464e-06
1211 2.81778 8.16379e-06
1212 2.81775 8.13306e-06
1213 2.81773 8.10245e-06
1214 2.81771 8.07194e-06
1215 2.81768 8.04156e-06
1216 2.81766 8.01128e-06
1217 2.81764 7.98112e-06
1218 2.81762 7.95107e-06
1219 2.81759 7.92113e-06
1220 2.81757 7.8913e-06
1221 2.81755 7.86159e-06
1222 2.81753 7.83198e-06
1223 2.81751 7.80249e-06
1224 2.81748 7.77311e-06
1225 2.81746 7.74383e-06
1226 2.81744 7.71467e-06
1227 2.81742 7.68561e-06
1228 2.8174 7.65666e-06
1229 2.81738 7.62782e-06
1230 2.81735 7.59909e-06
1231 2.81733 7.57046e-06
1232 2.81731 7.54194e-06
1233 2.81729 7.51353e-06
1234 2.81727 7.48522e-06
1235 2.81725 7.45702e-06
1236 2.81723 7.42892e-06
1237 2.81721 7.40093e-06
1238 2.81719 7.37305e-06
1239 2.81717 7.34526e-06
1240 2.81715 7.31758e-06
1241 2.81712 7.29001e-06
1242 2.8171 7.26254e-06
1243 2.81708 7.23516e-06
1244 2.81706 7.2079e-06
1245 2.81704 7.18073e-06
1246 2.81702 7.15366e-06
1247 2.817 7.1267e-06
1248 2.81698 7.09983e-06
1249 2.81696 7.07307e-06
1250 2.81694 7.04641e-06
1251 2.81692 7.01984e-06
1252 2.8169 6.99338e-06
1253 2.81688 6.96701e-06
1254 2.81686 6.94074e-06
1255 2.81685 6.91457e-06
1256 2.81683 6.8885e-06
1257 2.81681 6.86252e-06
1258 2.81679 6.83665e-06
1259 2.81677 6.81086e-06
1260 2.81675 6.78518e-06
1261 2.81673 6.75959e-06
1262 2.81671 6.7341e-06
1263 2.81669 6.7087e-06
1264 2.81667 6.68339e-06
1265 2.81665 6.65818e-06
1266 2.81664 6.63307e-06
1267 2.81662 6.60805e-06
1268 2.8166 6.58312e-06
1269 2.81658 6.55828e-06
1270 2.81656 6.53354e-06
1271 2.81654 6.50889e-06
1272 2.81653 6.48433e-06
1273 2.81651 6.45986e-06
1274 2.81649 6.43549e-06
1275 2.81647 6.4112e-06
1276 2.81645 6.38701e-06
1277 2.81643 6.36291e-06
1278 2.81642 6.3389e-06
1279 2.8164 6.31497e-06
1280 2.81638 6.29114e-06
1281 2.81636 6.26739e-06
1282 2.81635 6.24374e-06
1283 2.81633 6.22017e-06
1284 2.81631 6.19669e-06
1285 2.81629 6.1733e-06
1286 2.81628 6.14999e-06
1287 2.81626 6.12677e-06
1288 2.81624 6.10364e-06
1289 2.81622 6.0806e-06
1290 2.81621 6.05764e-06
1291 2.81619 6.03477e-06
1292 2.81617 6.01198e-06
1293 2.81616 5.98928e-06
1294 2.81614 5.96666e-06
1295 2.81612 5.94413e-06
1296 2.81611 5.92168e-06
1297 2.81609 5.89931e-06
1298 2.81607 5.87703e-06
1299 2.81606 5.85483e-06
1300 2.81604 5.83272e-06
1301 2.81602 5.81069e-06
1302 2.81601 5.78874e-06
1303 2.81599 5.76687e-06
1304 2.81598 5.74508e-06
1305 2.81596 5.72338e-06
1306 2.81594 5.70175e-06
1307 2.81593 5.68021e-06
1308 2.81591 5.65875e-06
1309 2.8159 5.63737e-06
1310 2.81588 5.61606e-06
1311 2.81586 5.59484e-06
1312 2.81585 5.5737e-06
1313 2.81583 5.55263e-06
1314 2.81582 5.53165e-06
1315 2.8158 5.51074e-06
1316 2.81579 5.48991e-06
1317 2.81577 5.46916e-06
1318 2.81576 5.44849e-06
1319 2.81574 5.42789e-06
1320 2.81573 5.40737e-06
1321 2.81571 5.38693e-06
1322 2.81569 5.36657e-06
1323 2.81568 5.34628e-06
1324 2.81566 5.32606e-06
1325 2.81565 5.30592e-06
1326 2.81563 5.28586e-06
1327 2.81562 5.26587e-06
1328 2.81561 5.24596e-06
1329 2.81559 5.22612e-06
1330 2.81558 5.20636e-06
1331 2.81556 5.18667e-06
1332 2.81555 5.16705e-06
1333 2.81553 5.14751e-06
1334 2.81552 5.12804e-06
1335 2.8155 5.10864e-06
1336 2.81549 5.08931e-06
1337 2.81547 5.07006e-06
1338 2.81546 5.05088e-06
1339 2.81545 5.03177e-06
1340 2.81543 5.01274e-06
1341 2.81542 4.99377e-06
1342 2.8154 4.97487e-06
1343 2.81539 4.95605e-06
1344 2.81538 4.9373e-06
1345 2.81536 4.91861e-06
1346 2.81535 4.9e-06
1347 2.81534 4.88145e-06
1348 2.81532 4.86298e-06
1349 2.81531 4.84457e-06
1350 2.81529 4.82624e-06
1351 2.81528 4.80797e-06
1352 2.81527 4.78977e-06
1353 2.81525 4.77164e-06
1354 2.81524 4.75358e-06
1355 2.81523 4.73558e-06
1356 2.81521 4.71765e-06
1357 2.8152 4.69979e-06
1358 2.81519 4.68199e-06
1359 2.81517 4.66427e-06
1360 2.81516 4.6466e-06
1361 2.81515 4.62901e-06
1362 2.81513 4.61148e-06
1363 2.81512 4.59402e-06
1364 2.81511 4.57662e-06
1365 2.8151 4.55928e-06
1366 2.81508 4.54202e-06
1367 2.81507 4.52481e-06
1368 2.81506 4.50767e-06
1369 2.81505 4.4906e-06
1370 2.81503 4.47359e-06
1371 2.81502 4.45664e-06
1372 2.81501 4.43975e-06
1373 2.815 4.42293e-06
1374 2.81498 4.40618e-06
1375 2.81497 4.38948e-06
1376 2.81496 4.37285e-06
1377 2.81495 4.35628e-06
1378 2.81493 4.33977e-06
1379 2.81492 4.32332e-06
1380 2.81491 4.30694e-06
1381 2.8149 4.29061e-06
1382 2.81489 4.27435e-06
1383 2.81487 4.25815e-06
1384 2.81486 4.24201e-06
1385 2.81485 4.22593e-06
1386 2.81484 4.20991e-06
1387 2.81483 4.19395e-06
1388 2.81481 4.17805e-06
1389 2.8148 4.16221e-06
1390 2.81479 4.14643e-06
1391 2.81478 4.13071e-06
1392 2.81477 4.11505e-06
1393 2.81476 4.09944e-06
1394 2.81474 4.0839e-06
1395 2.81473 4.06841e-06
1396 2.81472 4.05298e-06
1397 2.81471 4.03761e-06
1398 2.8147 4.02229e-06
1399 2.81469 4.00704e-06
1400 2.81468 3.99184e-06
1401 2.81467 3.97669e-06
1402 2.81465 3.96161e-06
1403 2.81464 3.94658e-06
1404 2.81463 3.93161e-06
1405 2.81462 3.91669e-06
1406 2.81461 3.90183e-06
1407 2.8146 3.88702e-06
1408 2.81459 3.87228e-06
1409 2.81458 3.85758e-06
1410 2.81457 3.84294e-06
1411 2.81456 3.82836e-06
1412 2.81454 3.81383e-06
1413 2.81453 3.79935e-06
1414 2.81452 3.78493e-06
1415 2.81451 3.77057e-06
1416 2.8145 3.75625e-06
1417 2.81449 3.74199e-06
1418 2.81448 3.72779e-06
1419 2.81447 3.71364e-06
1420 2.81446 3.69954e-06
1421 2.81445 3.68549e-06
1422 2.81444 3.6715e-06
1423 2.81443 3.65756e-06
1424 2.81442 3.64367e-06
1425 2.81441 3.62983e-06
1426 2.8144 3.61605e-06
1427 2.81439 3.60231e-06
1428 2.81438 3.58863e-06
1429 2.81437 3.575e-06
1430 2.81436 3.56142e-06
1431 2.81435 3.54789e-06
1432 2.81434 3.53442e-06
1433 2.81433 3.52099e-06
1434 2.81432 3.50761e-06
1435 2.81431 3.49429e-06
1436 2.8143 3.48101e-06
1437 2.81429 3.46779e-06
1438 2.81428 3.45461e-06
1439 2.81427 3.44148e-06
1440 2.81426 3.4284e-06
1441 2.81425 3.41537e-06
1442 2.81424 3.40239e-06
1443 2.81423 3.38946e-06
1444 2.81422 3.37658e-06
1445 2.81421 3.36375e-06
1446 2.8142 3.35096e-06
1447 2.81419 3.33822e-06
1448 2.81418 3.32553e-06
1449 2.81418 3.31289e-06
1450 2.81417 3.30029e-06
1451 2.81416 3.28775e-06
1452 2.81415 3.27524e-06
1453 2.81414 3.26279e-06
1454 2.81413 3.25038e-06
1455 2.81412 3.23802e-06
1456 2.81411 3.22571e-06
1457 2.8141 3.21344e-06
1458 2.81409 3.20122e-06
1459 2.81408 3.18904e-06
1460 2.81407 3.17691e-06
1461 2.81407 3.16483e-06
1462 2.81406 3.15279e-06
1463 2.81405 3.14079e-06
1464 2.81404 3.12885e-06
1465 2.81403 3.11694e-06
1466 2.81402 3.10508e-06
1467 2.81401 3.09327e-06
1468 2.814 3.0815e-06
1469 2.814 3.06977e-06
1470 2.81399 3.05809e-06
1471 2.81398 3.04645e-06
1472 2.81397 3.03485e-06
1473 2.81396 3.0233e-06
1474 2.81395 3.0118e-06
1475 2.81394 3.00033e-06
1476 2.81394 2.98891e-06
1477 2.81393 2.97753e-06
1478 2.81392 2.9662e-06
1479 2.81391 2.9549e-06
1480 2.8139 2.94365e-06
1481 2.81389 2.93244e-06
1482 2.81389 2.92128e-06
1483 2.81388 2.91015e-06
1484 2.81387 2.89907e-06
1485 2.81386 2.88803e-06
1486 2.81385 2.87703e-06
1487 2.81385 2.86607e-06
1488 2.81384 2.85516e-06
1489 2.81383 2.84428e-06
1490 2.81382 2.83345e-06
1491 2.81381 2.82265e-06
1492 2.81381 2.8119e-06
1493 2.8138 2.80118e-06
1494 2.81379 2.79051e-06
1495 2.81378 2.77988e-06
1496 2.81377 2.76929e-06
1497 2.81377 2.75873e-06
1498 2.81376 2.74822e-06
1499 2.81375 2.73775e-06
1500 2.81374 2.72731e-06
1501 2.81374 2.71692e-06
1502 2.81373 2.70656e-06
1503 2.81372 2.69624e-06
1504 2.81371 2.68597e-06
1505 2.81371 2.67573e-06
1506 2.8137 2.66552e-06
1507 2.81369 2.65536e-06
1508 2.81368 2.64524e-06
1509 2.81368 2.63515e-06
1510 2.81367 2.6251e-06
1511 2.81366 2.61509e-06
1512 2.81365 2.60512e-06
1513 2.81365 2.59518e-06
1514 2.81364 2.58528e-06
1515 2.81363 2.57542e-06
1516 2.81363 2.5656e-06
1517 2.81362 2.55581e-06
1518 2.81361 2.54606e-06
1519 2.8136 2.53635e-06
1520 2.8136 2.52667e-06
1521 2.81359 2.51703e-06
1522 2.81358 2.50743e-06
1523 2.81358 2.49786e-06
1524 2.81357 2.48833e-06
1525 2.81356 2.47883e-06
1526 2.81355 2.46937e-06
1527 2.81355 2.45995e-06
1528 2.81354 2.45056e-06
1529 2.81353 2.4412e-06
1530 2.81353 2.43188e-06
1531 2.81352 2.4226e-06
1532 2.81351 2.41335e-06
1533 2.81351 2.40414e-06
1534 2.8135 2.39496e-06
1535 2.81349 2.38581e-06
1536 2.81349 2.3767e-06
1537 2.81348 2.36763e-06
1538 2.81347 2.35859e-06
1539 2.81347 2.34958e-06
1540 2.81346 2.3406e-06
1541 2.81345 2.33166e-06
1542 2.81345 2.32276e-06
1543 2.81344 2.31388e-06
1544 2.81343 2.30504e-06
1545 2.81343 2.29624e-06
1546 2.81342 2.28747e-06
1547 2.81341 2.27872e-06
1548 2.81341 2.27002e-06
1549 2.8134 2.26134e-06
1550 2.8134 2.2527e-06
1551 2.81339 2.24409e-06
1552 2.81338 2.23552e-06
1553 2.81338 2.22697e-06
1554 2.81337 2.21846e-06
1555 2.81336 2.20998e-06
1556 2.81336 2.20153e-06
1557 2.81335 2.19311e-06
1558 2.81335 2.18473e-06
1559 2.81334 2.17638e-06
1560 2.81333 2.16806e-06
1561 2.81333 2.15976e-06
1562 2.81332 2.15151e-06
1563 2.81332 2.14328e-06
1564 2.81331 2.13508e-06
1565 2.8133 2.12691e-06
1566 2.8133 2.11878e-06
1567 2.81329 2.11067e-06
1568 2.81329 2.1026e-06
1569 2.81328 2.09456e-06
1570 2.81327 2.08654e-06
1571 2.81327 2.07856e-06
1572 2.81326 2.07061e-06
1573 2.81326 2.06268e-06
1574 2.81325 2.05479e-06
1575 2.81324 2.04693e-06
1576 2.81324 2.03909e-06
1577 2.81323 2.03129e-06
1578 2.81323 2.02351e-06
1579 2.81322 2.01577e-06
1580 2.81322 2.00805e-06
1581 2.81321 2.00037e-06
1582 2.8132 1.99271e-06
1583 2.8132 1.98508e-06
1584 2.81319 1.97748e-06
1585 2.81319 1.9699e-06
1586 2.81318 1.96236e-06
1587 2.81318 1.95485e-06
1588 2.81317 1.94736e-06
1589 2.81317 1.9399e-06
1590 2.81316 1.93247e-06
1591 2.81316 1.92507e-06
1592 2.81315 1.91769e-06
1593 2.81314 1.91035e-06
1594 2.81314 1.90303e-06
1595 2.81313 1.89574e-06
1596 2.81313 1.88847e-06
1597 2.81312 1.88124e-06
1598 2.81312 1.87403e-06
1599 2.81311 1.86685e-06
1600 2.81311 1.85969e-06
1601 2.8131 1.85256e-06
1602 2.8131 1.84546e-06
1603 2.81309 1.83839e-06
1604 2.81309 1.83134e-06
1605 2.81308 1.82432e-06
1606 2.81308 1.81733e-06
1607 2.81307 1.81036e-06
1608 2.81307 1.80342e-06
1609 2.81306 1.7965e-06
1610 2.81306 1.78961e-06
1611 2.81305 1.78275e-06
1612 2.81305 1.77591e-06
1613 2.81304 1.7691e-06
1614 2.81304 1.76231e-06
1615 2.81303 1.75555e-06
1616 2.81303 1.74882e-06
1617 2.81302 1.74211e-06
1618 2.81302 1.73542e-06
1619 2.81301 1.72876e-06
1620 2.81301 1.72213e-06
1621 2.813 1.71552e-06
1622 2.813 1.70894e-06
1623 2.81299 1.70238e-06
1624 2.81299 1.69584e-06
1625 2.81298 1.68933e-06
1626 2.81298 1.68285e-06
1627 2.81297 1.67639e-06
1628 2.81297 1.66995e-06
1629 2.81296 1.66354e-06
1630 2.81296 1.65715e-06
1631 2.81295 1.65079e-06
1632 2.81295 1.64445e-06
1633 2.81295 1.63814e-06
1634 2.81294 1.63184e-06
1635 2.81294 1.62558e-06
1636 2.81293 1.61933e-06
1637 2.81293 1.61311e-06
1638 2.81292 1.60691e-06
1639 2.81292 1.60074e-06
1640 2.81291 1.59459e-06
1641 2.81291 1.58846e-06
1642 2.81291 1.58236e-06
1643 2.8129 1.57628e-06
1644 2.8129 1.57022e-06
1645 2.81289 1.56419e-06
1646 2.81289 1.55817e-06
1647 2.81288 1.55218e-06
1648 2.81288 1.54622e-06
1649 2.81287 1.54027e-06
1650 2.81287 1.53435e-06
1651 2.81287 1.52845e-06
1652 2.81286 1.52257e-06
1653 2.81286 1.51672e-06
1654 2.81285 1.51089e-06
1655 2.81285 1.50507e-06
1656 2.81284 1.49929e-06
1657 2.81284 1.49352e-06
1658 2.81284 1.48777e-06
1659 2.81283 1.48205e-06
1660 2.81283 1.47635e-06
1661 2.81282 1.47067e-06
1662 2.81282 1.46501e-06
1663 2.81282 1.45937e-06
1664 2.81281 1.45375e-06
1665 2.81281 1.44816e-06
1666 2.8128 1.44259e-06
1667 2.8128 1.43703e-06
1668 2.8128 1.4315e-06
1669 2.81279 1.42599e-06
1670 2.81279 1.4205e-06
1671 2.81278 1.41503e-06
1672 2.81278 1.40958e-06
1673 2.81278 1.40415e-06
1674 2.81277 1.39875e-06
1675 2.81277 1.39336e-06
1676 2.81276 1.38799e-06
1677 2.81276 1.38265e-06
1678 2.81276 1.37732e-06
1679 2.81275 1.37202e-06
1680 2.81275 1.36673e-06
1681 2.81274 1.36146e-06
1682 2.81274 1.35622e-06
1683 2.81274 1.35099e-06
1684 2.81273 1.34579e-06
1685 2.81273 1.3406e-06
1686 2.81273 1.33543e-06
1687 2.81272 1.33028e-06
1688 2.81272 1.32516e-06
1689 2.81271 1.32005e-06
1690 2.81271 1.31496e-06
1691 2.81271 1.30989e-06
1692 2.8127 1.30484e-06
1693 2.8127 1.29981e-06
1694 2.8127 1.29479e-06
1695 2.81269 1.2898e-06
1696 2.81269 1.28483e-06
1697 2.81268 1.27987e-06
1698 2.81268 1.27493e-06
1699 2.81268 1.27001e-06
1700 2.81267 1.26511e-06
1701 2.81267 1.26023e-06
1702 2.81267 1.25537e-06
1703 2.81266 1.25053e-06
1704 2.81266 1.2457e-06
1705 2.81266 1.24089e-06
1706 2.81265 1.2361e-06
1707 2.81265 1.23133e-06
1708 2.81265 1.22658e-06
1709 2.81264 1.22184e-06
1710 2.81264 1.21712e-06
1711 2.81264 1.21242e-06
1712 2.81263 1.20774e-06
1713 2.81263 1.20308e-06
1714 2.81263 1.19843e-06
1715 2.81262 1.1938e-06
1716 2.81262 1.18919e-06
1717 2.81262 1.1846e-06
1718 2.81261 1.18002e-06
1719 2.81261 1.17546e-06
1720 2.81261 1.17092e-06
1721 2.8126 1.1664e-06
1722 2.8126 1.16189e-06
1723 2.8126 1.1574e-06
1724 2.81259 1.15293e-06
1725 2.81259 1.14847e-06
1726 2.81259 1.14403e-06
1727 2.81258 1.13961e-06
1728 2.81258 1.1352e-06
1729 2.81258 1.13081e-06
1730 2.81257 1.12644e-06
1731 2.81257 1.12208e-06
1732 2.81257 1.11774e-06
1733 2.81256 1.11342e-06
1734 2.81256 1.10911e-06
1735 2.81256 1.10482e-06
1736 2.81255 1.10055e-06
1737 2.81255 1.09629e-06
1738 2.81255 1.09205e-06
1739 2.81255 1.08782e-06
1740 2.81254 1.08361e-06
1741 2.81254 1.07942e-06
1742 2.81254 1.07524e-06
1743 2.81253 1.07108e-06
1744 2.81253 1.06693e-06
1745 2.81253 1.0628e-06
1746 2.81252 1.05869e-06
1747 2.81252 1.05459e-06
1748 2.81252 1.05051e-06
1749 2.81252 1.04644e-06
1750 2.81251 1.04238e-06
1751 2.81251 1.03835e-06
1752 2.81251 1.03433e-06
1753 2.8125 1.03032e-06
1754 2.8125 1.02633e-06
1755 2.8125 1.02235e-06
1756 2.8125 1.01839e-06
1757 2.81249 1.01444e-06
1758 2.81249 1.01051e-06
1759 2.81249 1.0066e-06
1760 2.81248 1.00269e-06
1761 2.81248 9.98807e-07
1762 2.81248 9.94935e-07
1763 2.81248 9.91077e-07
1764 2.81247 9.87235e-07
1765 2.81247 9.83406e-07
1766 2.81247 9.79593e-07
1767 2.81246 9.75794e-07
1768 2.81246 9.72009e-07
1769 2.81246 9.68239e-07
1770 2.81246 9.64483e-07
1771 2.81245 9.60741e-07
1772 2.81245 9.57013e-07
1773 2.81245 9.533e-07
1774 2.81245 9.49601e-07
1775 2.81244 9.45915e-07
1776 2.81244 9.42244e-07
1777 2.81244 9.38587e-07
1778 2.81244 9.34943e-07
1779 2.81243 9.31314e-07
1780 2.81243 9.27698e-07
1781 2.81243 9.24096e-07
1782 2.81242 9.20507e-07
1783 2.81242 9.16932e-07
1784 2.81242 9.13371e-07
1785 2.81242 9.09823e-07
1786 2.81241 9.06289e-07
1787 2.81241 9.02768e-07
1788 2.81241 8.99261e-07
1789 2.81241 8.95767e-07
1790 2.8124 8.92286e-07
1791 2.8124 8.88818e-07
1792 2.8124 8.85364e-07
1793 2.8124 8.81923e-07
1794 2.81239 8.78495e-07
1795 2.81239 8.75079e-07
1796 2.81239 8.71677e-07
1797 2.81239 8.68288e-07
1798 2.81238 8.64911e-07
1799 2.81238 8.61548e-07
1800 2.81238 8.58197e-07
1801 2.81238 8.54859e-07
1802 2.81237 8.51534e-07
1803 2.81237 8.48221e-07
1804 2.81237 8.44921e-07
1805 2.81237 8.41633e-07
1806 2.81237 8.38358e-07
1807 2.81236 8.35095e-07
1808 2.81236 8.31845e-07
1809 2.81236 8.28607e-07
1810 2.81236 8.25382e-07
1811 2.81235 8.22169e-07
1812 2.81235 8.18967e-07
1813 2.81235 8.15779e-07
1814 2.81235 8.12602e-07
1815 2.81234 8.09437e-07
1816 2.81234 8.06284e-07
1817 2.81234 8.03144e-07
1818 2.81234 8.00015e-07
1819 2.81234 7.96898e-07
1820 2.81233 7.93793e-07
1821 2.81233 7.907e-07
1822 2.81233 7.87619e-07
1823 2.81233 7.84549e-07
1824 2.81232 7.81491e-07
1825 2.81232 7.78445e-07
1826 2.81232 7.7541e-07
1827 2.81232 7.72387e-07
1828 2.81232 7.69375e-07
1829 2.81231 7.66375e-07
1830 2.81231 7.63386e-07
1831 2.81231 7.60408e-07
1832 2.81231 7.57442e-07
1833 2.81231 7.54488e-07
1834 2.8123 7.51544e-07
1835 2.8123 7.48612e-07
1836 2.8123 7.4569e-07
1837 2.8123 7.4278e-07
1838 2.81229 7.39881e-07
1839 2.81229 7.36993e-07
1840 2.81229 7.34116e-07
1841 2.81229 7.3125e-07
1842 2.81229 7.28395e-07
1843 2.81228 7.25551e-07
1844 2.81228 7.22718e-07
1845 2.81228 7.19895e-07
1846 2.81228 7.17083e-07
1847 2.81228 7.14282e-07
1848 2.81227 7.11491e-07
1849 2.81227 7.08712e-07
1850 2.81227 7.05942e-07
1851 2.81227 7.03184e-07
1852 2.81227 7.00435e-07
1853 2.81226 6.97698e-07
1854 2.81226 6.9497e-07
1855 2.81226 6.92253e-07
1856 2.81226 6.89547e-07
1857 2.81226 6.86851e-07
1858 2.81225 6.84165e-07
1859 2.81225 6.81489e-07
1860 2.81225 6.78823e-07
1861 2.81225 6.76168e-07
1862 2.81225 6.73523e-07
1863 2.81225 6.70888e-07
1864 2.81224 6.68262e-07
1865 2.81224 6.65647e-07
1866 2.81224 6.63042e-07
1867 2.81224 6.60447e-07
1868 2.81224 6.57862e-07
1869 2.81223 6.55286e-07
1870 2.81223 6.5272e-07
1871 2.81223 6.50165e-07
1872 2.81223 6.47618e-07
1873 2.81223 6.45082e-07
1874 2.81222 6.42555e-07
1875 2.81222 6.40038e-07
1876 2.81222 6.37531e-07
1877 2.81222 6.35033e-07
1878 2.81222 6.32544e-07
1879 2.81222 6.30065e-07
1880 2.81221 6.27596e-07
1881 2.81221 6.25136e-07
1882 2.81221 6.22685e-07
1883 2.81221 6.20244e-07
1884 2.81221 6.17812e-07
1885 2.81221 6.15389e-07
1886 2.8122 6.12976e-07
1887 2.8122 6.10572e-07
1888 2.8122 6.08177e-07
1889 2.8122 6.05791e-07
1890 2.8122 6.03414e-07
1891 2.8122 6.01046e-07
1892 2.81219 5.98687e-07
1893 2.81219 5.96338e-07
1894 2.81219 5.93997e-07
1895 2.81219 5.91665e-07
1896 2.81219 5.89342e-07
1897 2.81219 5.87028e-07
1898 2.81218 5.84723e-07
1899 2.81218 5.82427e-07
1900 2.81218 5.80139e-07
1901 2.81218 5.7786e-07
1902 2.81218 5.7559e-07
1903 2.81218 5.73328e-07
1904 2.81217 5.71075e-07
1905 2.81217 5.68831e-07
1906 2.81217 5.66595e-07
1907 2.81217 5.64368e-07
1908 2.81217 5.6215e-07
1909 2.81217 5.59939e-07
1910 2.81216 5.57738e-07
1911 2.81216 5.55544e-07
1912 2.81216 5.5336e-07
1913 2.81216 5.51183e-07
1914 2.81216 5.49015e-07
1915 2.81216 5.46855e-07
1916 2.81216 5.44703e-07
1917 2.81215 5.42559e-07
1918 2.81215 5.40424e-07
1919 2.81215 5.38297e-07
1920 2.81215 5.36178e-07
1921 2.81215 5.34067e-07
1922 2.81215 5.31964e-07
1923 2.81214 5.29869e-07
1924 2.81214 5.27783e-07
1925 2.81214 5.25704e-07
1926 2.81214 5.23633e-07
1927 2.81214 5.2157e-07
1928 2.81214 5.19515e-07
1929 2.81214 5.17468e-07
1930 2.81213 5.15428e-07
1931 2.81213 5.13397e-07
1932 2.81213 5.11373e-07
1933 2.81213 5.09357e-07
1934 2.81213 5.07349e-07
1935 2.81213 5.05348e-07
1936 2.81213 5.03355e-07
1937 2.81212 5.0137e-07
1938 2.81212 4.99392e-07
1939 2.81212 4.97422e-07
1940 2.81212 4.95459e-07
1941 2.81212 4.93504e-07
1942 2.81212 4.91556e-07
1943 2.81212 4.89616e-07
1944 2.81211 4.87683e-07
1945 2.81211 4.85758e-07
1946 2.81211 4.8384e-07
1947 2.81211 4.81929e-07
1948 2.81211 4.80026e-07
1949 2.81211 4.7813e-07
1950 2.81211 4.76241e-07
1951 2.81211 4.74359e-07
1952 2.8121 4.72485e-07
1953 2.8121 4.70618e-07
1954 2.8121 4.68758e-07
1955 2.8121 4.66905e-07
1956 2.8121 4.65059e-07
1957 2.8121 4.6322e-07
1958 2.8121 4.61388e-07
1959 2.81209 4.59564e-07
1960 2.81209 4.57746e-07
1961 2.81209 4.55935e-07
1962 2.81209 4.54132e-07
1963 2.81209 4.52335e-07
1964 2.81209 4.50545e-07
1965 2.81209 4.48762e-07
1966 2.81209 4.46985e-07
1967 2.81208 4.45216e-07
1968 2.81208 4.43453e-07
1969 2.81208 4.41697e-07
1970 2.81208 4.39948e-07
1971 2.81208 4.38205e-07
1972 2.81208 4.36469e-07
1973 2.81208 4.3474e-07
1974 2.81208 4.33018e-07
1975 2.81207 4.31302e-07
1976 2.81207 4.29592e-07
1977 2.81207 4.2789e-07
1978 2.81207 4.26193e-07
1979 2.81207 4.24504e-07
1980 2.81207 4.2282e-07
1981 2.81207 4.21143e-07
1982 2.81207 4.19473e-07
1983 2.81207 4.17809e-07
1984 2.81206 4.16151e-07
1985 2.81206 4.145e-07
1986 2.81206 4.12855e-07
1987 2.81206 4.11217e-07
1988 2.81206 4.09584e-07
1989 2.81206 4.07958e-07
1990 2.81206 4.06339e-07
1991 2.81206 4.04725e-07
1992 2.81205 4.03118e-07
1993 2.81205 4.01516e-07
1994 2.81205 3.99921e-07
1995 2.81205 3.98332e-07
1996 2.81205 3.96749e-07
1997 2.81205 3.95173e-07
1998 2.81205 3.93602e-07
1999 2.81205 3.92037e-07
2000 2.81205 3.90479e-07
2001 2.81204 3.88926e-07
2002 2.81204 3.87379e-07
2003 2.81204 3.85838e-07
2004 2.81204 3.84304e-07
2005 2.81204 3.82775e-07
2006 2.81204 3.81252e-07
2007 2.81204 3.79734e-07
2008 2.81204 3.78223e-07
2009 2.81204 3.76717e-07
2010 2.81204 3.75217e-07
2011 2.81203 3.73723e-07
2012 2.81203 3.72235e-07
2013 2.81203 3.70752e-07
2014 2.81203 3.69276e-07
2015 2.81203 3.67804e-07
2016 2.81203 3.66339e-07
2017 2.81203 3.64879e-07
2018 2.81203 3.63425e-07
2019 2.81203 3.61976e-07
2020 2.81202 3.60533e-07
2021 2.81202 3.59095e-07
2022 2.81202 3.57663e-07
2023 2.81202 3.56237e-07
2024 2.81202 3.54815e-07
2025 2.81202 3.534e-07
2026 2.81202 3.5199e-07
2027 2.81202 3.50585e-07
2028 2.81202 3.49186e-07
2029 2.81202 3.47792e-07
2030 2.81201 3.46403e-07
2031 2.81201 3.4502e-07
2032 2.81201 3.43642e-07
2033 2.81201 3.42269e-07
2034 2.81201 3.40902e-07
2035 2.81201 3.3954e-07
2036 2.81201 3.38183e-07
2037 2.81201 3.36832e-07
2038 2.81201 3.35485e-07
2039 2.81201 3.34144e-07
2040 2.81201 3.32808e-07
2041 2.812 3.31477e-07
2042 2.812 3.30151e-07
2043 2.812 3.28831e-07
2044 2.812 3.27515e-07
2045 2.812 3.26204e-07
2046 2.812 3.24899e-07
2047 2.812 3.23599e-07
2048 2.812 3.22303e-07
2049 2.812 3.21013e-07
2050 2.812 3.19727e-07
2051 2.812 3.18447e-07
2052 2.81199 3.17171e-07
2053 2.81199 3.159e-07
2054 2.81199 3.14635e-07
2055 2.81199 3.13374e-07
2056 2.81199 3.12118e-07
2057 2.81199 3.10867e-07
2058 2.81199 3.0962e-07
2059 2.81199 3.08379e-07
2060 2.81199 3.07142e-07
2061 2.81199 3.0591e-07
2062 2.81199 3.04683e-07
2063 2.81198 3.0346e-07
2064 2.81198 3.02242e-07
2065 2.81198 3.01029e-07
2066 2.81198 2.99821e-07
2067 2.81198 2.98617e-07
2068 2.81198 2.97418e-07
2069 2.81198 2.96223e-07
2070 2.81198 2.95034e-07
2071 2.81198 2.93848e-07
2072 2.81198 2.92668e-07
2073 2.81198 2.91491e-07
2074 2.81198 2.9032e-07
2075 2.81197 2.89153e-07
2076 2.81197 2.8799e-07
2077 2.81197 2.86832e-07
2078 2.81197 2.85678e-07
2079 2.81197 2.84529e-07
2080 2.81197 2.83385e-07
2081 2.81197 2.82244e-07
2082 2.81197 2.81108e-07
2083 2.81197 2.79977e-07
2084 2.81197 2.7885e-07
2085 2.81197 2.77727e-07
2086 2.81197 2.76608e-07
2087 2.81197 2.75494e-07
2088 2.81196 2.74384e-07
2089 2.81196 2.73279e-07
2090 2.81196 2.72178e-07
2091 2.81196 2.71081e-07
2092 2.81196 2.69988e-07
2093 2.81196 2.68899e-07
2094 2.81196 2.67815e-07
2095 2.81196 2.66735e-07
2096 2.81196 2.65659e-07
2097 2.81196 2.64587e-07
2098 2.81196 2.63519e-07
2099 2.81196 2.62456e-07
2100 2.81196 2.61396e-07
2101 2.81195 2.60341e-07
2102 2.81195 2.5929e-07
2103 2.81195 2.58242e-07
2104 2.81195 2.57199e-07
2105 2.81195 2.5616e-07
2106 2.81195 2.55125e-07
2107 2.81195 2.54094e-07
2108 2.81195 2.53067e-07
2109 2.81195 2.52044e-07
2110 2.81195 2.51025e-07
2111 2.81195 2.50009e-07
2112 2.81195 2.48998e-07
2113 2.81195 2.47991e-07
2114 2.81195 2.46987e-07
2115 2.81194 2.45988e-07
2116 2.81194 2.44992e-07
2117 2.81194 2.44e-07
2118 2.81194 2.43012e-07
2119 2.81194 2.42028e-07
2120 2.81194 2.41048e-07
2121 2.81194 2.40071e-07
2122 2.81194 2.39098e-07
2123 2.81194 2.38129e-07
2124 2.81194 2.37164e-07
2125 2.81194 2.36202e-07
2126 2.81194 2.35245e-07
2127 2.81194 2.3429e-07
2128 2.81194 2.3334e-07
2129 2.81194 2.32393e-07
2130 2.81193 2.3145e-07
2131 2.81193 2.30511e-07
2132 2.81193 2.29575e-07
2133 2.81193 2.28643e-07
2134 2.81193 2.27715e-07
2135 2.81193 2.2679e-07
2136 2.81193 2.25868e-07
2137 2.81193 2.24951e-07
2138 2.81193 2.24036e-07
2139 2.81193 2.23126e-07
2140 2.81193 2.22219e-07
2141 2.81193 2.21315e-07
2142 2.81193 2.20415e-07
2143 2.81193 2.19518e-07
2144 2.81193 2.18625e-07
2145 2.81193 2.17736e-07
2146 2.81192 2.16849e-07
2147 2.81192 2.15967e-07
2148 2.81192 2.15087e-07
2149 2.81192 2.14211e-07
2150 2.81192 2.13339e-07
2151 2.81192 2.1247e-07
2152 2.81192 2.11604e-07
2153 2.81192 2.10742e-07
2154 2.81192 2.09883e-07
2155 2.81192 2.09027e-07
2156 2.81192 2.08175e-07
2157 2.81192 2.07326e-07
2158 2.81192 2.0648e-07
2159 2.81192 2.05637e-07
2160 2.81192 2.04798e-07
2161 2.81192 2.03962e-07
2162 2.81192 2.03129e-07
2163 2.81191 2.023e-07
2164 2.81191 2.01474e-07
2165 2.81191 2.00651e-07
2166 2.81191 1.99831e-07
2167 2.81191 1.99014e-07
2168 2.81191 1.98201e-07
2169 2.81191 1.97391e-07
2170 2.81191 1.96583e-07
2171 2.81191 1.95779e-07
2172 2.81191 1.94979e-07
2173 2.81191 1.94181e-07
2174 2.81191 1.93386e-07
2175 2.81191 1.92595e-07
2176 2.81191 1.91806e-07
2177 2.81191 1.91021e-07
2178 2.81191 1.90238e-07
2179 2.81191 1.89459e-07
2180 2.81191 1.88683e-07
2181 2.8119 1.87909e-07
2182 2.8119 1.87139e-07
2183 2.8119 1.86372e-07
2184 2.8119 1.85608e-07
2185 2.8119 1.84846e-07
2186 2.8119 1.84088e-07
2187 2.8119 1.83333e-07
2188 2.8119 1.8258e-07
2189 2.8119 1.81831e-07
2190 2.8119 1.81084e-07
2191 2.8119 1.80341e-07
2192 2.8119 1.796e-07
2193 2.8119 1.78862e-07
2194 2.8119 1.78127e-07
2195 2.8119 1.77395e-07
2196 2.8119 1.76666e-07
2197 2.8119 1.75939e-07
2198 2.8119 1.75216e-07
2199 2.8119 1.74495e-07
2200 2.8119 1.73777e-07
2201 2.81189 1.73062e-07
2202 2.81189 1.72349e-07
2203 2.81189 1.7164e-07
2204 2.81189 1.70933e-07
2205 2.81189 1.70229e-07
2206 2.81189 1.69527e-07
2207 2.81189 1.68829e-07
2208 2.81189 1.68133e-07
2209 2.81189 1.6744e-07
2210 2.81189 1.66749e-07
2211 2.81189 1.66062e-07
2212 2.81189 1.65377e-07
2213 2.81189 1.64694e-07
2214 2.81189 1.64014e-07
2215 2.81189 1.63337e-07
2216 2.81189 1.62663e-07
2217 2.81189 1.61991e-07
2218 2.81189 1.61322e-07
2219 2.81189 1.60655e-07
2220 2.81189 1.59991e-07
2221 2.81189 1.5933e-07
2222 2.81189 1.58671e-07
2223 2.81188 1.58015e-07
2224 2.81188 1.57362e-07
2225 2.81188 1.5671e-07
2226 2.81188 1.56062e-07
2227 2.81188 1.55416e-07
2228 2.81188 1.54772e-07
2229 2.81188 1.54132e-07
2230 2.81188 1.53493e-07
2231 2.81188 1.52857e-07
2232 2.81188 1.52224e-07
2233 2.81188 1.51593e-07
2234 2.81188 1.50964e-07
2235 2.81188 1.50338e-07
2236 2.81188 1.49715e-07
2237 2.81188 1.49093e-07
2238 2.81188 1.48475e-07
2239 2.81188 1.47858e-07
2240 2.81188 1.47244e-07
2241 2.81188 1.46633e-07
2242 2.81188 1.46024e-07
2243 2.81188 1.45417e-07
2244 2.81188 1.44813e-07
2245 2.81188 1.44211e-07
2246 2.81187 1.43611e-07
2247 2.81187 1.43014e-07
2248 2.81187 1.42419e-07
2249 2.81187 1.41826e-07
2250 2.81187 1.41236e-07
2251 2.81187 1.40648e-07
2252 2.81187 1.40063e-07
2253 2.81187 1.39479e-07
2254 2.81187 1.38898e-07
2255 2.81187 1.38319e-07
2256 2.81187 1.37743e-07
2257 2.81187 1.37169e-07
2258 2.81187 1.36597e-07
2259 2.81187 1.36027e-07
2260 2.81187 1.35459e-07
2261 2.81187 1.34894e-07
2262 2.81187 1.34331e-07
2263 2.81187 1.3377e-07
2264 2.81187 1.33211e-07
2265 2.81187 1.32655e-07
2266 2.81187 1.32101e-07
2267 2.81187 1.31549e-07
2268 2.81187 1.30999e-07
2269 2.81187 1.30451e-07
2270 2.81187 1.29905e-07
2271 2.81187 1.29362e-07
2272 2.81186 1.2882e-07
2273 2.81186 1.28281e-07
2274 2.81186 1.27744e-07
2275 2.81186 1.27209e-07
2276 2.81186 1.26676e-07
2277 2.81186 1.26145e-07
2278 2.81186 1.25617e-07
2279 2.81186 1.2509e-07
2280 2.81186 1.24565e-07
2281 2.81186 1.24043e-07
2282 2.81186 1.23522e-07
2283 2.81186 1.23004e-07
2284 2.81186 1.22488e-07
2285 2.81186 1.21973e-07
2286 2.81186 1.21461e-07
2287 2.81186 1.20951e-07
2288 2.81186 1.20442e-07
2289 2.81186 1.19936e-07
2290 2.81186 1.19432e-07
2291 2.81186 1.1893e-07
2292 2.81186 1.18429e-07
2293 2.81186 1.17931e-07
2294 2.81186 1.17435e-07
2295 2.81186 1.1694e-07
2296 2.81186 1.16448e-07
2297 2.81186 1.15957e-07
2298 2.81186 1.15468e-07
2299 2.81186 1.14982e-07
2300 2.81186 1.14497e-07
2301 2.81186 1.14014e-07
2302 2.81185 1.13533e-07
2303 2.81185 1.13054e-07
2304 2.81185 1.12577e-07
2305 2.81185 1.12102e-07
2306 2.81185 1.11628e-07
2307 2.81185 1.11157e-07
2308 2.81185 1.10687e-07
2309 2.81185 1.10219e-07
2310 2.81185 1.09753e-07
2311 2.81185 1.09289e-07
2312 2.81185 1.08827e-07
2313 2.81185 1.08366e-07
2314 2.81185 1.07907e-07
2315 2.81185 1.0745e-07
2316 2.81185 1.06995e-07
2317 2.81185 1.06542e-07
2318 2.81185 1.06091e-07
2319 2.81185 1.05641e-07
2320 2.81185 1.05193e-07
2321 2.81185 1.04747e-07
2322 2.81185 1.04302e-07
2323 2.81185 1.0386e-07
2324 2.81185 1.03419e-07
2325 2.81185 1.0298e-07
2326 2.81185 1.02542e-07
2327 2.81185 1.02107e-07
2328 2.81185 1.01673e-07
2329 2.81185 1.0124e-07
2330 2.81185 1.0081e-07
2331 2.81185 1.00381e-07
2332 2.81185 9.9954e-08
2333 2.81185 9.95286e-08
2334 2.81185 9.91048e-08
2335 2.81184 9.86827e-08
2336 2.81184 9.82623e-08
2337 2.81184 9.78435e-08
2338 2.81184 9.74265e-08
2339 2.81184 9.7011e-08
2340 2.81184 9.65972e-08
2341 2.81184 9.61851e-08
2342 2.81184 9.57745e-08
2343 2.81184 9.53656e-08
2344 2.81184 9.49584e-08
2345 2.81184 9.45527e-08
2346 2.81184 9.41486e-08
2347 2.81184 9.37462e-08
2348 2.81184 9.33453e-08
2349 2.81184 9.29461e-08
2350 2.81184 9.25484e-08
2351 2.81184 9.21522e-08
2352 2.81184 9.17577e-08
2353 2.81184 9.13647e-08
2354 2.81184 9.09733e-08
2355 2.81184 9.05835e-08
2356 2.81184 9.01951e-08
2357 2.81184 8.98084e-08
2358 2.81184 8.94231e-08
2359 2.81184 8.90394e-08
2360 2.81184 8.86572e-08
2361 2.81184 8.82766e-08
2362 2.81184 8.78974e-08
2363 2.81184 8.75197e-08
2364 2.81184 8.71436e-08
2365 2.81184 8.67689e-08
2366 2.81184 8.63957e-08
2367 2.81184 8.60241e-08
2368 2.81184 8.56538e-08
2369 2.81184 8.52851e-08
2370 2.81184 8.49178e-08
2371 2.81184 8.4552e-08
2372 2.81184 8.41877e-08
2373 2.81184 8.38247e-08
2374 2.81184 8.34633e-08
2375 2.81183 8.31033e-08
2376 2.81183 8.27447e-08
2377 2.81183 8.23875e-08
2378 2.81183 8.20317e-08
2379 2.81183 8.16774e-08
2380 2.81183 8.13245e-08
2381 2.81183 8.0973e-08
2382 2.81183 8.06228e-08
2383 2.81183 8.02741e-08
2384 2.81183 7.99268e-08
2385 2.81183 7.95808e-08
2386 2.81183 7.92363e-08
2387 2.81183 7.88931e-08
2388 2.81183 7.85512e-08
2389 2.81183 7.82108e-08
2390 2.81183 7.78716e-08
2391 2.81183 7.75339e-08
2392 2.81183 7.71975e-08
2393 2.81183 7.68624e-08
2394 2.81183 7.65287e-08
2395 2.81183 7.61963e-08
2396 2.81183 7.58652e-08
2397 2.81183 7.55354e-08
2398 2.81183 7.5207e-08
2399 2.81183 7.48798e-08
2400 2.81183 7.4554e-08
2401 2.81183 7.42295e-08
2402 2.81183 7.39063e-08
2403 2.81183 7.35843e-08
2404 2.81183 7.32637e-08
2405 2.81183 7.29443e-08
2406 2.81183 7.26262e-08
2407 2.81183 7.23094e-08
2408 2.81183 7.19938e-08
2409 2.81183 7.16795e-08
2410 2.81183 7.13665e-08
2411 2.81183 7.10547e-08
2412 2.81183 7.07442e-08
2413 2.81183 7.04349e-08
2414 2.81183 7.01268e-08
2415 2.81183 6.982e-08
2416 2.81183 6.95144e-08
2417 2.81183 6.921e-08
2418 2.81183 6.89068e-08
2419 2.81183 6.86049e-08
2420 2.81183 6.83041e-08
2421 2.81183 6.80046e-08
2422 2.81182 6.77063e-08
2423 2.81182 6.74091e-08
2424 2.81182 6.71132e-08
2425 2.81182 6.68184e-08
2426 2.81182 6.65248e-08
2427 2.81182 6.62324e-08
2428 2.81182 6.59412e-08
2429 2.81182 6.56511e-08
2430 2.81182 6.53622e-08
2431 2.81182 6.50745e-08
2432 2.81182 6.47879e-08
2433 2.81182 6.45024e-08
2434 2.81182 6.42181e-08
2435 2.81182 6.3935e-08
2436 2.81182 6.36529e-08
2437 2.81182 6.33721e-08
2438 2.81182 6.30923e-08
2439 2.81182 6.28137e-08
2440 2.81182 6.25361e-08
2441 2.81182 6.22597e-08
2442 2.81182 6.19844e-08
2443 2.81182 6.17103e-08
2444 2.81182 6.14372e-08
2445 2.81182 6.11652e-08
2446 2.81182 6.08943e-08
2447 2.81182 6.06245e-08
2448 2.81182 6.03558e-08
2449 2.81182 6.00881e-08
2450 2.81182 5.98216e-08
2451 2.81182 5.95561e-08
2452 2.81182 5.92916e-08
2453 2.81182 5.90283e-08
2454 2.81182 5.8766e-08
2455 2.81182 5.85047e-08
2456 2.81182 5.82446e-08
2457 2.81182 5.79854e-08
2458 2.81182 5.77273e-08
2459 2.81182 5.74703e-08
2460 2.81182 5.72142e-08
2461 2.81182 5.69592e-08
2462 2.81182 5.67053e-08
2463 2.81182 5.64523e-08
2464 2.81182 5.62004e-08
2465 2.81182 5.59495e-08
2466 2.81182 5.56996e-08
2467 2.81182 5.54507e-08
2468 2.81182 5.52028e-08
2469 2.81182 5.4956e-08
2470 2.81182 5.47101e-08
2471 2.81182 5.44652e-08
2472 2.81182 5.42213e-08
2473 2.81182 5.39784e-08
2474 2.81182 5.37364e-08
2475 2.81182 5.34955e-08
2476 2.81182 5.32555e-08
2477 2.81182 5.30165e-08
2478 2.81182 5.27784e-08
2479 2.81182 5.25413e-08
2480 2.81182 5.23052e-08
2481 2.81182 5.207e-08
2482 2.81181 5.18358e-08
2483 2.81181 5.16025e-08
2484 2.81181 5.13702e-08
2485 2.81181 5.11388e-08
2486 2.81181 5.09083e-08
2487 2.81181 5.06788e-08
2488 2.81181 5.04502e-08
2489 2.81181 5.02225e-08
2490 2.81181 4.99958e-08
2491 2.81181 4.97699e-08
2492 2.81181 4.9545e-08
2493 2.81181 4.9321e-08
2494 2.81181 4.90979e-08
2495 2.81181 4.88757e-08
2496 2.81181 4.86544e-08
2497 2.81181 4.8434e-08
2498 2.81181 4.82145e-08
2499 2.81181 4.79959e-08
2500 2.81181 4.77782e-08
2501 2.81181 4.75614e-08
2502 2.81181 4.73454e-08
2503 2.81181 4.71303e-08
2504 2.81181 4.69161e-08
2505 2.81181 4.67028e-08
2506 2.81181 4.64903e-08
2507 2.81181 4.62787e-08
2508 2.81181 4.60679e-08
2509 2.81181 4.5858e-08
2510 2.81181 4.5649e-08
2511 2.81181 4.54408e-08
2512 2.81181 4.52334e-08
2513 2.81181 4.50269e-08
2514 2.81181 4.48213e-08
2515 2.81181 4.46164e-08
2516 2.81181 4.44124e-08
2517 2.81181 4.42093e-08
2518 2.81181 4.40069e-08
2519 2.81181 4.38054e-08
2520 2.81181 4.36047e-08
2521 2.81181 4.34049e-08
2522 2.81181 4.32058e-08
2523 2.81181 4.30075e-08
2524 2.81181 4.28101e-08
2525 2.81181 4.26135e-08
2526 2.81181 4.24176e-08
2527 2.81181 4.22226e-08
2528 2.81181 4.20284e-08
2529 2.81181 4.18349e-08
2530 2.81181 4.16422e-08
2531 2.81181 4.14504e-08
2532 2.81181 4.12593e-08
2533 2.81181 4.1069e-08
2534 2.81181 4.08794e-08
2535 2.81181 4.06907e-08
2536 2.81181 4.05027e-08
2537 2.81181 4.03155e-08
2538 2.81181 4.0129e-08
2539 2.81181 3.99433e-08
2540 2.81181 3.97584e-08
2541 2.81181 3.95742e-08
2542 2.81181 3.93908e-08
2543 2.81181 3.92081e-08
2544 2.81181 3.90262e-08
2545 2.81181 3.8845e-08
2546 2.81181 3.86645e-08
2547 2.81181 3.84848e-08
2548 2.81181 3.83059e-08
2549 2.81181 3.81276e-08
2550 2.81181 3.79501e-08
2551 2.81181 3.77733e-08
2552 2.81181 3.75973e-08
2553 2.81181 3.7422e-08
2554 2.81181 3.72473e-08
2555 2.81181 3.70734e-08
2556 2.81181 3.69003e-08
2557 2.81181 3.67278e-08
2558 2.81181 3.6556e-08
2559 2.81181 3.6385e-08
2560 2.81181 3.62146e-08
2561 2.81181 3.60449e-08
2562 2.81181 3.5876e-08
2563 2.81181 3.57077e-08
2564 2.8118 3.55401e-08
2565 2.8118 3.53732e-08
2566 2.8118 3.5207e-08
2567 2.8118 3.50415e-08
2568 2.8118 3.48767e-08
2569 2.8118 3.47125e-08
2570 2.8118 3.4549e-08
2571 2.8118 3.43862e-08
2572 2.8118 3.42241e-08
2573 2.8118 3.40626e-08
2574 2.8118 3.39018e-08
2575 2.8118 3.37416e-08
2576 2.8118 3.35821e-08
2577 2.8118 3.34233e-08
2578 2.8118 3.32651e-08
2579 2.8118 3.31076e-08
2580 2.8118 3.29507e-08
2581 2.8118 3.27945e-08
2582 2.8118 3.26389e-08
2583 2.8118 3.24839e-08
2584 2.8118 3.23296e-08
2585 2.8118 3.2176e-08
2586 2.8118 3.20229e-08
2587 2.8118 3.18705e-08
2588 2.8118 3.17187e-08
2589 2.8118 3.15676e-08
2590 2.8118 3.14171e-08
2591 2.8118 3.12672e-08
2592 2.8118 3.11179e-08
2593 2.8118 3.09692e-08
2594 2.8118 3.08212e-08
2595 2.8118 3.06737e-08
2596 2.8118 3.05269e-08
2597 2.8118 3.03807e-08
2598 2.8118 3.02351e-08
2599 2.8118 3.00901e-08
2600 2.8118 2.99456e-08
2601 2.8118 2.98018e-08
2602 2.8118 2.96586e-08
2603 2.8118 2.9516e-08
2604 2.8118 2.93739e-08
2605 2.8118 2.92325e-08
2606 2.8118 2.90916e-08
2607 2.8118 2.89514e-08
2608 2.8118 2.88117e-08
2609 2.8118 2.86726e-08
2610 2.8118 2.8534e-08
2611 2.8118 2.83961e-08
2612 2.8118 2.82587e-08
2613 2.8118 2.81219e-08
2614 2.8118 2.79856e-08
2615 2.8118 2.78499e-08
2616 2.8118 2.77148e-08
2617 2.8118 2.75802e-08
2618 2.8118 2.74463e-08
2619 2.8118 2.73128e-08
2620 2.8118 2.71799e-08
2621 2.8118 2.70476e-08
2622 2.8118 2.69158e-08
2623 2.8118 2.67846e-08
2624 2.8118 2.66539e-08
2625 2.8118 2.65237e-08
2626 2.8118 2.63941e-08
2627 2.8118 2.62651e-08
2628 2.8118 2.61366e-08
2629 2.8118 2.60086e-08
2630 2.8118 2.58811e-08
2631 2.8118 2.57542e-08
2632 2.8118 2.56278e-08
2633 2.8118 2.55019e-08
2634 2.8118 2.53766e-08
2635 2.8118 2.52518e-08
2636 2.8118 2.51275e-08
2637 2.8118 2.50037e-08
2638 2.8118 2.48805e-08
2639 2.8118 2.47577e-08
2640 2.8118 2.46355e-08
2641 2.8118 2.45138e-08
2642 2.8118 2.43926e-08
2643 2.8118 2.42719e-08
2644 2.8118 2.41517e-08
2645 2.8118 2.4032e-08
2646 2.8118 2.39128e-08
2647 2.8118 2.37941e-08
2648 2.8118 2.36759e-08
2649 2.8118 2.35582e-08
2650 2.8118 2.3441e-08
2651 2.8118 2.33243e-08
2652 2.8118 2.3208e-08
2653 2.8118 2.30923e-08
2654 2.8118 2.2977e-08
2655 2.8118 2.28623e-08
2656 2.8118 2.2748e-08
2657 2.8118 2.26342e-08
2658 2.8118 2.25209e-08
2659 2.8118 2.2408e-08
2660 2.8118 2.22956e-08
2661 2.8118 2.21837e-08
2662 2.8118 2.20723e-08
2663 2.8118 2.19613e-08
2664 2.8118 2.18508e-08
2665 2.8118 2.17408e-08
2666 2.8118 2.16312e-08
2667 2.8118 2.15221e-08
2668 2.8118 2.14134e-08
2669 2.8118 2.13052e-08
2670 2.8118 2.11975e-08
2671 2.8118 2.10902e-08
2672 2.8118 2.09834e-08
2673 2.8118 2.0877e-08
2674 2.8118 2.07711e-08
2675 2.8118 2.06656e-08
2676 2.8118 2.05605e-08
2677 2.8118 2.04559e-08
2678 2.8118 2.03518e-08
2679 2.8118 2.02481e-08
2680 2.8118 2.01448e-08
2681 2.8118 2.0042e-08
2682 2.8118 1.99395e-08
2683 2.8118 1.98376e-08
2684 2.8118 1.9736e-08
2685 2.8118 1.96349e-08
2686 2.8118 1.95342e-08
2687 2.8118 1.9434e-08
2688 2.8118 1.93342e-08
2689 2.8118 1.92347e-08
2690 2.8118 1.91357e-08
2691 2.8118 1.90372e-08
2692 2.8118 1.8939e-08
2693 2.8118 1.88413e-08
2694 2.8118 1.8744e-08
2695 2.8118 1.86471e-08
2696 2.8118 1.85506e-08
2697 2.8118 1.84545e-08
2698 2.8118 1.83588e-08
2699 2.8118 1.82635e-08
2700 2.8118 1.81687e-08
2701 2.81179 1.80742e-08
2702 2.81179 1.79801e-08
2703 2.81179 1.78865e-08
2704 2.81179 1.77932e-08
2705 2.81179 1.77004e-08
2706 2.81179 1.76079e-08
2707 2.81179 1.75158e-08
2708 2.81179 1.74241e-08
2709 2.81179 1.73328e-08
2710 2.81179 1.72419e-08
2711 2.81179 1.71514e-08
2712 2.81179 1.70613e-08
2713 2.81179 1.69715e-08
2714 2.81179 1.68822e-08
2715 2.81179 1.67932e-08
2716 2.81179 1.67046e-08
2717 2.81179 1.66164e-08
2718 2.81179 1.65285e-08
2719 2.81179 1.6441e-08
2720 2.81179 1.6354e-08
2721 2.81179 1.62672e-08
2722 2.81179 1.61809e-08
2723 2.81179 1.60949e-08
2724 2.81179 1.60093e-08
2725 2.81179 1.5924e-08
2726 2.81179 1.58391e-08
2727 2.81179 1.57546e-08
2728 2.81179 1.56705e-08
2729 2.81179 1.55867e-08
2730 2.81179 1.55032e-08
2731 2.81179 1.54202e-08
2732 2.81179 1.53374e-08
2733 2.81179 1.52551e-08
2734 2.81179 1.51731e-08
2735 2.81179 1.50914e-08
2736 2.81179 1.50101e-08
2737 2.81179 1.49291e-08
2738 2.81179 1.48485e-08
2739 2.81179 1.47682e-08
2740 2.81179 1.46883e-08
2741 2.81179 1.46088e-08
2742 2.81179 1.45295e-08
2743 2.81179 1.44506e-08
2744 2.81179 1.43721e-08
2745 2.81179 1.42939e-08
2746 2.81179 1.4216e-08
2747 2.81179 1.41384e-08
2748 2.81179 1.40612e-08
2749 2.81179 1.39844e-08
2750 2.81179 1.39078e-08
2751 2.81179 1.38316e-08
2752 2.81179 1.37557e-08
2753 2.81179 1.36802e-08
2754 2.81179 1.3605e-08
2755 2.81179 1.35301e-08
2756 2.81179 1.34555e-08
2757 2.81179 1.33812e-08
2758 2.81179 1.33073e-08
2759 2.81179 1.32337e-08
2760 2.81179 1.31604e-08
2761 2.81179 1.30874e-08
2762 2.81179 1.30148e-08
2763 2.81179 1.29424e-08
2764 2.81179 1.28704e-08
2765 2.81179 1.27987e-08
2766 2.81179 1.27273e-08
2767 2.81179 1.26562e-08
2768 2.81179 1.25854e-08
2769 2.81179 1.25149e-08
2770 2.81179 1.24447e-08
2771 2.81179 1.23749e-08
2772 2.81179 1.23053e-08
2773 2.81179 1.22361e-08
2774 2.81179 1.21671e-08
2775 2.81179 1.20984e-08
2776 2.81179 1.20301e-08
2777 2.81179 1.1962e-08
2778 2.81179 1.18942e-08
2779 2.81179 1.18268e-08
2780 2.81179 1.17596e-08
2781 2.81179 1.16927e-08
2782 2.81179 1.16261e-08
2783 2.81179 1.15598e-08
2784 2.81179 1.14938e-08
2785 2.81179 1.14281e-08
2786 2.81179 1.13627e-08
2787 2.81179 1.12975e-08
2788 2.81179 1.12327e-08
2789 2.81179 1.11681e-08
2790 2.81179 1.11038e-08
2791 2.81179 1.10398e-08
2792 2.81179 1.09761e-08
2793 2.81179 1.09126e-08
2794 2.81179 1.08494e-08
2795 2.81179 1.07865e-08
2796 2.81179 1.07239e-08
2797 2.81179 1.06616e-08
2798 2.81179 1.05995e-08
2799 2.81179 1.05377e-08
2800 2.81179 1.04762e-08
2801 2.81179 1.04149e-08
2802 2.81179 1.03539e-08
2803 2.81179 1.02932e-08
2804 2.81179 1.02328e-08
2805 2.81179 1.01726e-08
2806 2.81179 1.01127e-08
2807 2.81179 1.0053e-08
2808 2.81179 9.99362e-09
