0 0 295.983
0 0.2 295.983
0 0.4 296.066
0 0.6 296.138
0 0.8 296.2
0 1 296.253
0 1.2 296.295
0 1.4 296.327
0 1.6 296.35
0 1.8 296.363
0 2 296.367
0 2.2 296.361
0 2.4 296.346
0 2.6 296.322
0 2.8 296.289
0 3 296.248
0 3.2 296.199
0 3.4 296.142
0 3.6 296.078
0 3.8 296.007
0 4 295.929
0 4.2 295.845
0 4.4 295.755
0 4.6 295.66
0 4.8 295.56
0 5 295.456
0 5.2 295.348
0 5.4 295.237
0 5.6 295.123
0 5.8 295.006
0 6 294.888
0 6.2 294.768
0 6.4 294.647
0 6.6 294.526
0 6.8 294.404
0 7 294.284
0 7.2 294.164
0 7.4 294.045
0 7.6 293.928
0 7.8 293.812
0 8 293.7
0 8.2 293.589
0 8.4 293.482
0 8.6 293.377
0 8.8 293.276
0 9 293.178
0 9.2 293.084
0 9.4 292.994
0 9.6 292.907
0 9.8 292.824
0 10 292.824
0.2 0 295.983
0.2 0.2 296.075
0.2 0.4 296.158
0.2 0.6 296.23
0.2 0.8 296.293
0.2 1 296.346
0.2 1.2 296.388
0.2 1.4 296.421
0.2 1.6 296.444
0.2 1.8 296.457
0.2 2 296.46
0.2 2.2 296.454
0.2 2.4 296.439
0.2 2.6 296.415
0.2 2.8 296.382
0.2 3 296.341
0.2 3.2 296.292
0.2 3.4 296.235
0.2 3.6 296.17
0.2 3.8 296.099
0.2 4 296.021
0.2 4.2 295.936
0.2 4.4 295.846
0.2 4.6 295.751
0.2 4.8 295.651
0.2 5 295.546
0.2 5.2 295.438
0.2 5.4 295.326
0.2 5.6 295.211
0.2 5.8 295.094
0.2 6 294.975
0.2 6.2 294.855
0.2 6.4 294.734
0.2 6.6 294.612
0.2 6.8 294.49
0.2 7 294.369
0.2 7.2 294.248
0.2 7.4 294.129
0.2 7.6 294.011
0.2 7.8 293.896
0.2 8 293.782
0.2 8.2 293.672
0.2 8.4 293.564
0.2 8.6 293.459
0.2 8.8 293.357
0.2 9 293.259
0.2 9.2 293.164
0.2 9.4 293.074
0.2 9.6 292.986
0.2 9.8 292.903
0.2 10 292.824
0.4 0 296.09
0.4 0.2 296.182
0.4 0.4 296.265
0.4 0.6 296.338
0.4 0.8 296.401
0.4 1 296.453
0.4 1.2 296.496
0.4 1.4 296.529
0.4 1.6 296.551
0.4 1.8 296.564
0.4 2 296.568
0.4 2.2 296.562
0.4 2.4 296.546
0.4 2.6 296.522
0.4 2.8 296.489
0.4 3 296.447
0.4 3.2 296.397
0.4 3.4 296.34
0.4 3.6 296.274
0.4 3.8 296.202
0.4 4 296.123
0.4 4.2 296.038
0.4 4.4 295.947
0.4 4.6 295.851
0.4 4.8 295.75
0.4 5 295.644
0.4 5.2 295.535
0.4 5.4 295.422
0.4 5.6 295.307
0.4 5.8 295.189
0.4 6 295.069
0.4 6.2 294.947
0.4 6.4 294.825
0.4 6.6 294.702
0.4 6.8 294.58
0.4 7 294.458
0.4 7.2 294.336
0.4 7.4 294.216
0.4 7.6 294.098
0.4 7.8 293.981
0.4 8 293.867
0.4 8.2 293.755
0.4 8.4 293.647
0.4 8.6 293.541
0.4 8.8 293.439
0.4 9 293.34
0.4 9.2 293.245
0.4 9.4 293.154
0.4 9.6 293.066
0.4 9.8 292.983
0.4 10 292.903
0.6 0 296.21
0.6 0.2 296.303
0.6 0.4 296.386
0.6 0.6 296.459
0.6 0.8 296.523
0.6 1 296.575
0.6 1.2 296.618
0.6 1.4 296.651
0.6 1.6 296.673
0.6 1.8 296.686
0.6 2 296.689
0.6 2.2 296.682
0.6 2.4 296.666
0.6 2.6 296.641
0.6 2.8 296.608
0.6 3 296.565
0.6 3.2 296.514
0.6 3.4 296.456
0.6 3.6 296.39
0.6 3.8 296.316
0.6 4 296.236
0.6 4.2 296.15
0.6 4.4 296.058
0.6 4.6 295.96
0.6 4.8 295.858
0.6 5 295.751
0.6 5.2 295.64
0.6 5.4 295.526
0.6 5.6 295.408
0.6 5.8 295.289
0.6 6 295.167
0.6 6.2 295.045
0.6 6.4 294.921
0.6 6.6 294.797
0.6 6.8 294.673
0.6 7 294.549
0.6 7.2 294.427
0.6 7.4 294.305
0.6 7.6 294.185
0.6 7.8 294.068
0.6 8 293.953
0.6 8.2 293.84
0.6 8.4 293.73
0.6 8.6 293.624
0.6 8.8 293.521
0.6 9 293.422
0.6 9.2 293.326
0.6 9.4 293.234
0.6 9.6 293.146
0.6 9.8 293.062
0.6 10 292.982
0.8 0 296.345
0.8 0.2 296.438
0.8 0.4 296.522
0.8 0.6 296.595
0.8 0.8 296.659
0.8 1 296.712
0.8 1.2 296.754
0.8 1.4 296.787
0.8 1.6 296.809
0.8 1.8 296.821
0.8 2 296.824
0.8 2.2 296.817
0.8 2.4 296.8
0.8 2.6 296.774
0.8 2.8 296.739
0.8 3 296.696
0.8 3.2 296.644
0.8 3.4 296.584
0.8 3.6 296.516
0.8 3.8 296.441
0.8 4 296.36
0.8 4.2 296.271
0.8 4.4 296.177
0.8 4.6 296.078
0.8 4.8 295.974
0.8 5 295.865
0.8 5.2 295.752
0.8 5.4 295.636
0.8 5.6 295.517
0.8 5.8 295.395
0.8 6 295.272
0.8 6.2 295.147
0.8 6.4 295.021
0.8 6.6 294.895
0.8 6.8 294.769
0.8 7 294.644
0.8 7.2 294.519
0.8 7.4 294.396
0.8 7.6 294.275
0.8 7.8 294.156
0.8 8 294.039
0.8 8.2 293.925
0.8 8.4 293.815
0.8 8.6 293.707
0.8 8.8 293.603
0.8 9 293.503
0.8 9.2 293.406
0.8 9.4 293.314
0.8 9.6 293.225
0.8 9.8 293.141
0.8 10 293.061
1 0 296.494
1 0.2 296.588
1 0.4 296.672
1 0.6 296.746
1 0.8 296.809
1 1 296.862
1 1.2 296.905
1 1.4 296.937
1 1.6 296.959
1 1.8 296.97
1 2 296.972
1 2.2 296.964
1 2.4 296.947
1 2.6 296.92
1 2.8 296.883
1 3 296.838
1 3.2 296.785
1 3.4 296.723
1 3.6 296.654
1 3.8 296.577
1 4 296.493
1 4.2 296.403
1 4.4 296.307
1 4.6 296.205
1 4.8 296.098
1 5 295.987
1 5.2 295.871
1 5.4 295.753
1 5.6 295.631
1 5.8 295.507
1 6 295.381
1 6.2 295.254
1 6.4 295.125
1 6.6 294.997
1 6.8 294.869
1 7 294.741
1 7.2 294.615
1 7.4 294.49
1 7.6 294.366
1 7.8 294.245
1 8 294.127
1 8.2 294.012
1 8.4 293.899
1 8.6 293.79
1 8.8 293.685
1 9 293.584
1 9.2 293.487
1 9.4 293.393
1 9.6 293.304
1 9.8 293.219
1 10 293.139
1.2 0 296.657
1.2 0.2 296.751
1.2 0.4 296.836
1.2 0.6 296.91
1.2 0.8 296.974
1.2 1 297.027
1.2 1.2 297.069
1.2 1.4 297.101
1.2 1.6 297.123
1.2 1.8 297.134
1.2 2 297.135
1.2 2.2 297.126
1.2 2.4 297.107
1.2 2.6 297.078
1.2 2.8 297.041
1.2 3 296.994
1.2 3.2 296.938
1.2 3.4 296.875
1.2 3.6 296.803
1.2 3.8 296.724
1.2 4 296.637
1.2 4.2 296.544
1.2 4.4 296.445
1.2 4.6 296.341
1.2 4.8 296.231
1.2 5 296.117
1.2 5.2 295.998
1.2 5.4 295.876
1.2 5.6 295.752
1.2 5.8 295.624
1.2 6 295.495
1.2 6.2 295.365
1.2 6.4 295.234
1.2 6.6 295.103
1.2 6.8 294.972
1.2 7 294.841
1.2 7.2 294.712
1.2 7.4 294.585
1.2 7.6 294.459
1.2 7.8 294.336
1.2 8 294.215
1.2 8.2 294.098
1.2 8.4 293.984
1.2 8.6 293.874
1.2 8.8 293.767
1.2 9 293.665
1.2 9.2 293.566
1.2 9.4 293.472
1.2 9.6 293.382
1.2 9.8 293.297
1.2 10 293.216
1.4 0 296.835
1.4 0.2 296.93
1.4 0.4 297.015
1.4 0.6 297.09
1.4 0.8 297.154
1.4 1 297.207
1.4 1.2 297.249
1.4 1.4 297.28
1.4 1.6 297.301
1.4 1.8 297.311
1.4 2 297.311
1.4 2.2 297.301
1.4 2.4 297.281
1.4 2.6 297.25
1.4 2.8 297.211
1.4 3 297.162
1.4 3.2 297.104
1.4 3.4 297.038
1.4 3.6 296.964
1.4 3.8 296.882
1.4 4 296.792
1.4 4.2 296.696
1.4 4.4 296.594
1.4 4.6 296.486
1.4 4.8 296.372
1.4 5 296.254
1.4 5.2 296.132
1.4 5.4 296.007
1.4 5.6 295.879
1.4 5.8 295.748
1.4 6 295.615
1.4 6.2 295.481
1.4 6.4 295.347
1.4 6.6 295.212
1.4 6.8 295.078
1.4 7 294.944
1.4 7.2 294.812
1.4 7.4 294.681
1.4 7.6 294.553
1.4 7.8 294.427
1.4 8 294.305
1.4 8.2 294.185
1.4 8.4 294.069
1.4 8.6 293.957
1.4 8.8 293.849
1.4 9 293.745
1.4 9.2 293.645
1.4 9.4 293.55
1.4 9.6 293.46
1.4 9.8 293.374
1.4 10 293.293
1.6 0 297.028
1.6 0.2 297.124
1.6 0.4 297.21
1.6 0.6 297.284
1.6 0.8 297.348
1.6 1 297.401
1.6 1.2 297.443
1.6 1.4 297.474
1.6 1.6 297.494
1.6 1.8 297.503
1.6 2 297.502
1.6 2.2 297.49
1.6 2.4 297.468
1.6 2.6 297.436
1.6 2.8 297.394
1.6 3 297.343
1.6 3.2 297.283
1.6 3.4 297.214
1.6 3.6 297.136
1.6 3.8 297.051
1.6 4 296.958
1.6 4.2 296.858
1.6 4.4 296.752
1.6 4.6 296.64
1.6 4.8 296.523
1.6 5 296.4
1.6 5.2 296.274
1.6 5.4 296.144
1.6 5.6 296.012
1.6 5.8 295.877
1.6 6 295.74
1.6 6.2 295.602
1.6 6.4 295.463
1.6 6.6 295.325
1.6 6.8 295.186
1.6 7 295.049
1.6 7.2 294.914
1.6 7.4 294.78
1.6 7.6 294.648
1.6 7.8 294.52
1.6 8 294.394
1.6 8.2 294.272
1.6 8.4 294.154
1.6 8.6 294.04
1.6 8.8 293.93
1.6 9 293.824
1.6 9.2 293.723
1.6 9.4 293.627
1.6 9.6 293.536
1.6 9.8 293.449
1.6 10 293.368
1.8 0 297.235
1.8 0.2 297.332
1.8 0.4 297.419
1.8 0.6 297.494
1.8 0.8 297.558
1.8 1 297.611
1.8 1.2 297.652
1.8 1.4 297.683
1.8 1.6 297.702
1.8 1.8 297.71
1.8 2 297.707
1.8 2.2 297.694
1.8 2.4 297.67
1.8 2.6 297.636
1.8 2.8 297.591
1.8 3 297.537
1.8 3.2 297.474
1.8 3.4 297.401
1.8 3.6 297.32
1.8 3.8 297.231
1.8 4 297.134
1.8 4.2 297.03
1.8 4.4 296.92
1.8 4.6 296.803
1.8 4.8 296.681
1.8 5 296.554
1.8 5.2 296.423
1.8 5.4 296.289
1.8 5.6 296.151
1.8 5.8 296.011
1.8 6 295.87
1.8 6.2 295.727
1.8 6.4 295.584
1.8 6.6 295.441
1.8 6.8 295.298
1.8 7 295.157
1.8 7.2 295.017
1.8 7.4 294.88
1.8 7.6 294.745
1.8 7.8 294.613
1.8 8 294.484
1.8 8.2 294.359
1.8 8.4 294.238
1.8 8.6 294.122
1.8 8.8 294.01
1.8 9 293.902
1.8 9.2 293.8
1.8 9.4 293.703
1.8 9.6 293.611
1.8 9.8 293.524
1.8 10 293.442
2 0 297.458
2 0.2 297.556
2 0.4 297.643
2 0.6 297.719
2 0.8 297.783
2 1 297.836
2 1.2 297.877
2 1.4 297.907
2 1.6 297.925
2 1.8 297.932
2 2 297.928
2 2.2 297.912
2 2.4 297.886
2 2.6 297.849
2 2.8 297.802
2 3 297.745
2 3.2 297.678
2 3.4 297.602
2 3.6 297.517
2 3.8 297.424
2 4 297.322
2 4.2 297.213
2 4.4 297.098
2 4.6 296.976
2 4.8 296.849
2 5 296.717
2 5.2 296.58
2 5.4 296.44
2 5.6 296.297
2 5.8 296.152
2 6 296.005
2 6.2 295.857
2 6.4 295.708
2 6.6 295.56
2 6.8 295.413
2 7 295.266
2 7.2 295.122
2 7.4 294.98
2 7.6 294.842
2 7.8 294.706
2 8 294.574
2 8.2 294.446
2 8.4 294.322
2 8.6 294.203
2 8.8 294.089
2 9 293.98
2 9.2 293.876
2 9.4 293.777
2 9.6 293.684
2 9.8 293.596
2 10 293.514
2.2 0 297.697
2.2 0.2 297.795
2.2 0.4 297.883
2.2 0.6 297.959
2.2 0.8 298.024
2.2 1 298.076
2.2 1.2 298.117
2.2 1.4 298.146
2.2 1.6 298.163
2.2 1.8 298.169
2.2 2 298.163
2.2 2.2 298.146
2.2 2.4 298.117
2.2 2.6 298.078
2.2 2.8 298.027
2.2 3 297.967
2.2 3.2 297.896
2.2 3.4 297.816
2.2 3.6 297.726
2.2 3.8 297.628
2.2 4 297.521
2.2 4.2 297.407
2.2 4.4 297.286
2.2 4.6 297.159
2.2 4.8 297.025
2.2 5 296.887
2.2 5.2 296.745
2.2 5.4 296.598
2.2 5.6 296.449
2.2 5.8 296.298
2.2 6 296.144
2.2 6.2 295.99
2.2 6.4 295.836
2.2 6.6 295.682
2.2 6.8 295.529
2.2 7 295.378
2.2 7.2 295.229
2.2 7.4 295.082
2.2 7.6 294.939
2.2 7.8 294.799
2.2 8 294.663
2.2 8.2 294.532
2.2 8.4 294.405
2.2 8.6 294.283
2.2 8.8 294.166
2.2 9 294.055
2.2 9.2 293.949
2.2 9.4 293.849
2.2 9.6 293.755
2.2 9.8 293.667
2.2 10 293.585
2.4 0 297.951
2.4 0.2 298.051
2.4 0.4 298.139
2.4 0.6 298.216
2.4 0.8 298.28
2.4 1 298.333
2.4 1.2 298.373
2.4 1.4 298.401
2.4 1.6 298.417
2.4 1.8 298.422
2.4 2 298.414
2.4 2.2 298.394
2.4 2.4 298.363
2.4 2.6 298.321
2.4 2.8 298.267
2.4 3 298.202
2.4 3.2 298.128
2.4 3.4 298.043
2.4 3.6 297.948
2.4 3.8 297.844
2.4 4 297.732
2.4 4.2 297.612
2.4 4.4 297.485
2.4 4.6 297.351
2.4 4.8 297.211
2.4 5 297.066
2.4 5.2 296.917
2.4 5.4 296.763
2.4 5.6 296.607
2.4 5.8 296.449
2.4 6 296.289
2.4 6.2 296.128
2.4 6.4 295.968
2.4 6.6 295.807
2.4 6.8 295.649
2.4 7 295.491
2.4 7.2 295.337
2.4 7.4 295.185
2.4 7.6 295.037
2.4 7.8 294.892
2.4 8 294.752
2.4 8.2 294.617
2.4 8.4 294.486
2.4 8.6 294.361
2.4 8.8 294.242
2.4 9 294.129
2.4 9.2 294.021
2.4 9.4 293.92
2.4 9.6 293.824
2.4 9.8 293.735
2.4 10 293.653
2.6 0 298.221
2.6 0.2 298.322
2.6 0.4 298.411
2.6 0.6 298.488
2.6 0.8 298.553
2.6 1 298.605
2.6 1.2 298.645
2.6 1.4 298.673
2.6 1.6 298.688
2.6 1.8 298.69
2.6 2 298.681
2.6 2.2 298.659
2.6 2.4 298.625
2.6 2.6 298.579
2.6 2.8 298.521
2.6 3 298.453
2.6 3.2 298.373
2.6 3.4 298.283
2.6 3.6 298.183
2.6 3.8 298.073
2.6 4 297.955
2.6 4.2 297.828
2.6 4.4 297.694
2.6 4.6 297.553
2.6 4.8 297.406
2.6 5 297.253
2.6 5.2 297.096
2.6 5.4 296.935
2.6 5.6 296.772
2.6 5.8 296.606
2.6 6 296.438
2.6 6.2 296.27
2.6 6.4 296.102
2.6 6.6 295.935
2.6 6.8 295.77
2.6 7 295.606
2.6 7.2 295.445
2.6 7.4 295.288
2.6 7.6 295.134
2.6 7.8 294.985
2.6 8 294.84
2.6 8.2 294.7
2.6 8.4 294.566
2.6 8.6 294.438
2.6 8.8 294.316
2.6 9 294.2
2.6 9.2 294.09
2.6 9.4 293.987
2.6 9.6 293.891
2.6 9.8 293.801
2.6 10 293.718
2.8 0 298.508
2.8 0.2 298.61
2.8 0.4 298.7
2.8 0.6 298.777
2.8 0.8 298.842
2.8 1 298.895
2.8 1.2 298.934
2.8 1.4 298.961
2.8 1.6 298.975
2.8 1.8 298.976
2.8 2 298.964
2.8 2.2 298.939
2.8 2.4 298.902
2.8 2.6 298.853
2.8 2.8 298.791
2.8 3 298.718
2.8 3.2 298.633
2.8 3.4 298.538
2.8 3.6 298.432
2.8 3.8 298.316
2.8 4 298.19
2.8 4.2 298.056
2.8 4.4 297.914
2.8 4.6 297.765
2.8 4.8 297.61
2.8 5 297.449
2.8 5.2 297.284
2.8 5.4 297.114
2.8 5.6 296.942
2.8 5.8 296.768
2.8 6 296.592
2.8 6.2 296.416
2.8 6.4 296.24
2.8 6.6 296.066
2.8 6.8 295.893
2.8 7 295.722
2.8 7.2 295.555
2.8 7.4 295.391
2.8 7.6 295.231
2.8 7.8 295.076
2.8 8 294.927
2.8 8.2 294.782
2.8 8.4 294.644
2.8 8.6 294.512
2.8 8.8 294.387
2.8 9 294.268
2.8 9.2 294.156
2.8 9.4 294.052
2.8 9.6 293.954
2.8 9.8 293.864
2.8 10 293.781
3 0 298.811
3 0.2 298.914
3 0.4 299.005
3 0.6 299.083
3 0.8 299.149
3 1 299.201
3 1.2 299.24
3 1.4 299.266
3 1.6 299.278
3 1.8 299.278
3 2 299.264
3 2.2 299.237
3 2.4 299.196
3 2.6 299.143
3 2.8 299.077
3 3 298.999
3 3.2 298.909
3 3.4 298.807
3 3.6 298.694
3 3.8 298.571
3 4 298.438
3 4.2 298.296
3 4.4 298.146
3 4.6 297.988
3 4.8 297.824
3 5 297.654
3 5.2 297.479
3 5.4 297.3
3 5.6 297.119
3 5.8 296.935
3 6 296.75
3 6.2 296.565
3 6.4 296.381
3 6.6 296.198
3 6.8 296.017
3 7 295.839
3 7.2 295.664
3 7.4 295.493
3 7.6 295.327
3 7.8 295.166
3 8 295.011
3 8.2 294.862
3 8.4 294.72
3 8.6 294.584
3 8.8 294.455
3 9 294.333
3 9.2 294.219
3 9.4 294.113
3 9.6 294.014
3 9.8 293.923
3 10 293.839
3.2 0 299.131
3.2 0.2 299.235
3.2 0.4 299.328
3.2 0.6 299.406
3.2 0.8 299.472
3.2 1 299.524
3.2 1.2 299.563
3.2 1.4 299.588
3.2 1.6 299.6
3.2 1.8 299.597
3.2 2 299.581
3.2 2.2 299.551
3.2 2.4 299.507
3.2 2.6 299.45
3.2 2.8 299.38
3.2 3 299.296
3.2 3.2 299.2
3.2 3.4 299.091
3.2 3.6 298.971
3.2 3.8 298.84
3.2 4 298.699
3.2 4.2 298.548
3.2 4.4 298.388
3.2 4.6 298.221
3.2 4.8 298.047
3.2 5 297.867
3.2 5.2 297.682
3.2 5.4 297.493
3.2 5.6 297.301
3.2 5.8 297.108
3.2 6 296.913
3.2 6.2 296.718
3.2 6.4 296.524
3.2 6.6 296.332
3.2 6.8 296.142
3.2 7 295.956
3.2 7.2 295.773
3.2 7.4 295.595
3.2 7.6 295.422
3.2 7.8 295.255
3.2 8 295.094
3.2 8.2 294.939
3.2 8.4 294.792
3.2 8.6 294.652
3.2 8.8 294.519
3.2 9 294.395
3.2 9.2 294.278
3.2 9.4 294.169
3.2 9.6 294.069
3.2 9.8 293.977
3.2 10 293.894
3.4 0 299.468
3.4 0.2 299.574
3.4 0.4 299.667
3.4 0.6 299.747
3.4 0.8 299.813
3.4 1 299.866
3.4 1.2 299.904
3.4 1.4 299.929
3.4 1.6 299.939
3.4 1.8 299.935
3.4 2 299.916
3.4 2.2 299.883
3.4 2.4 299.836
3.4 2.6 299.775
3.4 2.8 299.699
3.4 3 299.61
3.4 3.2 299.507
3.4 3.4 299.392
3.4 3.6 299.264
3.4 3.8 299.124
3.4 4 298.973
3.4 4.2 298.813
3.4 4.4 298.643
3.4 4.6 298.465
3.4 4.8 298.28
3.4 5 298.089
3.4 5.2 297.893
3.4 5.4 297.693
3.4 5.6 297.49
3.4 5.8 297.285
3.4 6 297.079
3.4 6.2 296.874
3.4 6.4 296.67
3.4 6.6 296.467
3.4 6.8 296.268
3.4 7 296.072
3.4 7.2 295.881
3.4 7.4 295.695
3.4 7.6 295.515
3.4 7.8 295.34
3.4 8 295.173
3.4 8.2 295.013
3.4 8.4 294.86
3.4 8.6 294.716
3.4 8.8 294.579
3.4 9 294.451
3.4 9.2 294.332
3.4 9.4 294.222
3.4 9.6 294.12
3.4 9.8 294.027
3.4 10 293.944
3.6 0 299.823
3.6 0.2 299.93
3.6 0.4 300.025
3.6 0.6 300.105
3.6 0.8 300.172
3.6 1 300.225
3.6 1.2 300.263
3.6 1.4 300.287
3.6 1.6 300.296
3.6 1.8 300.291
3.6 2 300.27
3.6 2.2 300.234
3.6 2.4 300.183
3.6 2.6 300.118
3.6 2.8 300.037
3.6 3 299.941
3.6 3.2 299.832
3.6 3.4 299.708
3.6 3.6 299.572
3.6 3.8 299.423
3.6 4 299.262
3.6 4.2 299.091
3.6 4.4 298.91
3.6 4.6 298.721
3.6 4.8 298.524
3.6 5 298.32
3.6 5.2 298.112
3.6 5.4 297.899
3.6 5.6 297.684
3.6 5.8 297.467
3.6 6 297.249
3.6 6.2 297.032
3.6 6.4 296.817
3.6 6.6 296.604
3.6 6.8 296.394
3.6 7 296.189
3.6 7.2 295.988
3.6 7.4 295.793
3.6 7.6 295.605
3.6 7.8 295.423
3.6 8 295.249
3.6 8.2 295.083
3.6 8.4 294.925
3.6 8.6 294.775
3.6 8.8 294.635
3.6 9 294.503
3.6 9.2 294.381
3.6 9.4 294.269
3.6 9.6 294.165
3.6 9.8 294.072
3.6 10 293.988
3.8 0 300.196
3.8 0.2 300.305
3.8 0.4 300.4
3.8 0.6 300.482
3.8 0.8 300.55
3.8 1 300.603
3.8 1.2 300.641
3.8 1.4 300.665
3.8 1.6 300.673
3.8 1.8 300.666
3.8 2 300.643
3.8 2.2 300.605
3.8 2.4 300.55
3.8 2.6 300.479
3.8 2.8 300.393
3.8 3 300.291
3.8 3.2 300.174
3.8 3.4 300.042
3.8 3.6 299.896
3.8 3.8 299.737
3.8 4 299.566
3.8 4.2 299.383
3.8 4.4 299.19
3.8 4.6 298.987
3.8 4.8 298.777
3.8 5 298.561
3.8 5.2 298.339
3.8 5.4 298.113
3.8 5.6 297.884
3.8 5.8 297.654
3.8 6 297.423
3.8 6.2 297.193
3.8 6.4 296.966
3.8 6.6 296.741
3.8 6.8 296.52
3.8 7 296.304
3.8 7.2 296.093
3.8 7.4 295.889
3.8 7.6 295.692
3.8 7.8 295.502
3.8 8 295.321
3.8 8.2 295.148
3.8 8.4 294.984
3.8 8.6 294.83
3.8 8.8 294.685
3.8 9 294.55
3.8 9.2 294.424
3.8 9.4 294.31
3.8 9.6 294.205
3.8 9.8 294.111
3.8 10 294.026
4 0 300.586
4 0.2 300.697
4 0.4 300.794
4 0.6 300.877
4 0.8 300.945
4 1 300.999
4 1.2 301.038
4 1.4 301.062
4 1.6 301.069
4 1.8 301.061
4 2 301.036
4 2.2 300.995
4 2.4 300.937
4 2.6 300.861
4 2.8 300.769
4 3 300.66
4 3.2 300.535
4 3.4 300.394
4 3.6 300.238
4 3.8 300.068
4 4 299.885
4 4.2 299.689
4 4.4 299.482
4 4.6 299.266
4 4.8 299.042
4 5 298.81
4 5.2 298.574
4 5.4 298.333
4 5.6 298.089
4 5.8 297.844
4 6 297.6
4 6.2 297.356
4 6.4 297.115
4 6.6 296.878
4 6.8 296.645
4 7 296.417
4 7.2 296.196
4 7.4 295.981
4 7.6 295.775
4 7.8 295.577
4 8 295.388
4 8.2 295.208
4 8.4 295.038
4 8.6 294.878
4 8.8 294.728
4 9 294.589
4 9.2 294.461
4 9.4 294.344
4 9.6 294.238
4 9.8 294.142
4 10 294.058
4.2 0 300.995
4.2 0.2 301.107
4.2 0.4 301.206
4.2 0.6 301.29
4.2 0.8 301.36
4.2 1 301.415
4.2 1.2 301.455
4.2 1.4 301.479
4.2 1.6 301.486
4.2 1.8 301.477
4.2 2 301.45
4.2 2.2 301.406
4.2 2.4 301.344
4.2 2.6 301.264
4.2 2.8 301.166
4.2 3 301.05
4.2 3.2 300.916
4.2 3.4 300.766
4.2 3.6 300.599
4.2 3.8 300.416
4.2 4 300.22
4.2 4.2 300.01
4.2 4.4 299.789
4.2 4.6 299.557
4.2 4.8 299.317
4.2 5 299.07
4.2 5.2 298.817
4.2 5.4 298.559
4.2 5.6 298.3
4.2 5.8 298.039
4.2 6 297.779
4.2 6.2 297.521
4.2 6.4 297.265
4.2 6.6 297.014
4.2 6.8 296.768
4.2 7 296.528
4.2 7.2 296.295
4.2 7.4 296.07
4.2 7.6 295.854
4.2 7.8 295.646
4.2 8 295.449
4.2 8.2 295.262
4.2 8.4 295.085
4.2 8.6 294.92
4.2 8.8 294.765
4.2 9 294.622
4.2 9.2 294.491
4.2 9.4 294.371
4.2 9.6 294.263
4.2 9.8 294.167
4.2 10 294.082
4.4 0 301.422
4.4 0.2 301.536
4.4 0.4 301.636
4.4 0.6 301.722
4.4 0.8 301.794
4.4 1 301.85
4.4 1.2 301.891
4.4 1.4 301.916
4.4 1.6 301.924
4.4 1.8 301.914
4.4 2 301.886
4.4 2.2 301.84
4.4 2.4 301.774
4.4 2.6 301.689
4.4 2.8 301.585
4.4 3 301.461
4.4 3.2 301.319
4.4 3.4 301.157
4.4 3.6 300.979
4.4 3.8 300.783
4.4 4 300.572
4.4 4.2 300.347
4.4 4.4 300.11
4.4 4.6 299.861
4.4 4.8 299.604
4.4 5 299.338
4.4 5.2 299.067
4.4 5.4 298.793
4.4 5.6 298.515
4.4 5.8 298.238
4.4 6 297.961
4.4 6.2 297.686
4.4 6.4 297.415
4.4 6.6 297.149
4.4 6.8 296.888
4.4 7 296.635
4.4 7.2 296.39
4.4 7.4 296.154
4.4 7.6 295.927
4.4 7.8 295.71
4.4 8 295.504
4.4 8.2 295.309
4.4 8.4 295.125
4.4 8.6 294.954
4.4 8.8 294.794
4.4 9 294.647
4.4 9.2 294.512
4.4 9.4 294.39
4.4 9.6 294.28
4.4 9.8 294.183
4.4 10 294.099
4.6 0 301.868
4.6 0.2 301.983
4.6 0.4 302.085
4.6 0.6 302.174
4.6 0.8 302.247
4.6 1 302.306
4.6 1.2 302.348
4.6 1.4 302.374
4.6 1.6 302.383
4.6 1.8 302.374
4.6 2 302.345
4.6 2.2 302.297
4.6 2.4 302.228
4.6 2.6 302.138
4.6 2.8 302.028
4.6 3 301.896
4.6 3.2 301.743
4.6 3.4 301.571
4.6 3.6 301.379
4.6 3.8 301.169
4.6 4 300.943
4.6 4.2 300.701
4.6 4.4 300.445
4.6 4.6 300.178
4.6 4.8 299.901
4.6 5 299.617
4.6 5.2 299.326
4.6 5.4 299.032
4.6 5.6 298.736
4.6 5.8 298.439
4.6 6 298.144
4.6 6.2 297.851
4.6 6.4 297.563
4.6 6.6 297.281
4.6 6.8 297.006
4.6 7 296.739
4.6 7.2 296.48
4.6 7.4 296.232
4.6 7.6 295.993
4.6 7.8 295.766
4.6 8 295.551
4.6 8.2 295.348
4.6 8.4 295.157
4.6 8.6 294.979
4.6 8.8 294.814
4.6 9 294.663
4.6 9.2 294.524
4.6 9.4 294.399
4.6 9.6 294.288
4.6 9.8 294.19
4.6 10 294.106
4.8 0 302.331
4.8 0.2 302.448
4.8 0.4 302.553
4.8 0.6 302.643
4.8 0.8 302.72
4.8 1 302.781
4.8 1.2 302.826
4.8 1.4 302.855
4.8 1.6 302.865
4.8 1.8 302.856
4.8 2 302.828
4.8 2.2 302.778
4.8 2.4 302.706
4.8 2.6 302.612
4.8 2.8 302.495
4.8 3 302.355
4.8 3.2 302.193
4.8 3.4 302.008
4.8 3.6 301.802
4.8 3.8 301.577
4.8 4 301.333
4.8 4.2 301.072
4.8 4.4 300.797
4.8 4.6 300.509
4.8 4.8 300.211
4.8 5 299.905
4.8 5.2 299.593
4.8 5.4 299.277
4.8 5.6 298.96
4.8 5.8 298.643
4.8 6 298.328
4.8 6.2 298.016
4.8 6.4 297.71
4.8 6.6 297.411
4.8 6.8 297.119
4.8 7 296.837
4.8 7.2 296.564
4.8 7.4 296.303
4.8 7.6 296.053
4.8 7.8 295.815
4.8 8 295.59
4.8 8.2 295.378
4.8 8.4 295.18
4.8 8.6 294.995
4.8 8.8 294.825
4.8 9 294.669
4.8 9.2 294.527
4.8 9.4 294.399
4.8 9.6 294.286
4.8 9.8 294.187
4.8 10 294.103
5 0 302.812
5 0.2 302.931
5 0.4 303.038
5 0.6 303.132
5 0.8 303.211
5 1 303.276
5 1.2 303.325
5 1.4 303.357
5 1.6 303.37
5 1.8 303.364
5 2 303.336
5 2.2 303.285
5 2.4 303.212
5 2.6 303.113
5 2.8 302.99
5 3 302.841
5 3.2 302.668
5 3.4 302.47
5 3.6 302.249
5 3.8 302.006
5 4 301.743
5 4.2 301.462
5 4.4 301.165
5 4.6 300.855
5 4.8 300.533
5 5 300.203
5 5.2 299.868
5 5.4 299.529
5 5.6 299.188
5 5.8 298.849
5 6 298.512
5 6.2 298.18
5 6.4 297.854
5 6.6 297.536
5 6.8 297.227
5 7 296.929
5 7.2 296.641
5 7.4 296.366
5 7.6 296.103
5 7.8 295.854
5 8 295.619
5 8.2 295.398
5 8.4 295.192
5 8.6 295.001
5 8.8 294.825
5 9 294.664
5 9.2 294.518
5 9.4 294.388
5 9.6 294.273
5 9.8 294.173
5 10 294.089
5.2 0 303.31
5.2 0.2 303.432
5.2 0.4 303.541
5.2 0.6 303.638
5.2 0.8 303.722
5.2 1 303.792
5.2 1.2 303.845
5.2 1.4 303.882
5.2 1.6 303.899
5.2 1.8 303.896
5.2 2 303.87
5.2 2.2 303.821
5.2 2.4 303.746
5.2 2.6 303.644
5.2 2.8 303.514
5.2 3 303.357
5.2 3.2 303.172
5.2 3.4 302.96
5.2 3.6 302.722
5.2 3.8 302.46
5.2 4 302.176
5.2 4.2 301.872
5.2 4.4 301.55
5.2 4.6 301.215
5.2 4.8 300.868
5.2 5 300.512
5.2 5.2 300.15
5.2 5.4 299.785
5.2 5.6 299.419
5.2 5.8 299.055
5.2 6 298.695
5.2 6.2 298.341
5.2 6.4 297.994
5.2 6.6 297.656
5.2 6.8 297.329
5.2 7 297.013
5.2 7.2 296.71
5.2 7.4 296.42
5.2 7.6 296.144
5.2 7.8 295.883
5.2 8 295.638
5.2 8.2 295.408
5.2 8.4 295.193
5.2 8.6 294.995
5.2 8.8 294.813
5.2 9 294.647
5.2 9.2 294.498
5.2 9.4 294.365
5.2 9.6 294.248
5.2 9.8 294.148
5.2 10 294.063
5.4 0 303.825
5.4 0.2 303.948
5.4 0.4 304.061
5.4 0.6 304.163
5.4 0.8 304.252
5.4 1 304.327
5.4 1.2 304.387
5.4 1.4 304.43
5.4 1.6 304.453
5.4 1.8 304.455
5.4 2 304.434
5.4 2.2 304.386
5.4 2.4 304.31
5.4 2.6 304.205
5.4 2.8 304.07
5.4 3 303.904
5.4 3.2 303.707
5.4 3.4 303.48
5.4 3.6 303.223
5.4 3.8 302.94
5.4 4 302.632
5.4 4.2 302.303
5.4 4.4 301.954
5.4 4.6 301.591
5.4 4.8 301.215
5.4 5 300.83
5.4 5.2 300.439
5.4 5.4 300.046
5.4 5.6 299.653
5.4 5.8 299.262
5.4 6 298.877
5.4 6.2 298.498
5.4 6.4 298.129
5.4 6.6 297.77
5.4 6.8 297.423
5.4 7 297.089
5.4 7.2 296.769
5.4 7.4 296.464
5.4 7.6 296.174
5.4 7.8 295.901
5.4 8 295.644
5.4 8.2 295.405
5.4 8.4 295.182
5.4 8.6 294.977
5.4 8.8 294.789
5.4 9 294.618
5.4 9.2 294.465
5.4 9.4 294.329
5.4 9.6 294.21
5.4 9.8 294.109
5.4 10 294.025
5.6 0 304.355
5.6 0.2 304.48
5.6 0.4 304.597
5.6 0.6 304.704
5.6 0.8 304.799
5.6 1 304.882
5.6 1.2 304.95
5.6 1.4 305.001
5.6 1.6 305.033
5.6 1.8 305.042
5.6 2 305.027
5.6 2.2 304.983
5.6 2.4 304.909
5.6 2.6 304.802
5.6 2.8 304.661
5.6 3 304.486
5.6 3.2 304.276
5.6 3.4 304.032
5.6 3.6 303.756
5.6 3.8 303.449
5.6 4 303.115
5.6 4.2 302.757
5.6 4.4 302.378
5.6 4.6 301.983
5.6 4.8 301.574
5.6 5 301.157
5.6 5.2 300.735
5.6 5.4 300.31
5.6 5.6 299.887
5.6 5.8 299.468
5.6 6 299.055
5.6 6.2 298.65
5.6 6.4 298.257
5.6 6.6 297.875
5.6 6.8 297.507
5.6 7 297.154
5.6 7.2 296.816
5.6 7.4 296.495
5.6 7.6 296.192
5.6 7.8 295.906
5.6 8 295.638
5.6 8.2 295.388
5.6 8.4 295.157
5.6 8.6 294.944
5.6 8.8 294.75
5.6 9 294.575
5.6 9.2 294.418
5.6 9.4 294.279
5.6 9.6 294.159
5.6 9.8 294.057
5.6 10 293.973
5.8 0 304.899
5.8 0.2 305.026
5.8 0.4 305.147
5.8 0.6 305.26
5.8 0.8 305.363
5.8 1 305.455
5.8 1.2 305.534
5.8 1.4 305.597
5.8 1.6 305.639
5.8 1.8 305.659
5.8 2 305.652
5.8 2.2 305.615
5.8 2.4 305.544
5.8 2.6 305.437
5.8 2.8 305.292
5.8 3 305.107
5.8 3.2 304.884
5.8 3.4 304.622
5.8 3.6 304.323
5.8 3.8 303.99
5.8 4 303.626
5.8 4.2 303.235
5.8 4.4 302.822
5.8 4.6 302.391
5.8 4.8 301.947
5.8 5 301.494
5.8 5.2 301.036
5.8 5.4 300.578
5.8 5.6 300.122
5.8 5.8 299.671
5.8 6 299.228
5.8 6.2 298.796
5.8 6.4 298.376
5.8 6.6 297.971
5.8 6.8 297.58
5.8 7 297.207
5.8 7.2 296.851
5.8 7.4 296.513
5.8 7.6 296.195
5.8 7.8 295.896
5.8 8 295.616
5.8 8.2 295.357
5.8 8.4 295.117
5.8 8.6 294.897
5.8 8.8 294.697
5.8 9 294.517
5.8 9.2 294.356
5.8 9.4 294.215
5.8 9.6 294.093
5.8 9.8 293.99
5.8 10 293.906
6 0 305.454
6 0.2 305.584
6 0.4 305.709
6 0.6 305.83
6 0.8 305.943
6 1 306.047
6 1.2 306.139
6 1.4 306.216
6 1.6 306.273
6 1.8 306.307
6 2 306.312
6 2.2 306.284
6 2.4 306.219
6 2.6 306.114
6 2.8 305.965
6 3 305.772
6 3.2 305.534
6 3.4 305.252
6 3.6 304.928
6 3.8 304.565
6 4 304.167
6 4.2 303.74
6 4.4 303.288
6 4.6 302.817
6 4.8 302.333
6 5 301.84
6 5.2 301.343
6 5.4 300.847
6 5.6 300.354
6 5.8 299.87
6 6 299.395
6 6.2 298.933
6 6.4 298.485
6 6.6 298.054
6 6.8 297.641
6 7 297.246
6 7.2 296.871
6 7.4 296.516
6 7.6 296.182
6 7.8 295.87
6 8 295.579
6 8.2 295.309
6 8.4 295.06
6 8.6 294.833
6 8.8 294.627
6 9 294.442
6 9.2 294.278
6 9.4 294.134
6 9.6 294.011
6 9.8 293.907
6 10 293.824
6.2 0 306.018
6.2 0.2 306.15
6.2 0.4 306.282
6.2 0.6 306.411
6.2 0.8 306.536
6.2 1 306.655
6.2 1.2 306.763
6.2 1.4 306.859
6.2 1.6 306.935
6.2 1.8 306.987
6.2 2 307.009
6.2 2.2 306.995
6.2 2.4 306.939
6.2 2.6 306.838
6.2 2.8 306.687
6.2 3 306.486
6.2 3.2 306.232
6.2 3.4 305.928
6.2 3.6 305.576
6.2 3.8 305.179
6.2 4 304.743
6.2 4.2 304.273
6.2 4.4 303.777
6.2 4.6 303.261
6.2 4.8 302.731
6.2 5 302.193
6.2 5.2 301.653
6.2 5.4 301.115
6.2 5.6 300.584
6.2 5.8 300.062
6.2 6 299.553
6.2 6.2 299.059
6.2 6.4 298.582
6.2 6.6 298.124
6.2 6.8 297.686
6.2 7 297.269
6.2 7.2 296.874
6.2 7.4 296.502
6.2 7.6 296.152
6.2 7.8 295.826
6.2 8 295.523
6.2 8.2 295.243
6.2 8.4 294.986
6.2 8.6 294.752
6.2 8.8 294.54
6.2 9 294.351
6.2 9.2 294.183
6.2 9.4 294.037
6.2 9.6 293.912
6.2 9.8 293.808
6.2 10 293.725
6.4 0 306.588
6.4 0.2 306.723
6.4 0.4 306.861
6.4 0.6 307
6.4 0.8 307.139
6.4 1 307.276
6.4 1.2 307.406
6.4 1.4 307.524
6.4 1.6 307.625
6.4 1.8 307.701
6.4 2 307.746
6.4 2.2 307.751
6.4 2.4 307.709
6.4 2.6 307.615
6.4 2.8 307.465
6.4 3 307.255
6.4 3.2 306.985
6.4 3.4 306.657
6.4 3.6 306.272
6.4 3.8 305.836
6.4 4 305.356
6.4 4.2 304.838
6.4 4.4 304.29
6.4 4.6 303.722
6.4 4.8 303.141
6.4 5 302.553
6.4 5.2 301.964
6.4 5.4 301.381
6.4 5.6 300.807
6.4 5.8 300.245
6.4 6 299.699
6.4 6.2 299.172
6.4 6.4 298.664
6.4 6.6 298.177
6.4 6.8 297.714
6.4 7 297.274
6.4 7.2 296.858
6.4 7.4 296.468
6.4 7.6 296.103
6.4 7.8 295.762
6.4 8 295.448
6.4 8.2 295.158
6.4 8.4 294.892
6.4 8.6 294.651
6.4 8.8 294.434
6.4 9 294.24
6.4 9.2 294.07
6.4 9.4 293.921
6.4 9.6 293.795
6.4 9.8 293.691
6.4 10 293.609
6.6 0 307.16
6.6 0.2 307.297
6.6 0.4 307.442
6.6 0.6 307.594
6.6 0.8 307.75
6.6 1 307.908
6.6 1.2 308.064
6.6 1.4 308.212
6.6 1.6 308.344
6.6 1.8 308.452
6.6 2 308.526
6.6 2.2 308.557
6.6 2.4 308.536
6.6 2.6 308.454
6.6 2.8 308.306
6.6 3 308.089
6.6 3.2 307.802
6.6 3.4 307.445
6.6 3.6 307.024
6.6 3.8 306.542
6.6 4 306.01
6.6 4.2 305.435
6.6 4.4 304.829
6.6 4.6 304.201
6.6 4.8 303.561
6.6 5 302.916
6.6 5.2 302.275
6.6 5.4 301.642
6.6 5.6 301.021
6.6 5.8 300.417
6.6 6 299.832
6.6 6.2 299.268
6.6 6.4 298.727
6.6 6.6 298.211
6.6 6.8 297.721
6.6 7 297.258
6.6 7.2 296.821
6.6 7.4 296.412
6.6 7.6 296.031
6.6 7.8 295.677
6.6 8 295.351
6.6 8.2 295.051
6.6 8.4 294.778
6.6 8.6 294.53
6.6 8.8 294.308
6.6 9 294.111
6.6 9.2 293.937
6.6 9.4 293.787
6.6 9.6 293.66
6.6 9.8 293.556
6.6 10 293.474
6.8 0 307.728
6.8 0.2 307.867
6.8 0.4 308.021
6.8 0.6 308.186
6.8 0.8 308.363
6.8 1 308.548
6.8 1.2 308.735
6.8 1.4 308.919
6.8 1.6 309.091
6.8 1.8 309.241
6.8 2 309.355
6.8 2.2 309.421
6.8 2.4 309.426
6.8 2.6 309.362
6.8 2.8 309.22
6.8 3 308.997
6.8 3.2 308.691
6.8 3.4 308.303
6.8 3.6 307.839
6.8 3.8 307.304
6.8 4 306.71
6.8 4.2 306.068
6.8 4.4 305.392
6.8 4.6 304.695
6.8 4.8 303.989
6.8 5 303.281
6.8 5.2 302.581
6.8 5.4 301.894
6.8 5.6 301.223
6.8 5.8 300.573
6.8 6 299.946
6.8 6.2 299.345
6.8 6.4 298.77
6.8 6.6 298.223
6.8 6.8 297.706
6.8 7 297.218
6.8 7.2 296.76
6.8 7.4 296.333
6.8 7.6 295.935
6.8 7.8 295.568
6.8 8 295.23
6.8 8.2 294.921
6.8 8.4 294.641
6.8 8.6 294.387
6.8 8.8 294.161
6.8 9 293.96
6.8 9.2 293.785
6.8 9.4 293.633
6.8 9.6 293.506
6.8 9.8 293.401
6.8 10 293.32
7 0 308.287
7 0.2 308.429
7 0.4 308.591
7 0.6 308.773
7 0.8 308.973
7 1 309.188
7 1.2 309.413
7 1.4 309.643
7 1.6 309.865
7 1.8 310.069
7 2 310.236
7 2.2 310.349
7 2.4 310.392
7 2.6 310.352
7 2.8 310.22
7 3 309.992
7 3.2 309.666
7 3.4 309.243
7 3.6 308.728
7 3.8 308.13
7 4 307.461
7 4.2 306.739
7 4.4 305.981
7 4.6 305.204
7 4.8 304.421
7 5 303.643
7 5.2 302.878
7 5.4 302.132
7 5.6 301.408
7 5.8 300.71
7 6 300.039
7 6.2 299.398
7 6.4 298.788
7 6.6 298.21
7 6.8 297.664
7 7 297.152
7 7.2 296.672
7 7.4 296.226
7 7.6 295.813
7 7.8 295.433
7 8 295.084
7 8.2 294.767
7 8.4 294.479
7 8.6 294.221
7 8.8 293.991
7 9 293.788
7 9.2 293.611
7 9.4 293.459
7 9.6 293.331
7 9.8 293.227
7 10 293.146
7.2 0 308.83
7.2 0.2 308.974
7.2 0.4 309.146
7.2 0.6 309.345
7.2 0.8 309.572
7.2 1 309.822
7.2 1.2 310.092
7.2 1.4 310.376
7.2 1.6 310.663
7.2 1.8 310.937
7.2 2 311.174
7.2 2.2 311.351
7.2 2.4 311.444
7.2 2.6 311.437
7.2 2.8 311.321
7.2 3 311.089
7.2 3.2 310.741
7.2 3.4 310.278
7.2 3.6 309.704
7.2 3.8 309.03
7.2 4 308.271
7.2 4.2 307.45
7.2 4.4 306.593
7.2 4.6 305.721
7.2 4.8 304.852
7.2 5 303.996
7.2 5.2 303.161
7.2 5.4 302.352
7.2 5.6 301.572
7.2 5.8 300.823
7.2 6 300.107
7.2 6.2 299.425
7.2 6.4 298.778
7.2 6.6 298.167
7.2 6.8 297.593
7.2 7 297.055
7.2 7.2 296.555
7.2 7.4 296.09
7.2 7.6 295.662
7.2 7.8 295.269
7.2 8 294.911
7.2 8.2 294.585
7.2 8.4 294.292
7.2 8.6 294.03
7.2 8.8 293.797
7.2 9 293.593
7.2 9.2 293.415
7.2 9.4 293.263
7.2 9.6 293.136
7.2 9.8 293.032
7.2 10 292.952
7.4 0 309.35
7.4 0.2 309.495
7.4 0.4 309.677
7.4 0.6 309.896
7.4 0.8 310.15
7.4 1 310.44
7.4 1.2 310.762
7.4 1.4 311.112
7.4 1.6 311.479
7.4 1.8 311.845
7.4 2 312.179
7.4 2.2 312.441
7.4 2.4 312.6
7.4 2.6 312.636
7.4 2.8 312.541
7.4 3 312.308
7.4 3.2 311.937
7.4 3.4 311.427
7.4 3.6 310.784
7.4 3.8 310.018
7.4 4 309.147
7.4 4.2 308.202
7.4 4.4 307.222
7.4 4.6 306.24
7.4 4.8 305.273
7.4 5 304.332
7.4 5.2 303.422
7.4 5.4 302.547
7.4 5.6 301.708
7.4 5.8 300.906
7.4 6 300.143
7.4 6.2 299.419
7.4 6.4 298.735
7.4 6.6 298.091
7.4 6.8 297.488
7.4 7 296.926
7.4 7.2 296.404
7.4 7.4 295.922
7.4 7.6 295.479
7.4 7.8 295.074
7.4 8 294.707
7.4 8.2 294.375
7.4 8.4 294.078
7.4 8.6 293.813
7.4 8.8 293.579
7.4 9 293.374
7.4 9.2 293.197
7.4 9.4 293.046
7.4 9.6 292.919
7.4 9.8 292.817
7.4 10 292.738
7.6 0 309.837
7.6 0.2 309.984
7.6 0.4 310.177
7.6 0.6 310.415
7.6 0.8 310.698
7.6 1 311.03
7.6 1.2 311.408
7.6 1.4 311.834
7.6 1.6 312.3
7.6 1.8 312.789
7.6 2 313.261
7.6 2.2 313.639
7.6 2.4 313.882
7.6 2.6 313.973
7.6 2.8 313.903
7.6 3 313.671
7.6 3.2 313.274
7.6 3.4 312.714
7.6 3.6 311.993
7.6 3.8 311.116
7.6 4 310.102
7.6 4.2 308.991
7.6 4.4 307.86
7.6 4.6 306.747
7.6 4.8 305.672
7.6 5 304.639
7.6 5.2 303.652
7.6 5.4 302.708
7.6 5.6 301.81
7.6 5.8 300.955
7.6 6 300.144
7.6 6.2 299.377
7.6 6.4 298.656
7.6 6.6 297.979
7.6 6.8 297.346
7.6 7 296.759
7.6 7.2 296.216
7.6 7.4 295.717
7.6 7.6 295.261
7.6 7.8 294.846
7.6 8 294.471
7.6 8.2 294.134
7.6 8.4 293.834
7.6 8.6 293.568
7.6 8.8 293.334
7.6 9 293.131
7.6 9.2 292.956
7.6 9.4 292.807
7.6 9.6 292.682
7.6 9.8 292.582
7.6 10 292.504
7.8 0 310.284
7.8 0.2 310.433
7.8 0.4 310.635
7.8 0.6 310.891
7.8 0.8 311.203
7.8 1 311.575
7.8 1.2 312.012
7.8 1.4 312.52
7.8 1.6 313.102
7.8 1.8 313.754
7.8 2 314.437
7.8 2.2 314.972
7.8 2.4 315.318
7.8 2.6 315.469
7.8 2.8 315.428
7.8 3 315.197
7.8 3.2 314.776
7.8 3.4 314.163
7.8 3.6 313.356
7.8 3.8 312.351
7.8 4 311.154
7.8 4.2 309.805
7.8 4.4 308.481
7.8 4.6 307.222
7.8 4.8 306.032
7.8 5 304.906
7.8 5.2 303.841
7.8 5.4 302.83
7.8 5.6 301.871
7.8 5.8 300.963
7.8 6 300.104
7.8 6.2 299.295
7.8 6.4 298.535
7.8 6.6 297.824
7.8 6.8 297.163
7.8 7 296.552
7.8 7.2 295.988
7.8 7.4 295.473
7.8 7.6 295.004
7.8 7.8 294.58
7.8 8 294.199
7.8 8.2 293.859
7.8 8.4 293.558
7.8 8.6 293.294
7.8 8.8 293.063
7.8 9 292.863
7.8 9.2 292.692
7.8 9.4 292.546
7.8 9.6 292.425
7.8 9.8 292.326
7.8 10 292.249
8 0 310.683
8 0.2 310.834
8 0.4 311.044
8 0.6 311.316
8 0.8 311.653
8 1 312.061
8 1.2 312.55
8 1.4 313.135
8 1.6 313.837
8 1.8 314.688
8 2 315.777
8 2.2 316.505
8 2.4 316.959
8 2.6 317.17
8 2.8 317.155
8 3 316.925
8 3.2 316.48
8 3.4 315.818
8 3.6 314.928
8 3.8 313.791
8 4 312.375
8 4.2 310.593
8 4.4 309.041
8 4.6 307.631
8 4.8 306.331
8 5 305.118
8 5.2 303.978
8 5.4 302.903
8 5.6 301.886
8 5.8 300.925
8 6 300.018
8 6.2 299.166
8 6.4 298.367
8 6.6 297.623
8 6.8 296.934
8 7 296.298
8 7.2 295.716
8 7.4 295.186
8 7.6 294.706
8 7.8 294.275
8 8 293.89
8 8.2 293.549
8 8.4 293.25
8 8.6 292.989
8 8.8 292.763
8 9 292.569
8 9.2 292.404
8 9.4 292.265
8 9.6 292.148
8 9.8 292.052
8 10 291.976
8.2 0 311.028
8.2 0.2 311.18
8.2 0.4 311.396
8.2 0.6 311.68
8.2 0.8 312.035
8.2 1 312.469
8.2 1.2 312.997
8.2 1.4 313.638
8.2 1.6 314.424
8.2 1.8 315.402
8.2 2 316.662
8.2 2.2 317.512
8.2 2.4 318.041
8.2 2.6 318.293
8.2 2.8 318.296
8.2 3 318.063
8.2 3.2 317.599
8.2 3.4 316.898
8.2 3.6 315.944
8.2 3.8 314.709
8.2 4 313.147
8.2 4.2 311.166
8.2 4.4 309.46
8.2 4.6 307.936
8.2 4.8 306.546
8.2 5 305.259
8.2 5.2 304.055
8.2 5.4 302.92
8.2 5.6 301.849
8.2 5.8 300.836
8.2 6 299.882
8.2 6.2 298.986
8.2 6.4 298.149
8.2 6.6 297.372
8.2 6.8 296.654
8.2 7 295.995
8.2 7.2 295.395
8.2 7.4 294.851
8.2 7.6 294.362
8.2 7.8 293.926
8.2 8 293.539
8.2 8.2 293.2
8.2 8.4 292.905
8.2 8.6 292.651
8.2 8.8 292.434
8.2 9 292.25
8.2 9.2 292.094
8.2 9.4 291.963
8.2 9.6 291.853
8.2 9.8 291.761
8.2 10 291.686
8.4 0 311.312
8.4 0.2 311.466
8.4 0.4 311.686
8.4 0.6 311.976
8.4 0.8 312.341
8.4 1 312.789
8.4 1.2 313.334
8.4 1.4 314
8.4 1.6 314.82
8.4 1.8 315.843
8.4 2 317.159
8.4 2.2 318.051
8.4 2.4 318.607
8.4 2.6 318.873
8.4 2.8 318.878
8.4 3 318.64
8.4 3.2 318.162
8.4 3.4 317.437
8.4 3.6 316.448
8.4 3.8 315.164
8.4 4 313.537
8.4 4.2 311.476
8.4 4.4 309.697
8.4 4.6 308.109
8.4 4.8 306.662
8.4 5 305.321
8.4 5.2 304.065
8.4 5.4 302.878
8.4 5.6 301.755
8.4 5.8 300.693
8.4 6 299.691
8.4 6.2 298.751
8.4 6.4 297.874
8.4 6.6 297.063
8.4 6.8 296.318
8.4 7 295.637
8.4 7.2 295.02
8.4 7.4 294.465
8.4 7.6 293.969
8.4 7.8 293.53
8.4 8 293.145
8.4 8.2 292.81
8.4 8.4 292.523
8.4 8.6 292.28
8.4 8.8 292.076
8.4 9 291.905
8.4 9.2 291.763
8.4 9.4 291.644
8.4 9.6 291.542
8.4 9.8 291.456
8.4 10 291.382
8.6 0 311.535
8.6 0.2 311.689
8.6 0.4 311.911
8.6 0.6 312.202
8.6 0.8 312.568
8.6 1 313.015
8.6 1.2 313.556
8.6 1.4 314.212
8.6 1.6 315.013
8.6 1.8 316.004
8.6 2 317.276
8.6 2.2 318.132
8.6 2.4 318.665
8.6 2.6 318.915
8.6 2.8 318.909
8.6 3 318.661
8.6 3.2 318.174
8.6 3.4 317.442
8.6 3.6 316.451
8.6 3.8 315.17
8.6 4 313.556
8.6 4.2 311.516
8.6 4.4 309.743
8.6 4.6 308.146
8.6 4.8 306.676
8.6 5 305.304
8.6 5.2 304.008
8.6 5.4 302.777
8.6 5.6 301.605
8.6 5.8 300.492
8.6 6 299.441
8.6 6.2 298.455
8.6 6.4 297.538
8.6 6.6 296.693
8.6 6.8 295.92
8.6 7 295.219
8.6 7.2 294.587
8.6 7.4 294.022
8.6 7.6 293.522
8.6 7.8 293.083
8.6 8 292.702
8.6 8.2 292.376
8.6 8.4 292.101
8.6 8.6 291.872
8.6 8.8 291.686
8.6 9 291.535
8.6 9.2 291.411
8.6 9.4 291.309
8.6 9.6 291.22
8.6 9.8 291.141
8.6 10 291.068
8.8 0 311.695
8.8 0.2 311.85
8.8 0.4 312.071
8.8 0.6 312.358
8.8 0.8 312.716
8.8 1 313.15
8.8 1.2 313.668
8.8 1.4 314.284
8.8 1.6 315.016
8.8 1.8 315.895
8.8 2 317.007
8.8 2.2 317.751
8.8 2.4 318.212
8.8 2.6 318.42
8.8 2.8 318.388
8.8 3 318.127
8.8 3.2 317.638
8.8 3.4 316.915
8.8 3.6 315.949
8.8 3.8 314.721
8.8 4 313.2
8.8 4.2 311.298
8.8 4.4 309.614
8.8 4.6 308.058
8.8 4.8 306.598
8.8 5 305.213
8.8 5.2 303.889
8.8 5.4 302.619
8.8 5.6 301.4
8.8 5.8 300.234
8.8 6 299.129
8.8 6.2 298.093
8.8 6.4 297.133
8.8 6.6 296.253
8.8 6.8 295.453
8.8 7 294.733
8.8 7.2 294.09
8.8 7.4 293.518
8.8 7.6 293.017
8.8 7.8 292.581
8.8 8 292.207
8.8 8.2 291.893
8.8 8.4 291.634
8.8 8.6 291.426
8.8 8.8 291.264
8.8 9 291.139
8.8 9.2 291.042
8.8 9.4 290.962
8.8 9.6 290.891
8.8 9.8 290.821
8.8 10 290.75
9 0 311.795
9 0.2 311.95
9 0.4 312.168
9 0.6 312.448
9 0.8 312.794
9 1 313.206
9 1.2 313.688
9 1.4 314.243
9 1.6 314.873
9 1.8 315.57
9 2 316.29
9 2.2 316.852
9 2.4 317.211
9 2.6 317.359
9 2.8 317.295
9 3 317.019
9 3.2 316.531
9 3.4 315.828
9 3.6 314.907
9 3.8 313.765
9 4 312.409
9 4.2 310.881
9 4.4 309.356
9 4.6 307.877
9 4.8 306.448
9 5 305.064
9 5.2 303.721
9 5.4 302.414
9 5.6 301.144
9 5.8 299.919
9 6 298.751
9 6.2 297.657
9 6.4 296.65
9 6.6 295.735
9 6.8 294.911
9 7 294.175
9 7.2 293.522
9 7.4 292.948
9 7.6 292.448
9 7.8 292.019
9 8 291.656
9 8.2 291.357
9 8.4 291.119
9 8.6 290.937
9 8.8 290.807
9 9 290.718
9 9.2 290.658
9 9.4 290.611
9 9.6 290.563
9 9.8 290.506
9 10 290.436
9.2 0 311.836
9.2 0.2 311.992
9.2 0.4 312.206
9.2 0.6 312.478
9.2 0.8 312.808
9.2 1 313.196
9.2 1.2 313.638
9.2 1.4 314.132
9.2 1.6 314.666
9.2 1.8 315.22
9.2 2 315.747
9.2 2.2 316.167
9.2 2.4 316.433
9.2 2.6 316.522
9.2 2.8 316.425
9.2 3 316.135
9.2 3.2 315.65
9.2 3.4 314.969
9.2 3.6 314.095
9.2 3.8 313.035
9.2 4 311.808
9.2 4.2 310.456
9.2 4.4 309.057
9.2 4.6 307.651
9.2 4.8 306.257
9.2 5 304.879
9.2 5.2 303.519
9.2 5.4 302.174
9.2 5.6 300.848
9.2 5.8 299.549
9.2 6 298.301
9.2 6.2 297.138
9.2 6.4 296.079
9.2 6.6 295.129
9.2 6.8 294.283
9.2 7 293.536
9.2 7.2 292.879
9.2 7.4 292.306
9.2 7.6 291.812
9.2 7.8 291.392
9.2 8 291.044
9.2 8.2 290.763
9.2 8.4 290.549
9.2 8.6 290.4
9.2 8.8 290.31
9.2 9 290.271
9.2 9.2 290.265
9.2 9.4 290.263
9.2 9.6 290.246
9.2 9.8 290.205
9.2 10 290.137
9.4 0 311.824
9.4 0.2 311.98
9.4 0.4 312.19
9.4 0.6 312.454
9.4 0.8 312.769
9.4 1 313.134
9.4 1.2 313.542
9.4 1.4 313.984
9.4 1.6 314.445
9.4 1.8 314.901
9.4 2 315.314
9.4 2.2 315.636
9.4 2.4 315.83
9.4 2.6 315.873
9.4 2.8 315.747
9.4 3 315.446
9.4 3.2 314.965
9.4 3.4 314.305
9.4 3.6 313.47
9.4 3.8 312.472
9.4 4 311.332
9.4 4.2 310.083
9.4 4.4 308.767
9.4 4.6 307.418
9.4 4.8 306.053
9.4 5 304.681
9.4 5.2 303.304
9.4 5.4 301.919
9.4 5.6 300.527
9.4 5.8 299.133
9.4 6 297.77
9.4 6.2 296.518
9.4 6.4 295.403
9.4 6.6 294.421
9.4 6.8 293.56
9.4 7 292.808
9.4 7.2 292.154
9.4 7.4 291.588
9.4 7.6 291.105
9.4 7.8 290.698
9.4 8 290.365
9.4 8.2 290.105
9.4 8.4 289.918
9.4 8.6 289.805
9.4 8.8 289.765
9.4 9 289.795
9.4 9.2 289.87
9.4 9.4 289.932
9.4 9.6 289.956
9.4 9.8 289.935
9.4 10 289.868
9.6 0 311.762
9.6 0.2 311.917
9.6 0.4 312.124
9.6 0.6 312.381
9.6 0.8 312.686
9.6 1 313.033
9.6 1.2 313.415
9.6 1.4 313.821
9.6 1.6 314.234
9.6 1.8 314.628
9.6 2 314.975
9.6 2.2 315.237
9.6 2.4 315.385
9.6 2.6 315.395
9.6 2.8 315.25
9.6 3 314.941
9.6 3.2 314.464
9.6 3.4 313.818
9.6 3.6 313.012
9.6 3.8 312.055
9.6 4 310.969
9.6 4.2 309.779
9.6 4.4 308.516
9.6 4.6 307.203
9.6 4.8 305.859
9.6 5 304.491
9.6 5.2 303.099
9.6 5.4 301.676
9.6 5.6 300.21
9.6 5.8 298.688
9.6 6 297.131
9.6 6.2 295.765
9.6 6.4 294.596
9.6 6.6 293.594
9.6 6.8 292.731
9.6 7 291.986
9.6 7.2 291.343
9.6 7.4 290.791
9.6 7.6 290.323
9.6 7.8 289.932
9.6 8 289.617
9.6 8.2 289.377
9.6 8.4 289.215
9.6 8.6 289.138
9.6 8.8 289.155
9.6 9 289.276
9.6 9.2 289.489
9.6 9.4 289.641
9.6 9.6 289.714
9.6 9.8 289.714
9.6 10 289.648
9.8 0 311.654
9.8 0.2 311.808
9.8 0.4 312.013
9.8 0.6 312.266
9.8 0.8 312.564
9.8 1 312.901
9.8 1.2 313.269
9.8 1.4 313.656
9.8 1.6 314.044
9.8 1.8 314.409
9.8 2 314.724
9.8 2.2 314.957
9.8 2.4 315.082
9.8 2.6 315.076
9.8 2.8 314.921
9.8 3 314.609
9.8 3.2 314.134
9.8 3.4 313.498
9.8 3.6 312.707
9.8 3.8 311.773
9.8 4 310.714
9.8 4.2 309.553
9.8 4.4 308.316
9.8 4.6 307.024
9.8 4.8 305.692
9.8 5 304.328
9.8 5.2 302.928
9.8 5.4 301.48
9.8 5.6 299.953
9.8 5.8 298.28
9.8 6 296.302
9.8 6.2 294.818
9.8 6.4 293.625
9.8 6.6 292.631
9.8 6.8 291.787
9.8 7 291.064
9.8 7.2 290.443
9.8 7.4 289.913
9.8 7.6 289.465
9.8 7.8 289.093
9.8 8 288.796
9.8 8.2 288.573
9.8 8.4 288.431
9.8 8.6 288.379
9.8 8.8 288.442
9.8 9 288.667
9.8 9.2 289.174
9.8 9.4 289.431
9.8 9.6 289.547
9.8 9.8 289.563
9.8 10 289.497
10 0 311.654
10 0.2 311.654
10 0.4 311.858
10 0.6 312.109
10 0.8 312.406
10 1 312.742
10 1.2 313.109
10 1.4 313.494
10 1.6 313.88
10 1.8 314.244
10 2 314.557
10 2.2 314.79
10 2.4 314.914
10 2.6 314.908
10 2.8 314.754
10 3 314.443
10 3.2 313.971
10 3.4 313.337
10 3.6 312.549
10 3.8 311.618
10 4 310.563
10 4.2 309.408
10 4.4 308.176
10 4.6 306.889
10 4.8 305.562
10 5 304.203
10 5.2 302.809
10 5.4 301.367
10 5.6 299.846
10 5.8 298.179
10 6 294.983
10 6.2 293.583
10 6.4 292.458
10 6.6 291.519
10 6.8 290.723
10 7 290.041
10 7.2 289.456
10 7.4 288.956
10 7.6 288.533
10 7.8 288.182
10 8 287.902
10 8.2 287.692
10 8.4 287.557
10 8.6 287.509
10 8.8 287.568
10 9 287.781
10 9.2 289.109
10 9.4 289.366
10 9.6 289.481
10 9.8 289.497
10 10 289.497
