0 0 299.751
0 0.2 299.751
0 0.4 299.846
0 0.6 299.931
0 0.8 300.004
0 1 300.067
0 1.2 300.118
0 1.4 300.159
0 1.6 300.189
0 1.8 300.209
0 2 300.218
0 2.2 300.217
0 2.4 300.206
0 2.6 300.186
0 2.8 300.156
0 3 300.116
0 3.2 300.069
0 3.4 300.012
0 3.6 299.948
0 3.8 299.876
0 4 299.797
0 4.2 299.712
0 4.4 299.62
0 4.6 299.522
0 4.8 299.418
0 5 299.31
0 5.2 299.198
0 5.4 299.081
0 5.6 298.962
0 5.8 298.839
0 6 298.714
0 6.2 298.587
0 6.4 298.459
0 6.6 298.33
0 6.8 298.201
0 7 298.071
0 7.2 297.942
0 7.4 297.814
0 7.6 297.686
0 7.8 297.561
0 8 297.437
0 8.2 297.316
0 8.4 297.196
0 8.6 297.08
0 8.8 296.966
0 9 296.856
0 9.2 296.749
0 9.4 296.645
0 9.6 296.544
0 9.8 296.448
0 10 296.448
0.2 0 299.751
0.2 0.2 299.858
0.2 0.4 299.954
0.2 0.6 300.039
0.2 0.8 300.112
0.2 1 300.175
0.2 1.2 300.227
0.2 1.4 300.268
0.2 1.6 300.298
0.2 1.8 300.318
0.2 2 300.327
0.2 2.2 300.326
0.2 2.4 300.315
0.2 2.6 300.294
0.2 2.8 300.264
0.2 3 300.225
0.2 3.2 300.177
0.2 3.4 300.121
0.2 3.6 300.056
0.2 3.8 299.984
0.2 4 299.905
0.2 4.2 299.818
0.2 4.4 299.726
0.2 4.6 299.628
0.2 4.8 299.524
0.2 5 299.415
0.2 5.2 299.303
0.2 5.4 299.186
0.2 5.6 299.066
0.2 5.8 298.943
0.2 6 298.817
0.2 6.2 298.69
0.2 6.4 298.561
0.2 6.6 298.432
0.2 6.8 298.302
0.2 7 298.171
0.2 7.2 298.042
0.2 7.4 297.913
0.2 7.6 297.785
0.2 7.8 297.659
0.2 8 297.535
0.2 8.2 297.413
0.2 8.4 297.293
0.2 8.6 297.176
0.2 8.8 297.062
0.2 9 296.951
0.2 9.2 296.844
0.2 9.4 296.739
0.2 9.6 296.639
0.2 9.8 296.541
0.2 10 296.448
0.4 0 299.868
0.4 0.2 299.975
0.4 0.4 300.072
0.4 0.6 300.157
0.4 0.8 300.231
0.4 1 300.294
0.4 1.2 300.346
0.4 1.4 300.387
0.4 1.6 300.417
0.4 1.8 300.436
0.4 2 300.446
0.4 2.2 300.444
0.4 2.4 300.433
0.4 2.6 300.412
0.4 2.8 300.382
0.4 3 300.342
0.4 3.2 300.293
0.4 3.4 300.237
0.4 3.6 300.171
0.4 3.8 300.099
0.4 4 300.019
0.4 4.2 299.932
0.4 4.4 299.838
0.4 4.6 299.739
0.4 4.8 299.635
0.4 5 299.525
0.4 5.2 299.412
0.4 5.4 299.294
0.4 5.6 299.173
0.4 5.8 299.049
0.4 6 298.923
0.4 6.2 298.794
0.4 6.4 298.665
0.4 6.6 298.534
0.4 6.8 298.403
0.4 7 298.272
0.4 7.2 298.142
0.4 7.4 298.012
0.4 7.6 297.884
0.4 7.8 297.757
0.4 8 297.632
0.4 8.2 297.509
0.4 8.4 297.389
0.4 8.6 297.271
0.4 8.8 297.157
0.4 9 297.045
0.4 9.2 296.937
0.4 9.4 296.832
0.4 9.6 296.731
0.4 9.8 296.633
0.4 10 296.539
0.6 0 299.996
0.6 0.2 300.104
0.6 0.4 300.2
0.6 0.6 300.286
0.6 0.8 300.36
0.6 1 300.423
0.6 1.2 300.475
0.6 1.4 300.516
0.6 1.6 300.546
0.6 1.8 300.565
0.6 2 300.574
0.6 2.2 300.573
0.6 2.4 300.561
0.6 2.6 300.539
0.6 2.8 300.508
0.6 3 300.468
0.6 3.2 300.418
0.6 3.4 300.36
0.6 3.6 300.294
0.6 3.8 300.221
0.6 4 300.139
0.6 4.2 300.051
0.6 4.4 299.957
0.6 4.6 299.857
0.6 4.8 299.751
0.6 5 299.64
0.6 5.2 299.525
0.6 5.4 299.406
0.6 5.6 299.284
0.6 5.8 299.158
0.6 6 299.031
0.6 6.2 298.901
0.6 6.4 298.77
0.6 6.6 298.638
0.6 6.8 298.506
0.6 7 298.374
0.6 7.2 298.242
0.6 7.4 298.111
0.6 7.6 297.982
0.6 7.8 297.854
0.6 8 297.728
0.6 8.2 297.604
0.6 8.4 297.483
0.6 8.6 297.364
0.6 8.8 297.249
0.6 9 297.137
0.6 9.2 297.028
0.6 9.4 296.923
0.6 9.6 296.821
0.6 9.8 296.723
0.6 10 296.628
0.8 0 300.134
0.8 0.2 300.243
0.8 0.4 300.34
0.8 0.6 300.426
0.8 0.8 300.5
0.8 1 300.563
0.8 1.2 300.615
0.8 1.4 300.656
0.8 1.6 300.686
0.8 1.8 300.704
0.8 2 300.713
0.8 2.2 300.71
0.8 2.4 300.698
0.8 2.6 300.676
0.8 2.8 300.643
0.8 3 300.602
0.8 3.2 300.552
0.8 3.4 300.492
0.8 3.6 300.425
0.8 3.8 300.35
0.8 4 300.267
0.8 4.2 300.178
0.8 4.4 300.082
0.8 4.6 299.98
0.8 4.8 299.872
0.8 5 299.76
0.8 5.2 299.643
0.8 5.4 299.522
0.8 5.6 299.398
0.8 5.8 299.27
0.8 6 299.141
0.8 6.2 299.01
0.8 6.4 298.877
0.8 6.6 298.743
0.8 6.8 298.61
0.8 7 298.476
0.8 7.2 298.342
0.8 7.4 298.21
0.8 7.6 298.079
0.8 7.8 297.95
0.8 8 297.822
0.8 8.2 297.697
0.8 8.4 297.575
0.8 8.6 297.456
0.8 8.8 297.339
0.8 9 297.226
0.8 9.2 297.117
0.8 9.4 297.011
0.8 9.6 296.908
0.8 9.8 296.81
0.8 10 296.715
1 0 300.283
1 0.2 300.392
1 0.4 300.49
1 0.6 300.576
1 0.8 300.651
1 1 300.714
1 1.2 300.765
1 1.4 300.806
1 1.6 300.835
1 1.8 300.854
1 2 300.861
1 2.2 300.858
1 2.4 300.845
1 2.6 300.821
1 2.8 300.788
1 3 300.745
1 3.2 300.693
1 3.4 300.632
1 3.6 300.563
1 3.8 300.486
1 4 300.402
1 4.2 300.31
1 4.4 300.212
1 4.6 300.108
1 4.8 299.998
1 5 299.884
1 5.2 299.764
1 5.4 299.641
1 5.6 299.515
1 5.8 299.385
1 6 299.254
1 6.2 299.12
1 6.4 298.985
1 6.6 298.85
1 6.8 298.714
1 7 298.578
1 7.2 298.443
1 7.4 298.308
1 7.6 298.176
1 7.8 298.045
1 8 297.916
1 8.2 297.789
1 8.4 297.666
1 8.6 297.545
1 8.8 297.428
1 9 297.314
1 9.2 297.203
1 9.4 297.096
1 9.6 296.994
1 9.8 296.895
1 10 296.799
1.2 0 300.443
1.2 0.2 300.553
1.2 0.4 300.651
1.2 0.6 300.737
1.2 0.8 300.812
1.2 1 300.875
1.2 1.2 300.926
1.2 1.4 300.966
1.2 1.6 300.995
1.2 1.8 301.013
1.2 2 301.02
1.2 2.2 301.015
1.2 2.4 301.001
1.2 2.6 300.976
1.2 2.8 300.941
1.2 3 300.897
1.2 3.2 300.843
1.2 3.4 300.78
1.2 3.6 300.709
1.2 3.8 300.63
1.2 4 300.543
1.2 4.2 300.449
1.2 4.4 300.348
1.2 4.6 300.242
1.2 4.8 300.129
1.2 5 300.012
1.2 5.2 299.89
1.2 5.4 299.764
1.2 5.6 299.635
1.2 5.8 299.503
1.2 6 299.369
1.2 6.2 299.232
1.2 6.4 299.095
1.2 6.6 298.957
1.2 6.8 298.818
1.2 7 298.68
1.2 7.2 298.543
1.2 7.4 298.406
1.2 7.6 298.271
1.2 7.8 298.138
1.2 8 298.008
1.2 8.2 297.88
1.2 8.4 297.754
1.2 8.6 297.632
1.2 8.8 297.514
1.2 9 297.398
1.2 9.2 297.287
1.2 9.4 297.18
1.2 9.6 297.076
1.2 9.8 296.977
1.2 10 296.881
1.4 0 300.613
1.4 0.2 300.724
1.4 0.4 300.822
1.4 0.6 300.909
1.4 0.8 300.984
1.4 1 301.047
1.4 1.2 301.098
1.4 1.4 301.137
1.4 1.6 301.165
1.4 1.8 301.182
1.4 2 301.188
1.4 2.2 301.182
1.4 2.4 301.166
1.4 2.6 301.14
1.4 2.8 301.103
1.4 3 301.057
1.4 3.2 301.001
1.4 3.4 300.936
1.4 3.6 300.862
1.4 3.8 300.78
1.4 4 300.691
1.4 4.2 300.594
1.4 4.4 300.491
1.4 4.6 300.381
1.4 4.8 300.266
1.4 5 300.145
1.4 5.2 300.02
1.4 5.4 299.891
1.4 5.6 299.759
1.4 5.8 299.623
1.4 6 299.486
1.4 6.2 299.346
1.4 6.4 299.206
1.4 6.6 299.065
1.4 6.8 298.923
1.4 7 298.782
1.4 7.2 298.642
1.4 7.4 298.503
1.4 7.6 298.366
1.4 7.8 298.231
1.4 8 298.098
1.4 8.2 297.968
1.4 8.4 297.841
1.4 8.6 297.717
1.4 8.8 297.597
1.4 9 297.481
1.4 9.2 297.368
1.4 9.4 297.26
1.4 9.6 297.156
1.4 9.8 297.056
1.4 10 296.96
1.6 0 300.794
1.6 0.2 300.906
1.6 0.4 301.004
1.6 0.6 301.091
1.6 0.8 301.166
1.6 1 301.229
1.6 1.2 301.28
1.6 1.4 301.319
1.6 1.6 301.346
1.6 1.8 301.362
1.6 2 301.366
1.6 2.2 301.359
1.6 2.4 301.341
1.6 2.6 301.313
1.6 2.8 301.274
1.6 3 301.226
1.6 3.2 301.167
1.6 3.4 301.099
1.6 3.6 301.023
1.6 3.8 300.938
1.6 4 300.846
1.6 4.2 300.745
1.6 4.4 300.639
1.6 4.6 300.525
1.6 4.8 300.406
1.6 5 300.282
1.6 5.2 300.154
1.6 5.4 300.021
1.6 5.6 299.885
1.6 5.8 299.746
1.6 6 299.605
1.6 6.2 299.462
1.6 6.4 299.318
1.6 6.6 299.173
1.6 6.8 299.029
1.6 7 298.884
1.6 7.2 298.741
1.6 7.4 298.599
1.6 7.6 298.459
1.6 7.8 298.321
1.6 8 298.186
1.6 8.2 298.054
1.6 8.4 297.925
1.6 8.6 297.8
1.6 8.8 297.678
1.6 9 297.56
1.6 9.2 297.447
1.6 9.4 297.337
1.6 9.6 297.232
1.6 9.8 297.132
1.6 10 297.035
1.8 0 300.986
1.8 0.2 301.098
1.8 0.4 301.197
1.8 0.6 301.284
1.8 0.8 301.359
1.8 1 301.421
1.8 1.2 301.472
1.8 1.4 301.51
1.8 1.6 301.537
1.8 1.8 301.551
1.8 2 301.554
1.8 2.2 301.545
1.8 2.4 301.526
1.8 2.6 301.495
1.8 2.8 301.454
1.8 3 301.403
1.8 3.2 301.342
1.8 3.4 301.271
1.8 3.6 301.191
1.8 3.8 301.103
1.8 4 301.007
1.8 4.2 300.903
1.8 4.4 300.792
1.8 4.6 300.675
1.8 4.8 300.552
1.8 5 300.424
1.8 5.2 300.291
1.8 5.4 300.154
1.8 5.6 300.014
1.8 5.8 299.871
1.8 6 299.725
1.8 6.2 299.578
1.8 6.4 299.431
1.8 6.6 299.282
1.8 6.8 299.134
1.8 7 298.986
1.8 7.2 298.839
1.8 7.4 298.694
1.8 7.6 298.551
1.8 7.8 298.41
1.8 8 298.272
1.8 8.2 298.138
1.8 8.4 298.007
1.8 8.6 297.879
1.8 8.8 297.756
1.8 9 297.636
1.8 9.2 297.521
1.8 9.4 297.411
1.8 9.6 297.305
1.8 9.8 297.204
1.8 10 297.108
2 0 301.188
2 0.2 301.301
2 0.4 301.4
2 0.6 301.488
2 0.8 301.562
2 1 301.625
2 1.2 301.674
2 1.4 301.712
2 1.6 301.737
2 1.8 301.75
2 2 301.752
2 2.2 301.741
2 2.4 301.72
2 2.6 301.687
2 2.8 301.643
2 3 301.589
2 3.2 301.524
2 3.4 301.45
2 3.6 301.367
2 3.8 301.275
2 4 301.174
2 4.2 301.066
2 4.4 300.951
2 4.6 300.83
2 4.8 300.702
2 5 300.569
2 5.2 300.432
2 5.4 300.29
2 5.6 300.145
2 5.8 299.998
2 6 299.848
2 6.2 299.696
2 6.4 299.544
2 6.6 299.391
2 6.8 299.238
2 7 299.087
2 7.2 298.936
2 7.4 298.787
2 7.6 298.641
2 7.8 298.497
2 8 298.356
2 8.2 298.219
2 8.4 298.085
2 8.6 297.955
2 8.8 297.83
2 9 297.709
2 9.2 297.593
2 9.4 297.481
2 9.6 297.375
2 9.8 297.273
2 10 297.176
2.2 0 301.4
2.2 0.2 301.514
2.2 0.4 301.614
2.2 0.6 301.702
2.2 0.8 301.776
2.2 1 301.838
2.2 1.2 301.887
2.2 1.4 301.924
2.2 1.6 301.948
2.2 1.8 301.96
2.2 2 301.959
2.2 2.2 301.947
2.2 2.4 301.923
2.2 2.6 301.887
2.2 2.8 301.84
2.2 3 301.783
2.2 3.2 301.715
2.2 3.4 301.637
2.2 3.6 301.55
2.2 3.8 301.453
2.2 4 301.349
2.2 4.2 301.236
2.2 4.4 301.116
2.2 4.6 300.989
2.2 4.8 300.857
2.2 5 300.719
2.2 5.2 300.576
2.2 5.4 300.429
2.2 5.6 300.279
2.2 5.8 300.126
2.2 6 299.971
2.2 6.2 299.815
2.2 6.4 299.657
2.2 6.6 299.5
2.2 6.8 299.343
2.2 7 299.186
2.2 7.2 299.032
2.2 7.4 298.879
2.2 7.6 298.729
2.2 7.8 298.581
2.2 8 298.437
2.2 8.2 298.297
2.2 8.4 298.16
2.2 8.6 298.028
2.2 8.8 297.901
2.2 9 297.778
2.2 9.2 297.66
2.2 9.4 297.548
2.2 9.6 297.44
2.2 9.8 297.338
2.2 10 297.241
2.4 0 301.623
2.4 0.2 301.737
2.4 0.4 301.838
2.4 0.6 301.926
2.4 0.8 302
2.4 1 302.062
2.4 1.2 302.111
2.4 1.4 302.146
2.4 1.6 302.169
2.4 1.8 302.179
2.4 2 302.177
2.4 2.2 302.162
2.4 2.4 302.135
2.4 2.6 302.096
2.4 2.8 302.046
2.4 3 301.985
2.4 3.2 301.913
2.4 3.4 301.831
2.4 3.6 301.74
2.4 3.8 301.639
2.4 4 301.529
2.4 4.2 301.411
2.4 4.4 301.286
2.4 4.6 301.154
2.4 4.8 301.016
2.4 5 300.872
2.4 5.2 300.723
2.4 5.4 300.571
2.4 5.6 300.415
2.4 5.8 300.256
2.4 6 300.095
2.4 6.2 299.933
2.4 6.4 299.771
2.4 6.6 299.608
2.4 6.8 299.446
2.4 7 299.285
2.4 7.2 299.125
2.4 7.4 298.968
2.4 7.6 298.814
2.4 7.8 298.662
2.4 8 298.515
2.4 8.2 298.371
2.4 8.4 298.232
2.4 8.6 298.097
2.4 8.8 297.967
2.4 9 297.843
2.4 9.2 297.723
2.4 9.4 297.609
2.4 9.6 297.501
2.4 9.8 297.398
2.4 10 297.301
2.6 0 301.856
2.6 0.2 301.971
2.6 0.4 302.072
2.6 0.6 302.16
2.6 0.8 302.235
2.6 1 302.296
2.6 1.2 302.344
2.6 1.4 302.378
2.6 1.6 302.4
2.6 1.8 302.408
2.6 2 302.403
2.6 2.2 302.386
2.6 2.4 302.357
2.6 2.6 302.315
2.6 2.8 302.261
2.6 3 302.196
2.6 3.2 302.12
2.6 3.4 302.033
2.6 3.6 301.937
2.6 3.8 301.831
2.6 4 301.715
2.6 4.2 301.592
2.6 4.4 301.461
2.6 4.6 301.323
2.6 4.8 301.178
2.6 5 301.028
2.6 5.2 300.874
2.6 5.4 300.715
2.6 5.6 300.552
2.6 5.8 300.387
2.6 6 300.22
2.6 6.2 300.052
2.6 6.4 299.884
2.6 6.6 299.715
2.6 6.8 299.547
2.6 7 299.381
2.6 7.2 299.216
2.6 7.4 299.055
2.6 7.6 298.896
2.6 7.8 298.74
2.6 8 298.589
2.6 8.2 298.442
2.6 8.4 298.299
2.6 8.6 298.162
2.6 8.8 298.029
2.6 9 297.903
2.6 9.2 297.781
2.6 9.4 297.666
2.6 9.6 297.557
2.6 9.8 297.453
2.6 10 297.356
2.8 0 302.099
2.8 0.2 302.215
2.8 0.4 302.317
2.8 0.6 302.405
2.8 0.8 302.48
2.8 1 302.54
2.8 1.2 302.587
2.8 1.4 302.621
2.8 1.6 302.64
2.8 1.8 302.647
2.8 2 302.64
2.8 2.2 302.62
2.8 2.4 302.587
2.8 2.6 302.542
2.8 2.8 302.485
2.8 3 302.415
2.8 3.2 302.335
2.8 3.4 302.243
2.8 3.6 302.141
2.8 3.8 302.029
2.8 4 301.908
2.8 4.2 301.778
2.8 4.4 301.641
2.8 4.6 301.496
2.8 4.8 301.345
2.8 5 301.188
2.8 5.2 301.026
2.8 5.4 300.861
2.8 5.6 300.691
2.8 5.8 300.519
2.8 6 300.346
2.8 6.2 300.171
2.8 6.4 299.996
2.8 6.6 299.821
2.8 6.8 299.647
2.8 7 299.475
2.8 7.2 299.305
2.8 7.4 299.138
2.8 7.6 298.974
2.8 7.8 298.814
2.8 8 298.659
2.8 8.2 298.508
2.8 8.4 298.362
2.8 8.6 298.221
2.8 8.8 298.086
2.8 9 297.957
2.8 9.2 297.834
2.8 9.4 297.718
2.8 9.6 297.607
2.8 9.8 297.503
2.8 10 297.406
3 0 302.351
3 0.2 302.469
3 0.4 302.571
3 0.6 302.66
3 0.8 302.734
3 1 302.794
3 1.2 302.84
3 1.4 302.873
3 1.6 302.891
3 1.8 302.895
3 2 302.886
3 2.2 302.863
3 2.4 302.827
3 2.6 302.778
3 2.8 302.717
3 3 302.643
3 3.2 302.557
3 3.4 302.46
3 3.6 302.352
3 3.8 302.234
3 4 302.107
3 4.2 301.97
3 4.4 301.826
3 4.6 301.674
3 4.8 301.515
3 5 301.351
3 5.2 301.182
3 5.4 301.008
3 5.6 300.831
3 5.8 300.652
3 6 300.471
3 6.2 300.289
3 6.4 300.107
3 6.6 299.925
3 6.8 299.745
3 7 299.566
3 7.2 299.39
3 7.4 299.218
3 7.6 299.049
3 7.8 298.884
3 8 298.724
3 8.2 298.569
3 8.4 298.419
3 8.6 298.275
3 8.8 298.138
3 9 298.006
3 9.2 297.881
3 9.4 297.763
3 9.6 297.652
3 9.8 297.547
3 10 297.449
3.2 0 302.614
3.2 0.2 302.733
3.2 0.4 302.836
3.2 0.6 302.924
3.2 0.8 302.999
3.2 1 303.058
3.2 1.2 303.104
3.2 1.4 303.134
3.2 1.6 303.151
3.2 1.8 303.153
3.2 2 303.141
3.2 2.2 303.116
3.2 2.4 303.076
3.2 2.6 303.023
3.2 2.8 302.957
3.2 3 302.878
3.2 3.2 302.787
3.2 3.4 302.684
3.2 3.6 302.57
3.2 3.8 302.446
3.2 4 302.311
3.2 4.2 302.167
3.2 4.4 302.015
3.2 4.6 301.856
3.2 4.8 301.689
3.2 5 301.516
3.2 5.2 301.339
3.2 5.4 301.157
3.2 5.6 300.972
3.2 5.8 300.785
3.2 6 300.596
3.2 6.2 300.406
3.2 6.4 300.216
3.2 6.6 300.027
3.2 6.8 299.839
3.2 7 299.654
3.2 7.2 299.472
3.2 7.4 299.293
3.2 7.6 299.118
3.2 7.8 298.948
3.2 8 298.783
3.2 8.2 298.624
3.2 8.4 298.471
3.2 8.6 298.323
3.2 8.8 298.183
3.2 9 298.049
3.2 9.2 297.922
3.2 9.4 297.802
3.2 9.6 297.69
3.2 9.8 297.584
3.2 10 297.487
3.4 0 302.886
3.4 0.2 303.006
3.4 0.4 303.11
3.4 0.6 303.199
3.4 0.8 303.273
3.4 1 303.332
3.4 1.2 303.376
3.4 1.4 303.406
3.4 1.6 303.421
3.4 1.8 303.421
3.4 2 303.406
3.4 2.2 303.377
3.4 2.4 303.334
3.4 2.6 303.277
3.4 2.8 303.206
3.4 3 303.122
3.4 3.2 303.025
3.4 3.4 302.916
3.4 3.6 302.795
3.4 3.8 302.664
3.4 4 302.521
3.4 4.2 302.37
3.4 4.4 302.209
3.4 4.6 302.041
3.4 4.8 301.866
3.4 5 301.684
3.4 5.2 301.498
3.4 5.4 301.307
3.4 5.6 301.113
3.4 5.8 300.917
3.4 6 300.719
3.4 6.2 300.521
3.4 6.4 300.323
3.4 6.6 300.126
3.4 6.8 299.931
3.4 7 299.738
3.4 7.2 299.549
3.4 7.4 299.364
3.4 7.6 299.183
3.4 7.8 299.007
3.4 8 298.837
3.4 8.2 298.673
3.4 8.4 298.516
3.4 8.6 298.365
3.4 8.8 298.221
3.4 9 298.085
3.4 9.2 297.956
3.4 9.4 297.834
3.4 9.6 297.721
3.4 9.8 297.615
3.4 10 297.517
3.6 0 303.168
3.6 0.2 303.289
3.6 0.4 303.393
3.6 0.6 303.482
3.6 0.8 303.556
3.6 1 303.615
3.6 1.2 303.659
3.6 1.4 303.687
3.6 1.6 303.7
3.6 1.8 303.698
3.6 2 303.681
3.6 2.2 303.649
3.6 2.4 303.601
3.6 2.6 303.54
3.6 2.8 303.464
3.6 3 303.374
3.6 3.2 303.271
3.6 3.4 303.156
3.6 3.6 303.027
3.6 3.8 302.888
3.6 4 302.737
3.6 4.2 302.577
3.6 4.4 302.408
3.6 4.6 302.23
3.6 4.8 302.045
3.6 5 301.854
3.6 5.2 301.658
3.6 5.4 301.458
3.6 5.6 301.254
3.6 5.8 301.048
3.6 6 300.841
3.6 6.2 300.634
3.6 6.4 300.427
3.6 6.6 300.221
3.6 6.8 300.018
3.6 7 299.818
3.6 7.2 299.621
3.6 7.4 299.429
3.6 7.6 299.242
3.6 7.8 299.06
3.6 8 298.885
3.6 8.2 298.716
3.6 8.4 298.554
3.6 8.6 298.399
3.6 8.8 298.252
3.6 9 298.113
3.6 9.2 297.982
3.6 9.4 297.858
3.6 9.6 297.744
3.6 9.8 297.637
3.6 10 297.539
3.8 0 303.459
3.8 0.2 303.581
3.8 0.4 303.686
3.8 0.6 303.775
3.8 0.8 303.849
3.8 1 303.908
3.8 1.2 303.951
3.8 1.4 303.978
3.8 1.6 303.989
3.8 1.8 303.985
3.8 2 303.965
3.8 2.2 303.929
3.8 2.4 303.878
3.8 2.6 303.812
3.8 2.8 303.731
3.8 3 303.635
3.8 3.2 303.525
3.8 3.4 303.402
3.8 3.6 303.266
3.8 3.8 303.118
3.8 4 302.959
3.8 4.2 302.789
3.8 4.4 302.61
3.8 4.6 302.423
3.8 4.8 302.228
3.8 5 302.026
3.8 5.2 301.82
3.8 5.4 301.609
3.8 5.6 301.395
3.8 5.8 301.178
3.8 6 300.961
3.8 6.2 300.744
3.8 6.4 300.527
3.8 6.6 300.313
3.8 6.8 300.101
3.8 7 299.892
3.8 7.2 299.687
3.8 7.4 299.488
3.8 7.6 299.294
3.8 7.8 299.106
3.8 8 298.925
3.8 8.2 298.751
3.8 8.4 298.584
3.8 8.6 298.425
3.8 8.8 298.275
3.8 9 298.133
3.8 9.2 297.999
3.8 9.4 297.874
3.8 9.6 297.758
3.8 9.8 297.651
3.8 10 297.553
4 0 303.758
4 0.2 303.882
4 0.4 303.987
4 0.6 304.077
4 0.8 304.152
4 1 304.21
4 1.2 304.252
4 1.4 304.278
4 1.6 304.287
4 1.8 304.281
4 2 304.258
4 2.2 304.219
4 2.4 304.164
4 2.6 304.093
4 2.8 304.006
4 3 303.904
4 3.2 303.787
4 3.4 303.656
4 3.6 303.512
4 3.8 303.355
4 4 303.186
4 4.2 303.007
4 4.4 302.817
4 4.6 302.618
4 4.8 302.412
4 5 302.2
4 5.2 301.982
4 5.4 301.759
4 5.6 301.534
4 5.8 301.307
4 6 301.078
4 6.2 300.85
4 6.4 300.624
4 6.6 300.399
4 6.8 300.178
4 7 299.96
4 7.2 299.747
4 7.4 299.54
4 7.6 299.339
4 7.8 299.144
4 8 298.957
4 8.2 298.777
4 8.4 298.606
4 8.6 298.443
4 8.8 298.289
4 9 298.143
4 9.2 298.007
4 9.4 297.881
4 9.6 297.763
4 9.8 297.656
4 10 297.558
4.2 0 304.067
4.2 0.2 304.191
4.2 0.4 304.298
4.2 0.6 304.388
4.2 0.8 304.463
4.2 1 304.521
4.2 1.2 304.562
4.2 1.4 304.587
4.2 1.6 304.595
4.2 1.8 304.586
4.2 2 304.561
4.2 2.2 304.518
4.2 2.4 304.459
4.2 2.6 304.383
4.2 2.8 304.29
4.2 3 304.182
4.2 3.2 304.057
4.2 3.4 303.918
4.2 3.6 303.765
4.2 3.8 303.598
4.2 4 303.419
4.2 4.2 303.229
4.2 4.4 303.027
4.2 4.6 302.817
4.2 4.8 302.599
4.2 5 302.374
4.2 5.2 302.144
4.2 5.4 301.909
4.2 5.6 301.672
4.2 5.8 301.432
4.2 6 301.192
4.2 6.2 300.953
4.2 6.4 300.715
4.2 6.6 300.48
4.2 6.8 300.249
4.2 7 300.022
4.2 7.2 299.8
4.2 7.4 299.584
4.2 7.6 299.375
4.2 7.8 299.174
4.2 8 298.98
4.2 8.2 298.795
4.2 8.4 298.618
4.2 8.6 298.451
4.2 8.8 298.293
4.2 9 298.144
4.2 9.2 298.006
4.2 9.4 297.877
4.2 9.6 297.759
4.2 9.8 297.65
4.2 10 297.552
4.4 0 304.383
4.4 0.2 304.509
4.4 0.4 304.616
4.4 0.6 304.708
4.4 0.8 304.782
4.4 1 304.84
4.4 1.2 304.881
4.4 1.4 304.905
4.4 1.6 304.912
4.4 1.8 304.901
4.4 2 304.873
4.4 2.2 304.827
4.4 2.4 304.763
4.4 2.6 304.682
4.4 2.8 304.583
4.4 3 304.468
4.4 3.2 304.336
4.4 3.4 304.188
4.4 3.6 304.025
4.4 3.8 303.848
4.4 4 303.658
4.4 4.2 303.455
4.4 4.4 303.242
4.4 4.6 303.019
4.4 4.8 302.788
4.4 5 302.55
4.4 5.2 302.306
4.4 5.4 302.058
4.4 5.6 301.807
4.4 5.8 301.555
4.4 6 301.303
4.4 6.2 301.051
4.4 6.4 300.801
4.4 6.6 300.555
4.4 6.8 300.313
4.4 7 300.076
4.4 7.2 299.845
4.4 7.4 299.62
4.4 7.6 299.403
4.4 7.8 299.194
4.4 8 298.994
4.4 8.2 298.802
4.4 8.4 298.62
4.4 8.6 298.448
4.4 8.8 298.286
4.4 9 298.135
4.4 9.2 297.994
4.4 9.4 297.863
4.4 9.6 297.743
4.4 9.8 297.634
4.4 10 297.536
4.6 0 304.708
4.6 0.2 304.834
4.6 0.4 304.943
4.6 0.6 305.035
4.6 0.8 305.11
4.6 1 305.168
4.6 1.2 305.209
4.6 1.4 305.232
4.6 1.6 305.238
4.6 1.8 305.225
4.6 2 305.195
4.6 2.2 305.145
4.6 2.4 305.077
4.6 2.6 304.991
4.6 2.8 304.886
4.6 3 304.763
4.6 3.2 304.623
4.6 3.4 304.466
4.6 3.6 304.293
4.6 3.8 304.104
4.6 4 303.902
4.6 4.2 303.687
4.6 4.4 303.46
4.6 4.6 303.223
4.6 4.8 302.978
4.6 5 302.725
4.6 5.2 302.467
4.6 5.4 302.205
4.6 5.6 301.94
4.6 5.8 301.674
4.6 6 301.408
4.6 6.2 301.143
4.6 6.4 300.881
4.6 6.6 300.623
4.6 6.8 300.369
4.6 7 300.121
4.6 7.2 299.88
4.6 7.4 299.646
4.6 7.6 299.421
4.6 7.8 299.204
4.6 8 298.996
4.6 8.2 298.799
4.6 8.4 298.611
4.6 8.6 298.434
4.6 8.8 298.268
4.6 9 298.113
4.6 9.2 297.97
4.6 9.4 297.837
4.6 9.6 297.716
4.6 9.8 297.607
4.6 10 297.509
4.8 0 305.039
4.8 0.2 305.167
4.8 0.4 305.277
4.8 0.6 305.37
4.8 0.8 305.446
4.8 1 305.504
4.8 1.2 305.545
4.8 1.4 305.568
4.8 1.6 305.573
4.8 1.8 305.559
4.8 2 305.526
4.8 2.2 305.474
4.8 2.4 305.402
4.8 2.6 305.31
4.8 2.8 305.199
4.8 3 305.069
4.8 3.2 304.92
4.8 3.4 304.752
4.8 3.6 304.568
4.8 3.8 304.368
4.8 4 304.152
4.8 4.2 303.923
4.8 4.4 303.682
4.8 4.6 303.43
4.8 4.8 303.169
4.8 5 302.901
4.8 5.2 302.627
4.8 5.4 302.35
4.8 5.6 302.069
4.8 5.8 301.788
4.8 6 301.507
4.8 6.2 301.229
4.8 6.4 300.953
4.8 6.6 300.682
4.8 6.8 300.416
4.8 7 300.157
4.8 7.2 299.905
4.8 7.4 299.662
4.8 7.6 299.427
4.8 7.8 299.202
4.8 8 298.987
4.8 8.2 298.783
4.8 8.4 298.59
4.8 8.6 298.408
4.8 8.8 298.238
4.8 9 298.08
4.8 9.2 297.933
4.8 9.4 297.799
4.8 9.6 297.677
4.8 9.8 297.567
4.8 10 297.469
5 0 305.377
5 0.2 305.507
5 0.4 305.618
5 0.6 305.712
5 0.8 305.789
5 1 305.848
5 1.2 305.89
5 1.4 305.913
5 1.6 305.917
5 1.8 305.902
5 2 305.867
5 2.2 305.812
5 2.4 305.736
5 2.6 305.639
5 2.8 305.522
5 3 305.384
5 3.2 305.225
5 3.4 305.048
5 3.6 304.852
5 3.8 304.638
5 4 304.408
5 4.2 304.164
5 4.4 303.907
5 4.6 303.639
5 4.8 303.362
5 5 303.077
5 5.2 302.786
5 5.4 302.491
5 5.6 302.194
5 5.8 301.897
5 6 301.601
5 6.2 301.307
5 6.4 301.017
5 6.6 300.732
5 6.8 300.453
5 7 300.182
5 7.2 299.919
5 7.4 299.666
5 7.6 299.422
5 7.8 299.188
5 8 298.966
5 8.2 298.755
5 8.4 298.556
5 8.6 298.369
5 8.8 298.194
5 9 298.033
5 9.2 297.884
5 9.4 297.747
5 9.6 297.624
5 9.8 297.513
5 10 297.416
5.2 0 305.722
5.2 0.2 305.853
5.2 0.4 305.965
5.2 0.6 306.06
5.2 0.8 306.139
5.2 1 306.199
5.2 1.2 306.242
5.2 1.4 306.266
5.2 1.6 306.271
5.2 1.8 306.255
5.2 2 306.219
5.2 2.2 306.161
5.2 2.4 306.082
5.2 2.6 305.98
5.2 2.8 305.856
5.2 3 305.71
5.2 3.2 305.542
5.2 3.4 305.353
5.2 3.6 305.144
5.2 3.8 304.916
5.2 4 304.671
5.2 4.2 304.411
5.2 4.4 304.137
5.2 4.6 303.851
5.2 4.8 303.555
5.2 5 303.251
5.2 5.2 302.942
5.2 5.4 302.629
5.2 5.6 302.314
5.2 5.8 302
5.2 6 301.686
5.2 6.2 301.376
5.2 6.4 301.071
5.2 6.6 300.772
5.2 6.8 300.48
5.2 7 300.196
5.2 7.2 299.921
5.2 7.4 299.656
5.2 7.6 299.403
5.2 7.8 299.16
5.2 8 298.93
5.2 8.2 298.712
5.2 8.4 298.507
5.2 8.6 298.315
5.2 8.8 298.137
5.2 9 297.971
5.2 9.2 297.819
5.2 9.4 297.681
5.2 9.6 297.557
5.2 9.8 297.446
5.2 10 297.348
5.4 0 306.071
5.4 0.2 306.203
5.4 0.4 306.317
5.4 0.6 306.414
5.4 0.8 306.494
5.4 1 306.557
5.4 1.2 306.602
5.4 1.4 306.627
5.4 1.6 306.633
5.4 1.8 306.618
5.4 2 306.581
5.4 2.2 306.522
5.4 2.4 306.439
5.4 2.6 306.333
5.4 2.8 306.202
5.4 3 306.047
5.4 3.2 305.869
5.4 3.4 305.668
5.4 3.6 305.446
5.4 3.8 305.203
5.4 4 304.941
5.4 4.2 304.662
5.4 4.4 304.369
5.4 4.6 304.064
5.4 4.8 303.748
5.4 5 303.425
5.4 5.2 303.095
5.4 5.4 302.763
5.4 5.6 302.429
5.4 5.8 302.095
5.4 6 301.764
5.4 6.2 301.436
5.4 6.4 301.115
5.4 6.6 300.8
5.4 6.8 300.493
5.4 7 300.196
5.4 7.2 299.909
5.4 7.4 299.633
5.4 7.6 299.369
5.4 7.8 299.118
5.4 8 298.88
5.4 8.2 298.655
5.4 8.4 298.444
5.4 8.6 298.246
5.4 8.8 298.063
5.4 9 297.894
5.4 9.2 297.74
5.4 9.4 297.6
5.4 9.6 297.474
5.4 9.8 297.363
5.4 10 297.266
5.6 0 306.424
5.6 0.2 306.558
5.6 0.4 306.674
5.6 0.6 306.773
5.6 0.8 306.856
5.6 1 306.921
5.6 1.2 306.968
5.6 1.4 306.997
5.6 1.6 307.005
5.6 1.8 306.991
5.6 2 306.954
5.6 2.2 306.894
5.6 2.4 306.809
5.6 2.6 306.698
5.6 2.8 306.561
5.6 3 306.398
5.6 3.2 306.209
5.6 3.4 305.995
5.6 3.6 305.758
5.6 3.8 305.498
5.6 4 305.218
5.6 4.2 304.92
5.6 4.4 304.606
5.6 4.6 304.279
5.6 4.8 303.942
5.6 5 303.596
5.6 5.2 303.245
5.6 5.4 302.891
5.6 5.6 302.536
5.6 5.8 302.182
5.6 6 301.831
5.6 6.2 301.485
5.6 6.4 301.146
5.6 6.6 300.815
5.6 6.8 300.493
5.6 7 300.182
5.6 7.2 299.882
5.6 7.4 299.595
5.6 7.6 299.32
5.6 7.8 299.06
5.6 8 298.813
5.6 8.2 298.581
5.6 8.4 298.363
5.6 8.6 298.161
5.6 8.8 297.974
5.6 9 297.801
5.6 9.2 297.644
5.6 9.4 297.502
5.6 9.6 297.376
5.6 9.8 297.264
5.6 10 297.167
5.8 0 306.781
5.8 0.2 306.916
5.8 0.4 307.033
5.8 0.6 307.135
5.8 0.8 307.221
5.8 1 307.29
5.8 1.2 307.341
5.8 1.4 307.373
5.8 1.6 307.385
5.8 1.8 307.374
5.8 2 307.339
5.8 2.2 307.279
5.8 2.4 307.192
5.8 2.6 307.078
5.8 2.8 306.935
5.8 3 306.763
5.8 3.2 306.563
5.8 3.4 306.336
5.8 3.6 306.082
5.8 3.8 305.804
5.8 4 305.503
5.8 4.2 305.183
5.8 4.4 304.847
5.8 4.6 304.496
5.8 4.8 304.134
5.8 5 303.765
5.8 5.2 303.39
5.8 5.4 303.012
5.8 5.6 302.634
5.8 5.8 302.259
5.8 6 301.887
5.8 6.2 301.522
5.8 6.4 301.164
5.8 6.6 300.816
5.8 6.8 300.478
5.8 7 300.152
5.8 7.2 299.839
5.8 7.4 299.539
5.8 7.6 299.254
5.8 7.8 298.984
5.8 8 298.729
5.8 8.2 298.489
5.8 8.4 298.266
5.8 8.6 298.058
5.8 8.8 297.866
5.8 9 297.691
5.8 9.2 297.531
5.8 9.4 297.388
5.8 9.6 297.26
5.8 9.8 297.148
5.8 10 297.052
6 0 307.138
6 0.2 307.275
6 0.4 307.395
6 0.6 307.5
6 0.8 307.59
6 1 307.664
6 1.2 307.72
6 1.4 307.758
6 1.6 307.774
6 1.8 307.768
6 2 307.737
6 2.2 307.678
6 2.4 307.591
6 2.6 307.474
6 2.8 307.325
6 3 307.145
6 3.2 306.933
6 3.4 306.691
6 3.6 306.419
6 3.8 306.121
6 4 305.798
6 4.2 305.454
6 4.4 305.092
6 4.6 304.715
6 4.8 304.326
6 5 303.93
6 5.2 303.529
6 5.4 303.126
6 5.6 302.724
6 5.8 302.325
6 6 301.931
6 6.2 301.545
6 6.4 301.167
6 6.6 300.801
6 6.8 300.446
6 7 300.105
6 7.2 299.777
6 7.4 299.465
6 7.6 299.169
6 7.8 298.889
6 8 298.625
6 8.2 298.379
6 8.4 298.149
6 8.6 297.936
6 8.8 297.741
6 9 297.562
6 9.2 297.4
6 9.4 297.255
6 9.6 297.127
6 9.8 297.015
6 10 296.919
6.2 0 307.495
6.2 0.2 307.633
6.2 0.4 307.756
6.2 0.6 307.865
6.2 0.8 307.96
6.2 1 308.04
6.2 1.2 308.104
6.2 1.4 308.149
6.2 1.6 308.173
6.2 1.8 308.173
6.2 2 308.148
6.2 2.2 308.093
6.2 2.4 308.008
6.2 2.6 307.889
6.2 2.8 307.735
6.2 3 307.546
6.2 3.2 307.322
6.2 3.4 307.063
6.2 3.6 306.772
6.2 3.8 306.451
6.2 4 306.103
6.2 4.2 305.732
6.2 4.4 305.341
6.2 4.6 304.935
6.2 4.8 304.517
6.2 5 304.092
6.2 5.2 303.662
6.2 5.4 303.231
6.2 5.6 302.802
6.2 5.8 302.378
6.2 6 301.96
6.2 6.2 301.552
6.2 6.4 301.153
6.2 6.6 300.768
6.2 6.8 300.395
6.2 7 300.038
6.2 7.2 299.696
6.2 7.4 299.371
6.2 7.6 299.064
6.2 7.8 298.774
6.2 8 298.502
6.2 8.2 298.248
6.2 8.4 298.012
6.2 8.6 297.795
6.2 8.8 297.595
6.2 9 297.414
6.2 9.2 297.25
6.2 9.4 297.104
6.2 9.6 296.974
6.2 9.8 296.862
6.2 10 296.767
6.4 0 307.85
6.4 0.2 307.99
6.4 0.4 308.115
6.4 0.6 308.229
6.4 0.8 308.331
6.4 1 308.418
6.4 1.2 308.491
6.4 1.4 308.546
6.4 1.6 308.58
6.4 1.8 308.591
6.4 2 308.574
6.4 2.2 308.526
6.4 2.4 308.444
6.4 2.6 308.325
6.4 2.8 308.167
6.4 3 307.97
6.4 3.2 307.733
6.4 3.4 307.457
6.4 3.6 307.144
6.4 3.8 306.797
6.4 4 306.421
6.4 4.2 306.019
6.4 4.4 305.595
6.4 4.6 305.156
6.4 4.8 304.705
6.4 5 304.248
6.4 5.2 303.786
6.4 5.4 303.326
6.4 5.6 302.868
6.4 5.8 302.417
6.4 6 301.973
6.4 6.2 301.541
6.4 6.4 301.121
6.4 6.6 300.715
6.4 6.8 300.324
6.4 7 299.95
6.4 7.2 299.594
6.4 7.4 299.256
6.4 7.6 298.936
6.4 7.8 298.637
6.4 8 298.356
6.4 8.2 298.095
6.4 8.4 297.854
6.4 8.6 297.632
6.4 8.8 297.429
6.4 9 297.245
6.4 9.2 297.08
6.4 9.4 296.932
6.4 9.6 296.802
6.4 9.8 296.691
6.4 10 296.596
6.6 0 308.2
6.6 0.2 308.341
6.6 0.4 308.47
6.6 0.6 308.589
6.6 0.8 308.699
6.6 1 308.796
6.6 1.2 308.881
6.6 1.4 308.948
6.6 1.6 308.997
6.6 1.8 309.021
6.6 2 309.016
6.6 2.2 308.979
6.6 2.4 308.903
6.6 2.6 308.787
6.6 2.8 308.626
6.6 3 308.421
6.6 3.2 308.17
6.6 3.4 307.875
6.6 3.6 307.537
6.6 3.8 307.162
6.6 4 306.753
6.6 4.2 306.315
6.6 4.4 305.855
6.6 4.6 305.379
6.6 4.8 304.891
6.6 5 304.397
6.6 5.2 303.901
6.6 5.4 303.408
6.6 5.6 302.919
6.6 5.8 302.439
6.6 6 301.968
6.6 6.2 301.511
6.6 6.4 301.067
6.6 6.6 300.64
6.6 6.8 300.23
6.6 7 299.839
6.6 7.2 299.467
6.6 7.4 299.116
6.6 7.6 298.785
6.6 7.8 298.476
6.6 8 298.187
6.6 8.2 297.92
6.6 8.4 297.673
6.6 8.6 297.447
6.6 8.8 297.241
6.6 9 297.055
6.6 9.2 296.888
6.6 9.4 296.74
6.6 9.6 296.61
6.6 9.8 296.499
6.6 10 296.405
6.8 0 308.542
6.8 0.2 308.684
6.8 0.4 308.817
6.8 0.6 308.943
6.8 0.8 309.062
6.8 1 309.172
6.8 1.2 309.271
6.8 1.4 309.355
6.8 1.6 309.421
6.8 1.8 309.464
6.8 2 309.477
6.8 2.2 309.454
6.8 2.4 309.39
6.8 2.6 309.278
6.8 2.8 309.117
6.8 3 308.903
6.8 3.2 308.638
6.8 3.4 308.322
6.8 3.6 307.957
6.8 3.8 307.548
6.8 4 307.101
6.8 4.2 306.623
6.8 4.4 306.12
6.8 4.6 305.601
6.8 4.8 305.072
6.8 5 304.538
6.8 5.2 304.005
6.8 5.4 303.475
6.8 5.6 302.954
6.8 5.8 302.442
6.8 6 301.943
6.8 6.2 301.458
6.8 6.4 300.991
6.8 6.6 300.541
6.8 6.8 300.111
6.8 7 299.703
6.8 7.2 299.315
6.8 7.4 298.95
6.8 7.6 298.608
6.8 7.8 298.289
6.8 8 297.993
6.8 8.2 297.719
6.8 8.4 297.468
6.8 8.6 297.239
6.8 8.8 297.03
6.8 9 296.843
6.8 9.2 296.675
6.8 9.4 296.527
6.8 9.6 296.397
6.8 9.8 296.286
6.8 10 296.193
7 0 308.873
7 0.2 309.017
7 0.4 309.154
7 0.6 309.288
7 0.8 309.417
7 1 309.542
7 1.2 309.658
7 1.4 309.764
7 1.6 309.854
7 1.8 309.921
7 2 309.958
7 2.2 309.956
7 2.4 309.907
7 2.6 309.804
7 2.8 309.644
7 3 309.424
7 3.2 309.143
7 3.4 308.803
7 3.6 308.407
7 3.8 307.96
7 4 307.469
7 4.2 306.943
7 4.4 306.391
7 4.6 305.823
7 4.8 305.247
7 5 304.669
7 5.2 304.094
7 5.4 303.526
7 5.6 302.968
7 5.8 302.424
7 6 301.894
7 6.2 301.381
7 6.4 300.888
7 6.6 300.416
7 6.8 299.965
7 7 299.538
7 7.2 299.135
7 7.4 298.757
7 7.6 298.404
7 7.8 298.075
7 8 297.772
7 8.2 297.493
7 8.4 297.237
7 8.6 297.005
7 8.8 296.795
7 9 296.607
7 9.2 296.439
7 9.4 296.291
7 9.6 296.162
7 9.8 296.052
7 10 295.96
7.2 0 309.19
7.2 0.2 309.334
7.2 0.4 309.476
7.2 0.6 309.618
7.2 0.8 309.761
7.2 1 309.902
7.2 1.2 310.04
7.2 1.4 310.171
7.2 1.6 310.291
7.2 1.8 310.391
7.2 2 310.46
7.2 2.2 310.486
7.2 2.4 310.458
7.2 2.6 310.369
7.2 2.8 310.212
7.2 3 309.986
7.2 3.2 309.689
7.2 3.4 309.323
7.2 3.6 308.891
7.2 3.8 308.399
7.2 4 307.856
7.2 4.2 307.274
7.2 4.4 306.665
7.2 4.6 306.041
7.2 4.8 305.413
7.2 5 304.786
7.2 5.2 304.166
7.2 5.4 303.557
7.2 5.6 302.961
7.2 5.8 302.381
7.2 6 301.819
7.2 6.2 301.277
7.2 6.4 300.757
7.2 6.6 300.261
7.2 6.8 299.789
7.2 7 299.343
7.2 7.2 298.925
7.2 7.4 298.533
7.2 7.6 298.169
7.2 7.8 297.831
7.2 8 297.521
7.2 8.2 297.238
7.2 8.4 296.979
7.2 8.6 296.746
7.2 8.8 296.535
7.2 9 296.347
7.2 9.2 296.18
7.2 9.4 296.034
7.2 9.6 295.906
7.2 9.8 295.797
7.2 10 295.706
7.4 0 309.487
7.4 0.2 309.633
7.4 0.4 309.78
7.4 0.6 309.931
7.4 0.8 310.087
7.4 1 310.247
7.4 1.2 310.41
7.4 1.4 310.572
7.4 1.6 310.729
7.4 1.8 310.871
7.4 2 310.984
7.4 2.2 311.048
7.4 2.4 311.048
7.4 2.6 310.976
7.4 2.8 310.826
7.4 3 310.594
7.4 3.2 310.28
7.4 3.4 309.886
7.4 3.6 309.414
7.4 3.8 308.87
7.4 4 308.266
7.4 4.2 307.615
7.4 4.4 306.938
7.4 4.6 306.252
7.4 4.8 305.565
7.4 5 304.885
7.4 5.2 304.217
7.4 5.4 303.564
7.4 5.6 302.928
7.4 5.8 302.311
7.4 6 301.715
7.4 6.2 301.143
7.4 6.4 300.595
7.4 6.6 300.073
7.4 6.8 299.58
7.4 7 299.115
7.4 7.2 298.681
7.4 7.4 298.276
7.4 7.6 297.901
7.4 7.8 297.556
7.4 8 297.24
7.4 8.2 296.953
7.4 8.4 296.693
7.4 8.6 296.459
7.4 8.8 296.249
7.4 9 296.063
7.4 9.2 295.898
7.4 9.4 295.753
7.4 9.6 295.628
7.4 9.8 295.52
7.4 10 295.431
7.6 0 309.761
7.6 0.2 309.908
7.6 0.4 310.06
7.6 0.6 310.22
7.6 0.8 310.39
7.6 1 310.57
7.6 1.2 310.76
7.6 1.4 310.958
7.6 1.6 311.16
7.6 1.8 311.357
7.6 2 311.532
7.6 2.2 311.647
7.6 2.4 311.684
7.6 2.6 311.634
7.6 2.8 311.492
7.6 3 311.256
7.6 3.2 310.924
7.6 3.4 310.499
7.6 3.6 309.983
7.6 3.8 309.38
7.6 4 308.7
7.6 4.2 307.963
7.6 4.4 307.205
7.6 4.6 306.447
7.6 4.8 305.697
7.6 5 304.961
7.6 5.2 304.242
7.6 5.4 303.543
7.6 5.6 302.865
7.6 5.8 302.21
7.6 6 301.579
7.6 6.2 300.974
7.6 6.4 300.398
7.6 6.6 299.851
7.6 6.8 299.335
7.6 7 298.851
7.6 7.2 298.4
7.6 7.4 297.982
7.6 7.6 297.598
7.6 7.8 297.246
7.6 8 296.926
7.6 8.2 296.636
7.6 8.4 296.376
7.6 8.6 296.143
7.6 8.8 295.936
7.6 9 295.753
7.6 9.2 295.592
7.6 9.4 295.451
7.6 9.6 295.328
7.6 9.8 295.223
7.6 10 295.134
7.8 0 310.007
7.8 0.2 310.155
7.8 0.4 310.312
7.8 0.6 310.481
7.8 0.8 310.665
7.8 1 310.864
7.8 1.2 311.081
7.8 1.4 311.316
7.8 1.6 311.57
7.8 1.8 311.843
7.8 2 312.125
7.8 2.2 312.312
7.8 2.4 312.393
7.8 2.6 312.367
7.8 2.8 312.235
7.8 3 311.995
7.8 3.2 311.646
7.8 3.4 311.19
7.8 3.6 310.626
7.8 3.8 309.957
7.8 4 309.182
7.8 4.2 308.312
7.8 4.4 307.454
7.8 4.6 306.616
7.8 4.8 305.8
7.8 5 305.006
7.8 5.2 304.237
7.8 5.4 303.491
7.8 5.6 302.77
7.8 5.8 302.075
7.8 6 301.408
7.8 6.2 300.769
7.8 6.4 300.163
7.8 6.6 299.589
7.8 6.8 299.05
7.8 7 298.547
7.8 7.2 298.08
7.8 7.4 297.65
7.8 7.6 297.257
7.8 7.8 296.899
7.8 8 296.576
7.8 8.2 296.286
7.8 8.4 296.027
7.8 8.6 295.798
7.8 8.8 295.596
7.8 9 295.418
7.8 9.2 295.262
7.8 9.4 295.126
7.8 9.6 295.008
7.8 9.8 294.905
7.8 10 294.818
8 0 310.222
8 0.2 310.371
8 0.4 310.531
8 0.6 310.708
8 0.8 310.903
8 1 311.12
8 1.2 311.361
8 1.4 311.631
8 1.6 311.939
8 1.8 312.314
8 2 312.855
8 2.2 313.14
8 2.4 313.268
8 2.6 313.266
8 2.8 313.142
8 3 312.898
8 3.2 312.533
8 3.4 312.047
8 3.6 311.439
8 3.8 310.7
8 4 309.804
8 4.2 308.65
8 4.4 307.664
8 4.6 306.744
8 4.8 305.864
8 5 305.015
8 5.2 304.195
8 5.4 303.403
8 5.6 302.639
8 5.8 301.903
8 6 301.197
8 6.2 300.524
8 6.4 299.886
8 6.6 299.284
8 6.8 298.722
8 7 298.199
8 7.2 297.717
8 7.4 297.275
8 7.6 296.874
8 7.8 296.512
8 8 296.187
8 8.2 295.899
8 8.4 295.644
8 8.6 295.421
8 8.8 295.227
8 9 295.057
8 9.2 294.909
8 9.4 294.78
8 9.6 294.667
8 9.8 294.569
8 10 294.483
8.2 0 310.401
8.2 0.2 310.55
8.2 0.4 310.714
8.2 0.6 310.896
8.2 0.8 311.1
8.2 1 311.329
8.2 1.2 311.587
8.2 1.4 311.882
8.2 1.6 312.226
8.2 1.8 312.659
8.2 2 313.289
8.2 2.2 313.629
8.2 2.4 313.787
8.2 2.6 313.801
8.2 2.8 313.681
8.2 3 313.431
8.2 3.2 313.052
8.2 3.4 312.542
8.2 3.6 311.898
8.2 3.8 311.107
8.2 4 310.134
8.2 4.2 308.867
8.2 4.4 307.797
8.2 4.6 306.813
8.2 4.8 305.879
8.2 5 304.981
8.2 5.2 304.114
8.2 5.4 303.277
8.2 5.6 302.469
8.2 5.8 301.691
8.2 6 300.945
8.2 6.2 300.235
8.2 6.4 299.563
8.2 6.6 298.933
8.2 6.8 298.346
8.2 7 297.803
8.2 7.2 297.306
8.2 7.4 296.854
8.2 7.6 296.446
8.2 7.8 296.081
8.2 8 295.758
8.2 8.2 295.474
8.2 8.4 295.226
8.2 8.6 295.012
8.2 8.8 294.828
8.2 9 294.67
8.2 9.2 294.534
8.2 9.4 294.415
8.2 9.6 294.31
8.2 9.8 294.216
8.2 10 294.131
8.4 0 310.542
8.4 0.2 310.692
8.4 0.4 310.857
8.4 0.6 311.042
8.4 0.8 311.25
8.4 1 311.484
8.4 1.2 311.75
8.4 1.4 312.055
8.4 1.6 312.414
8.4 1.8 312.865
8.4 2 313.52
8.4 2.2 313.876
8.4 2.4 314.044
8.4 2.6 314.06
8.4 2.8 313.938
8.4 3 313.681
8.4 3.2 313.29
8.4 3.4 312.764
8.4 3.6 312.097
8.4 3.8 311.277
8.4 4 310.266
8.4 4.2 308.952
8.4 4.4 307.838
8.4 4.6 306.813
8.4 4.8 305.838
8.4 5 304.899
8.4 5.2 303.99
8.4 5.4 303.11
8.4 5.6 302.258
8.4 5.8 301.436
8.4 6 300.647
8.4 6.2 299.897
8.4 6.4 299.19
8.4 6.6 298.529
8.4 6.8 297.917
8.4 7 297.356
8.4 7.2 296.844
8.4 7.4 296.383
8.4 7.6 295.97
8.4 7.8 295.604
8.4 8 295.284
8.4 8.2 295.007
8.4 8.4 294.769
8.4 8.6 294.568
8.4 8.8 294.4
8.4 9 294.258
8.4 9.2 294.137
8.4 9.4 294.032
8.4 9.6 293.937
8.4 9.8 293.849
8.4 10 293.766
8.6 0 310.643
8.6 0.2 310.793
8.6 0.4 310.959
8.6 0.6 311.144
8.6 0.8 311.352
8.6 1 311.585
8.6 1.2 311.848
8.6 1.4 312.148
8.6 1.6 312.497
8.6 1.8 312.932
8.6 2 313.564
8.6 2.2 313.903
8.6 2.4 314.058
8.6 2.6 314.065
8.6 2.8 313.934
8.6 3 313.668
8.6 3.2 313.269
8.6 3.4 312.735
8.6 3.6 312.06
8.6 3.8 311.234
8.6 4 310.22
8.6 4.2 308.907
8.6 4.4 307.784
8.6 4.6 306.741
8.6 4.8 305.741
8.6 5 304.771
8.6 5.2 303.826
8.6 5.4 302.904
8.6 5.6 302.006
8.6 5.8 301.137
8.6 6 300.301
8.6 6.2 299.508
8.6 6.4 298.762
8.6 6.6 298.069
8.6 6.8 297.431
8.6 7 296.85
8.6 7.2 296.326
8.6 7.4 295.856
8.6 7.6 295.44
8.6 7.8 295.076
8.6 8 294.762
8.6 8.2 294.495
8.6 8.4 294.271
8.6 8.6 294.088
8.6 8.8 293.94
8.6 9 293.82
8.6 9.2 293.721
8.6 9.4 293.635
8.6 9.6 293.554
8.6 9.8 293.475
8.6 10 293.393
8.8 0 310.704
8.8 0.2 310.855
8.8 0.4 311.019
8.8 0.6 311.202
8.8 0.8 311.406
8.8 1 311.632
8.8 1.2 311.883
8.8 1.4 312.163
8.8 1.6 312.48
8.8 1.8 312.862
8.8 2 313.407
8.8 2.2 313.691
8.8 2.4 313.812
8.8 2.6 313.797
8.8 2.8 313.652
8.8 3 313.377
8.8 3.2 312.972
8.8 3.4 312.437
8.8 3.6 311.768
8.8 3.8 310.959
8.8 4 309.981
8.8 4.2 308.735
8.8 4.4 307.643
8.8 4.6 306.606
8.8 4.8 305.595
8.8 5 304.602
8.8 5.2 303.624
8.8 5.4 302.661
8.8 5.6 301.715
8.8 5.8 300.793
8.8 6 299.904
8.8 6.2 299.06
8.8 6.4 298.272
8.8 6.6 297.544
8.8 6.8 296.881
8.8 7 296.281
8.8 7.2 295.745
8.8 7.4 295.27
8.8 7.6 294.853
8.8 7.8 294.493
8.8 8 294.188
8.8 8.2 293.934
8.8 8.4 293.729
8.8 8.6 293.569
8.8 8.8 293.448
8.8 9 293.358
8.8 9.2 293.289
8.8 9.4 293.228
8.8 9.6 293.167
8.8 9.8 293.098
8.8 10 293.018
9 0 310.726
9 0.2 310.877
9 0.4 311.04
9 0.6 311.219
9 0.8 311.415
9 1 311.629
9 1.2 311.862
9 1.4 312.114
9 1.6 312.383
9 1.8 312.668
9 2 312.957
9 2.2 313.144
9 2.4 313.216
9 2.6 313.172
9 2.8 313.008
9 3 312.724
9 3.2 312.316
9 3.4 311.786
9 3.6 311.133
9 3.8 310.358
9 4 309.461
9 4.2 308.453
9 4.4 307.437
9 4.6 306.424
9 4.8 305.413
9 5 304.404
9 5.2 303.396
9 5.4 302.39
9 5.6 301.39
9 5.8 300.405
9 6 299.452
9 6.2 298.549
9 6.4 297.712
9 6.6 296.948
9 6.8 296.258
9 7 295.642
9 7.2 295.096
9 7.4 294.618
9 7.6 294.204
9 7.8 293.851
9 8 293.557
9 8.2 293.32
9 8.4 293.137
9 8.6 293.006
9 8.8 292.92
9 9 292.871
9 9.2 292.843
9 9.4 292.819
9 9.6 292.784
9 9.8 292.729
9 10 292.65
9.2 0 310.71
9.2 0.2 310.861
9.2 0.4 311.022
9.2 0.6 311.196
9.2 0.8 311.384
9.2 1 311.585
9.2 1.2 311.799
9.2 1.4 312.021
9.2 1.6 312.245
9.2 1.8 312.462
9.2 2 312.649
9.2 2.2 312.767
9.2 2.4 312.796
9.2 2.6 312.723
9.2 2.8 312.541
9.2 3 312.247
9.2 3.2 311.839
9.2 3.4 311.317
9.2 3.6 310.681
9.2 3.8 309.938
9.2 4 309.097
9.2 4.2 308.175
9.2 4.4 307.21
9.2 4.6 306.22
9.2 4.8 305.212
9.2 5 304.189
9.2 5.2 303.152
9.2 5.4 302.1
9.2 5.6 301.038
9.2 5.8 299.976
9.2 6 298.938
9.2 6.2 297.963
9.2 6.4 297.071
9.2 6.6 296.269
9.2 6.8 295.555
9.2 7 294.926
9.2 7.2 294.374
9.2 7.4 293.896
9.2 7.6 293.487
9.2 7.8 293.143
9.2 8 292.863
9.2 8.2 292.646
9.2 8.4 292.49
9.2 8.6 292.393
9.2 8.8 292.353
9.2 9 292.359
9.2 9.2 292.39
9.2 9.4 292.416
9.2 9.6 292.416
9.2 9.8 292.38
9.2 10 292.303
9.4 0 310.659
9.4 0.2 310.81
9.4 0.4 310.968
9.4 0.6 311.137
9.4 0.8 311.317
9.4 1 311.506
9.4 1.2 311.702
9.4 1.4 311.899
9.4 1.6 312.089
9.4 1.8 312.26
9.4 2 312.393
9.4 2.2 312.466
9.4 2.4 312.46
9.4 2.6 312.364
9.4 2.8 312.168
9.4 3 311.867
9.4 3.2 311.459
9.4 3.4 310.943
9.4 3.6 310.324
9.4 3.8 309.606
9.4 4 308.8
9.4 4.2 307.921
9.4 4.4 306.988
9.4 4.6 306.015
9.4 4.8 305.01
9.4 5 303.975
9.4 5.2 302.91
9.4 5.4 301.81
9.4 5.6 300.675
9.4 5.8 299.511
9.4 6 298.353
9.4 6.2 297.284
9.4 6.4 296.33
9.4 6.6 295.493
9.4 6.8 294.761
9.4 7 294.124
9.4 7.2 293.573
9.4 7.4 293.099
9.4 7.6 292.699
9.4 7.8 292.367
9.4 8 292.103
9.4 8.2 291.906
9.4 8.4 291.778
9.4 8.6 291.721
9.4 8.8 291.735
9.4 9 291.817
9.4 9.2 291.938
9.4 9.4 292.036
9.4 9.6 292.082
9.4 9.8 292.068
9.4 10 291.992
9.6 0 310.574
9.6 0.2 310.724
9.6 0.4 310.88
9.6 0.6 311.046
9.6 0.8 311.22
9.6 1 311.399
9.6 1.2 311.582
9.6 1.4 311.761
9.6 1.6 311.927
9.6 1.8 312.069
9.6 2 312.171
9.6 2.2 312.216
9.6 2.4 312.187
9.6 2.6 312.074
9.6 2.8 311.868
9.6 3 311.562
9.6 3.2 311.155
9.6 3.4 310.646
9.6 3.6 310.039
9.6 3.8 309.338
9.6 4 308.555
9.6 4.2 307.7
9.6 4.4 306.786
9.6 4.6 305.825
9.6 4.8 304.822
9.6 5 303.778
9.6 5.2 302.689
9.6 5.4 301.544
9.6 5.6 300.329
9.6 5.8 299.03
9.6 6 297.67
9.6 6.2 296.479
9.6 6.4 295.466
9.6 6.6 294.603
9.6 6.8 293.864
9.6 7 293.23
9.6 7.2 292.687
9.6 7.4 292.224
9.6 7.6 291.836
9.6 7.8 291.519
9.6 8 291.271
9.6 8.2 291.094
9.6 8.4 290.991
9.6 8.6 290.972
9.6 8.8 291.047
9.6 9 291.23
9.6 9.2 291.507
9.6 9.4 291.704
9.6 9.6 291.805
9.6 9.8 291.814
9.6 10 291.739
9.8 0 310.456
9.8 0.2 310.606
9.8 0.4 310.761
9.8 0.6 310.924
9.8 0.8 311.094
9.8 1 311.269
9.8 1.2 311.444
9.8 1.4 311.613
9.8 1.6 311.767
9.8 1.8 311.895
9.8 2 311.982
9.8 2.2 312.012
9.8 2.4 311.973
9.8 2.6 311.852
9.8 2.8 311.64
9.8 3 311.333
9.8 3.2 310.927
9.8 3.4 310.422
9.8 3.6 309.822
9.8 3.8 309.132
9.8 4 308.361
9.8 4.2 307.519
9.8 4.4 306.616
9.8 4.6 305.662
9.8 4.8 304.662
9.8 5 303.614
9.8 5.2 302.512
9.8 5.4 301.337
9.8 5.6 300.057
9.8 5.8 298.601
9.8 6 296.807
9.8 6.2 295.488
9.8 6.4 294.443
9.8 6.6 293.581
9.8 6.8 292.856
9.8 7 292.239
9.8 7.2 291.713
9.8 7.4 291.269
9.8 7.6 290.898
9.8 7.8 290.596
9.8 8 290.363
9.8 8.2 290.201
9.8 8.4 290.117
9.8 8.6 290.124
9.8 8.8 290.248
9.8 9 290.546
9.8 9.2 291.15
9.8 9.4 291.466
9.8 9.6 291.614
9.8 9.8 291.642
9.8 10 291.567
10 0 310.456
10 0.2 310.456
10 0.4 310.61
10 0.6 310.773
10 0.8 310.942
10 1 311.116
10 1.2 311.29
10 1.4 311.459
10 1.6 311.613
10 1.8 311.74
10 2 311.826
10 2.2 311.857
10 2.4 311.818
10 2.6 311.697
10 2.8 311.486
10 3 311.18
10 3.2 310.776
10 3.4 310.273
10 3.6 309.675
10 3.8 308.988
10 4 308.22
10 4.2 307.381
10 4.4 306.482
10 4.6 305.532
10 4.8 304.536
10 5 303.492
10 5.2 302.394
10 5.4 301.224
10 5.6 299.949
10 5.8 298.499
10 6 295.459
10 6.2 294.215
10 6.4 293.229
10 6.6 292.416
10 6.8 291.732
10 7 291.15
10 7.2 290.654
10 7.4 290.235
10 7.6 289.885
10 7.8 289.6
10 8 289.38
10 8.2 289.228
10 8.4 289.148
10 8.6 289.155
10 8.8 289.272
10 9 289.553
10 9.2 291.078
10 9.4 291.393
10 9.6 291.54
10 9.8 291.567
10 10 291.567
