0 0 273.168
0 0.2 273.168
0 0.4 273.17
0 0.6 273.171
0 0.8 273.173
0 1 273.174
0 1.2 273.175
0 1.4 273.176
0 1.6 273.176
0 1.8 273.176
0 2 273.176
0 2.2 273.176
0 2.4 273.175
0 2.6 273.174
0 2.8 273.172
0 3 273.17
0 3.2 273.168
0 3.4 273.165
0 3.6 273.162
0 3.8 273.159
0 4 273.155
0 4.2 273.15
0 4.4 273.146
0 4.6 273.141
0 4.8 273.136
0 5 273.13
0 5.2 273.125
0 5.4 273.119
0 5.6 273.113
0 5.8 273.107
0 6 273.101
0 6.2 273.095
0 6.4 273.09
0 6.6 273.084
0 6.8 273.078
0 7 273.073
0 7.2 273.068
0 7.4 273.063
0 7.6 273.058
0 7.8 273.054
0 8 273.05
0 8.2 273.046
0 8.4 273.043
0 8.6 273.04
0 8.8 273.037
0 9 273.035
0 9.2 273.034
0 9.4 273.032
0 9.6 273.031
0 9.8 273.031
0 10 273.031
0.2 0 273.168
0.2 0.2 273.169
0.2 0.4 273.171
0.2 0.6 273.172
0.2 0.8 273.173
0.2 1 273.175
0.2 1.2 273.176
0.2 1.4 273.176
0.2 1.6 273.177
0.2 1.8 273.177
0.2 2 273.177
0.2 2.2 273.176
0.2 2.4 273.176
0.2 2.6 273.175
0.2 2.8 273.173
0.2 3 273.171
0.2 3.2 273.169
0.2 3.4 273.166
0.2 3.6 273.163
0.2 3.8 273.159
0.2 4 273.155
0.2 4.2 273.151
0.2 4.4 273.146
0.2 4.6 273.141
0.2 4.8 273.136
0.2 5 273.131
0.2 5.2 273.125
0.2 5.4 273.119
0.2 5.6 273.114
0.2 5.8 273.108
0.2 6 273.102
0.2 6.2 273.096
0.2 6.4 273.09
0.2 6.6 273.084
0.2 6.8 273.079
0.2 7 273.073
0.2 7.2 273.068
0.2 7.4 273.063
0.2 7.6 273.058
0.2 7.8 273.054
0.2 8 273.05
0.2 8.2 273.046
0.2 8.4 273.043
0.2 8.6 273.04
0.2 8.8 273.038
0.2 9 273.035
0.2 9.2 273.034
0.2 9.4 273.032
0.2 9.6 273.031
0.2 9.8 273.031
0.2 10 273.031
0.4 0 273.175
0.4 0.2 273.176
0.4 0.4 273.177
0.4 0.6 273.179
0.4 0.8 273.18
0.4 1 273.181
0.4 1.2 273.182
0.4 1.4 273.183
0.4 1.6 273.183
0.4 1.8 273.184
0.4 2 273.183
0.4 2.2 273.183
0.4 2.4 273.182
0.4 2.6 273.181
0.4 2.8 273.179
0.4 3 273.177
0.4 3.2 273.175
0.4 3.4 273.172
0.4 3.6 273.169
0.4 3.8 273.165
0.4 4 273.161
0.4 4.2 273.157
0.4 4.4 273.152
0.4 4.6 273.147
0.4 4.8 273.141
0.4 5 273.136
0.4 5.2 273.13
0.4 5.4 273.124
0.4 5.6 273.118
0.4 5.8 273.112
0.4 6 273.105
0.4 6.2 273.099
0.4 6.4 273.093
0.4 6.6 273.087
0.4 6.8 273.081
0.4 7 273.076
0.4 7.2 273.07
0.4 7.4 273.065
0.4 7.6 273.061
0.4 7.8 273.056
0.4 8 273.052
0.4 8.2 273.048
0.4 8.4 273.045
0.4 8.6 273.042
0.4 8.8 273.039
0.4 9 273.037
0.4 9.2 273.035
0.4 9.4 273.033
0.4 9.6 273.032
0.4 9.8 273.032
0.4 10 273.032
0.6 0 273.186
0.6 0.2 273.187
0.6 0.4 273.189
0.6 0.6 273.19
0.6 0.8 273.192
0.6 1 273.193
0.6 1.2 273.194
0.6 1.4 273.195
0.6 1.6 273.195
0.6 1.8 273.195
0.6 2 273.195
0.6 2.2 273.195
0.6 2.4 273.194
0.6 2.6 273.192
0.6 2.8 273.191
0.6 3 273.189
0.6 3.2 273.186
0.6 3.4 273.183
0.6 3.6 273.179
0.6 3.8 273.175
0.6 4 273.171
0.6 4.2 273.166
0.6 4.4 273.161
0.6 4.6 273.156
0.6 4.8 273.15
0.6 5 273.144
0.6 5.2 273.138
0.6 5.4 273.131
0.6 5.6 273.125
0.6 5.8 273.118
0.6 6 273.112
0.6 6.2 273.105
0.6 6.4 273.099
0.6 6.6 273.092
0.6 6.8 273.086
0.6 7 273.08
0.6 7.2 273.075
0.6 7.4 273.069
0.6 7.6 273.064
0.6 7.8 273.059
0.6 8 273.055
0.6 8.2 273.051
0.6 8.4 273.047
0.6 8.6 273.044
0.6 8.8 273.041
0.6 9 273.039
0.6 9.2 273.037
0.6 9.4 273.035
0.6 9.6 273.034
0.6 9.8 273.034
0.6 10 273.034
0.8 0 273.203
0.8 0.2 273.203
0.8 0.4 273.205
0.8 0.6 273.207
0.8 0.8 273.208
0.8 1 273.21
0.8 1.2 273.211
0.8 1.4 273.212
0.8 1.6 273.212
0.8 1.8 273.212
0.8 2 273.212
0.8 2.2 273.212
0.8 2.4 273.211
0.8 2.6 273.209
0.8 2.8 273.207
0.8 3 273.205
0.8 3.2 273.202
0.8 3.4 273.199
0.8 3.6 273.195
0.8 3.8 273.19
0.8 4 273.186
0.8 4.2 273.18
0.8 4.4 273.175
0.8 4.6 273.169
0.8 4.8 273.163
0.8 5 273.156
0.8 5.2 273.149
0.8 5.4 273.142
0.8 5.6 273.135
0.8 5.8 273.128
0.8 6 273.121
0.8 6.2 273.114
0.8 6.4 273.107
0.8 6.6 273.1
0.8 6.8 273.093
0.8 7 273.087
0.8 7.2 273.081
0.8 7.4 273.075
0.8 7.6 273.069
0.8 7.8 273.064
0.8 8 273.059
0.8 8.2 273.055
0.8 8.4 273.051
0.8 8.6 273.048
0.8 8.8 273.045
0.8 9 273.042
0.8 9.2 273.04
0.8 9.4 273.038
0.8 9.6 273.037
0.8 9.8 273.036
0.8 10 273.036
1 0 273.224
1 0.2 273.225
1 0.4 273.227
1 0.6 273.229
1 0.8 273.231
1 1 273.232
1 1.2 273.233
1 1.4 273.234
1 1.6 273.235
1 1.8 273.235
1 2 273.235
1 2.2 273.234
1 2.4 273.233
1 2.6 273.231
1 2.8 273.229
1 3 273.226
1 3.2 273.223
1 3.4 273.22
1 3.6 273.215
1 3.8 273.21
1 4 273.205
1 4.2 273.199
1 4.4 273.193
1 4.6 273.186
1 4.8 273.179
1 5 273.172
1 5.2 273.165
1 5.4 273.157
1 5.6 273.149
1 5.8 273.141
1 6 273.133
1 6.2 273.125
1 6.4 273.118
1 6.6 273.11
1 6.8 273.103
1 7 273.096
1 7.2 273.089
1 7.4 273.082
1 7.6 273.076
1 7.8 273.07
1 8 273.065
1 8.2 273.06
1 8.4 273.056
1 8.6 273.052
1 8.8 273.049
1 9 273.046
1 9.2 273.044
1 9.4 273.042
1 9.6 273.041
1 9.8 273.04
1 10 273.04
1.2 0 273.252
1.2 0.2 273.253
1.2 0.4 273.255
1.2 0.6 273.257
1.2 0.8 273.259
1.2 1 273.26
1.2 1.2 273.261
1.2 1.4 273.262
1.2 1.6 273.263
1.2 1.8 273.263
1.2 2 273.263
1.2 2.2 273.262
1.2 2.4 273.261
1.2 2.6 273.259
1.2 2.8 273.257
1.2 3 273.254
1.2 3.2 273.25
1.2 3.4 273.246
1.2 3.6 273.241
1.2 3.8 273.236
1.2 4 273.23
1.2 4.2 273.223
1.2 4.4 273.216
1.2 4.6 273.208
1.2 4.8 273.201
1.2 5 273.192
1.2 5.2 273.184
1.2 5.4 273.175
1.2 5.6 273.166
1.2 5.8 273.158
1.2 6 273.149
1.2 6.2 273.14
1.2 6.4 273.131
1.2 6.6 273.123
1.2 6.8 273.114
1.2 7 273.106
1.2 7.2 273.099
1.2 7.4 273.091
1.2 7.6 273.085
1.2 7.8 273.078
1.2 8 273.072
1.2 8.2 273.067
1.2 8.4 273.062
1.2 8.6 273.058
1.2 8.8 273.054
1.2 9 273.051
1.2 9.2 273.048
1.2 9.4 273.046
1.2 9.6 273.045
1.2 9.8 273.044
1.2 10 273.044
1.4 0 273.285
1.4 0.2 273.287
1.4 0.4 273.289
1.4 0.6 273.291
1.4 0.8 273.293
1.4 1 273.294
1.4 1.2 273.296
1.4 1.4 273.297
1.4 1.6 273.298
1.4 1.8 273.298
1.4 2 273.298
1.4 2.2 273.297
1.4 2.4 273.295
1.4 2.6 273.293
1.4 2.8 273.29
1.4 3 273.287
1.4 3.2 273.283
1.4 3.4 273.278
1.4 3.6 273.273
1.4 3.8 273.266
1.4 4 273.259
1.4 4.2 273.252
1.4 4.4 273.244
1.4 4.6 273.235
1.4 4.8 273.226
1.4 5 273.217
1.4 5.2 273.207
1.4 5.4 273.198
1.4 5.6 273.188
1.4 5.8 273.177
1.4 6 273.167
1.4 6.2 273.157
1.4 6.4 273.147
1.4 6.6 273.138
1.4 6.8 273.128
1.4 7 273.119
1.4 7.2 273.111
1.4 7.4 273.103
1.4 7.6 273.095
1.4 7.8 273.088
1.4 8 273.081
1.4 8.2 273.075
1.4 8.4 273.07
1.4 8.6 273.065
1.4 8.8 273.061
1.4 9 273.057
1.4 9.2 273.054
1.4 9.4 273.052
1.4 9.6 273.05
1.4 9.8 273.05
1.4 10 273.049
1.6 0 273.325
1.6 0.2 273.327
1.6 0.4 273.329
1.6 0.6 273.331
1.6 0.8 273.334
1.6 1 273.336
1.6 1.2 273.337
1.6 1.4 273.338
1.6 1.6 273.339
1.6 1.8 273.339
1.6 2 273.339
1.6 2.2 273.338
1.6 2.4 273.336
1.6 2.6 273.334
1.6 2.8 273.331
1.6 3 273.327
1.6 3.2 273.322
1.6 3.4 273.317
1.6 3.6 273.31
1.6 3.8 273.303
1.6 4 273.295
1.6 4.2 273.287
1.6 4.4 273.277
1.6 4.6 273.268
1.6 4.8 273.257
1.6 5 273.247
1.6 5.2 273.235
1.6 5.4 273.224
1.6 5.6 273.213
1.6 5.8 273.201
1.6 6 273.19
1.6 6.2 273.178
1.6 6.4 273.167
1.6 6.6 273.156
1.6 6.8 273.145
1.6 7 273.135
1.6 7.2 273.125
1.6 7.4 273.116
1.6 7.6 273.107
1.6 7.8 273.099
1.6 8 273.091
1.6 8.2 273.085
1.6 8.4 273.078
1.6 8.6 273.073
1.6 8.8 273.068
1.6 9 273.064
1.6 9.2 273.061
1.6 9.4 273.058
1.6 9.6 273.057
1.6 9.8 273.056
1.6 10 273.055
1.8 0 273.372
1.8 0.2 273.374
1.8 0.4 273.377
1.8 0.6 273.379
1.8 0.8 273.382
1.8 1 273.384
1.8 1.2 273.386
1.8 1.4 273.387
1.8 1.6 273.388
1.8 1.8 273.388
1.8 2 273.388
1.8 2.2 273.387
1.8 2.4 273.385
1.8 2.6 273.382
1.8 2.8 273.378
1.8 3 273.374
1.8 3.2 273.368
1.8 3.4 273.362
1.8 3.6 273.355
1.8 3.8 273.346
1.8 4 273.337
1.8 4.2 273.327
1.8 4.4 273.317
1.8 4.6 273.305
1.8 4.8 273.294
1.8 5 273.281
1.8 5.2 273.268
1.8 5.4 273.255
1.8 5.6 273.242
1.8 5.8 273.229
1.8 6 273.216
1.8 6.2 273.203
1.8 6.4 273.19
1.8 6.6 273.177
1.8 6.8 273.165
1.8 7 273.153
1.8 7.2 273.142
1.8 7.4 273.131
1.8 7.6 273.121
1.8 7.8 273.112
1.8 8 273.103
1.8 8.2 273.096
1.8 8.4 273.089
1.8 8.6 273.082
1.8 8.8 273.077
1.8 9 273.072
1.8 9.2 273.069
1.8 9.4 273.066
1.8 9.6 273.064
1.8 9.8 273.063
1.8 10 273.063
2 0 273.427
2 0.2 273.429
2 0.4 273.432
2 0.6 273.435
2 0.8 273.437
2 1 273.44
2 1.2 273.442
2 1.4 273.444
2 1.6 273.444
2 1.8 273.445
2 2 273.444
2 2.2 273.443
2 2.4 273.441
2 2.6 273.438
2 2.8 273.434
2 3 273.429
2 3.2 273.422
2 3.4 273.415
2 3.6 273.406
2 3.8 273.397
2 4 273.386
2 4.2 273.375
2 4.4 273.363
2 4.6 273.349
2 4.8 273.336
2 5 273.321
2 5.2 273.307
2 5.4 273.292
2 5.6 273.276
2 5.8 273.261
2 6 273.246
2 6.2 273.231
2 6.4 273.216
2 6.6 273.201
2 6.8 273.187
2 7 273.174
2 7.2 273.161
2 7.4 273.149
2 7.6 273.138
2 7.8 273.127
2 8 273.117
2 8.2 273.108
2 8.4 273.1
2 8.6 273.093
2 8.8 273.087
2 9 273.082
2 9.2 273.078
2 9.4 273.074
2 9.6 273.072
2 9.8 273.071
2 10 273.071
2.2 0 273.49
2.2 0.2 273.492
2.2 0.4 273.495
2.2 0.6 273.499
2.2 0.8 273.502
2.2 1 273.505
2.2 1.2 273.507
2.2 1.4 273.509
2.2 1.6 273.51
2.2 1.8 273.51
2.2 2 273.51
2.2 2.2 273.509
2.2 2.4 273.506
2.2 2.6 273.503
2.2 2.8 273.498
2.2 3 273.492
2.2 3.2 273.485
2.2 3.4 273.476
2.2 3.6 273.466
2.2 3.8 273.455
2.2 4 273.443
2.2 4.2 273.43
2.2 4.4 273.415
2.2 4.6 273.4
2.2 4.8 273.384
2.2 5 273.368
2.2 5.2 273.351
2.2 5.4 273.333
2.2 5.6 273.316
2.2 5.8 273.298
2.2 6 273.28
2.2 6.2 273.263
2.2 6.4 273.246
2.2 6.6 273.229
2.2 6.8 273.213
2.2 7 273.198
2.2 7.2 273.183
2.2 7.4 273.169
2.2 7.6 273.156
2.2 7.8 273.144
2.2 8 273.133
2.2 8.2 273.123
2.2 8.4 273.114
2.2 8.6 273.106
2.2 8.8 273.099
2.2 9 273.093
2.2 9.2 273.088
2.2 9.4 273.084
2.2 9.6 273.082
2.2 9.8 273.08
2.2 10 273.08
2.4 0 273.562
2.4 0.2 273.564
2.4 0.4 273.568
2.4 0.6 273.572
2.4 0.8 273.575
2.4 1 273.579
2.4 1.2 273.581
2.4 1.4 273.583
2.4 1.6 273.585
2.4 1.8 273.585
2.4 2 273.585
2.4 2.2 273.583
2.4 2.4 273.581
2.4 2.6 273.577
2.4 2.8 273.571
2.4 3 273.564
2.4 3.2 273.556
2.4 3.4 273.546
2.4 3.6 273.535
2.4 3.8 273.522
2.4 4 273.508
2.4 4.2 273.493
2.4 4.4 273.476
2.4 4.6 273.458
2.4 4.8 273.44
2.4 5 273.421
2.4 5.2 273.401
2.4 5.4 273.381
2.4 5.6 273.361
2.4 5.8 273.34
2.4 6 273.32
2.4 6.2 273.3
2.4 6.4 273.28
2.4 6.6 273.261
2.4 6.8 273.243
2.4 7 273.225
2.4 7.2 273.208
2.4 7.4 273.192
2.4 7.6 273.177
2.4 7.8 273.163
2.4 8 273.151
2.4 8.2 273.139
2.4 8.4 273.129
2.4 8.6 273.119
2.4 8.8 273.111
2.4 9 273.105
2.4 9.2 273.099
2.4 9.4 273.095
2.4 9.6 273.092
2.4 9.8 273.091
2.4 10 273.09
2.6 0 273.644
2.6 0.2 273.646
2.6 0.4 273.651
2.6 0.6 273.655
2.6 0.8 273.659
2.6 1 273.663
2.6 1.2 273.666
2.6 1.4 273.668
2.6 1.6 273.67
2.6 1.8 273.671
2.6 2 273.671
2.6 2.2 273.669
2.6 2.4 273.666
2.6 2.6 273.661
2.6 2.8 273.655
2.6 3 273.647
2.6 3.2 273.638
2.6 3.4 273.626
2.6 3.6 273.613
2.6 3.8 273.598
2.6 4 273.582
2.6 4.2 273.564
2.6 4.4 273.545
2.6 4.6 273.525
2.6 4.8 273.503
2.6 5 273.481
2.6 5.2 273.458
2.6 5.4 273.435
2.6 5.6 273.412
2.6 5.8 273.388
2.6 6 273.365
2.6 6.2 273.342
2.6 6.4 273.319
2.6 6.6 273.297
2.6 6.8 273.276
2.6 7 273.255
2.6 7.2 273.236
2.6 7.4 273.218
2.6 7.6 273.201
2.6 7.8 273.185
2.6 8 273.17
2.6 8.2 273.157
2.6 8.4 273.145
2.6 8.6 273.135
2.6 8.8 273.126
2.6 9 273.118
2.6 9.2 273.112
2.6 9.4 273.107
2.6 9.6 273.104
2.6 9.8 273.102
2.6 10 273.102
2.8 0 273.736
2.8 0.2 273.739
2.8 0.4 273.744
2.8 0.6 273.749
2.8 0.8 273.754
2.8 1 273.758
2.8 1.2 273.762
2.8 1.4 273.765
2.8 1.6 273.767
2.8 1.8 273.768
2.8 2 273.768
2.8 2.2 273.766
2.8 2.4 273.763
2.8 2.6 273.757
2.8 2.8 273.75
2.8 3 273.741
2.8 3.2 273.73
2.8 3.4 273.717
2.8 3.6 273.702
2.8 3.8 273.685
2.8 4 273.666
2.8 4.2 273.645
2.8 4.4 273.623
2.8 4.6 273.6
2.8 4.8 273.575
2.8 5 273.549
2.8 5.2 273.523
2.8 5.4 273.496
2.8 5.6 273.469
2.8 5.8 273.442
2.8 6 273.415
2.8 6.2 273.388
2.8 6.4 273.362
2.8 6.6 273.337
2.8 6.8 273.313
2.8 7 273.29
2.8 7.2 273.267
2.8 7.4 273.247
2.8 7.6 273.227
2.8 7.8 273.209
2.8 8 273.192
2.8 8.2 273.177
2.8 8.4 273.164
2.8 8.6 273.152
2.8 8.8 273.142
2.8 9 273.133
2.8 9.2 273.126
2.8 9.4 273.121
2.8 9.6 273.117
2.8 9.8 273.115
2.8 10 273.114
3 0 273.84
3 0.2 273.843
3 0.4 273.849
3 0.6 273.855
3 0.8 273.86
3 1 273.865
3 1.2 273.87
3 1.4 273.873
3 1.6 273.876
3 1.8 273.877
3 2 273.877
3 2.2 273.875
3 2.4 273.872
3 2.6 273.866
3 2.8 273.858
3 3 273.848
3 3.2 273.835
3 3.4 273.82
3 3.6 273.803
3 3.8 273.783
3 4 273.761
3 4.2 273.737
3 4.4 273.712
3 4.6 273.684
3 4.8 273.656
3 5 273.626
3 5.2 273.596
3 5.4 273.565
3 5.6 273.534
3 5.8 273.502
3 6 273.471
3 6.2 273.441
3 6.4 273.411
3 6.6 273.382
3 6.8 273.354
3 7 273.328
3 7.2 273.302
3 7.4 273.278
3 7.6 273.256
3 7.8 273.236
3 8 273.217
3 8.2 273.2
3 8.4 273.184
3 8.6 273.171
3 8.8 273.159
3 9 273.149
3 9.2 273.141
3 9.4 273.135
3 9.6 273.131
3 9.8 273.129
3 10 273.128
3.2 0 273.956
3.2 0.2 273.96
3.2 0.4 273.967
3.2 0.6 273.973
3.2 0.8 273.979
3.2 1 273.985
3.2 1.2 273.991
3.2 1.4 273.995
3.2 1.6 273.998
3.2 1.8 274
3.2 2 274.001
3.2 2.2 273.999
3.2 2.4 273.995
3.2 2.6 273.989
3.2 2.8 273.98
3.2 3 273.968
3.2 3.2 273.953
3.2 3.4 273.936
3.2 3.6 273.916
3.2 3.8 273.894
3.2 4 273.868
3.2 4.2 273.841
3.2 4.4 273.811
3.2 4.6 273.78
3.2 4.8 273.747
3.2 5 273.713
3.2 5.2 273.677
3.2 5.4 273.642
3.2 5.6 273.606
3.2 5.8 273.57
3.2 6 273.534
3.2 6.2 273.499
3.2 6.4 273.465
3.2 6.6 273.432
3.2 6.8 273.4
3.2 7 273.37
3.2 7.2 273.341
3.2 7.4 273.314
3.2 7.6 273.288
3.2 7.8 273.265
3.2 8 273.244
3.2 8.2 273.224
3.2 8.4 273.207
3.2 8.6 273.192
3.2 8.8 273.178
3.2 9 273.167
3.2 9.2 273.158
3.2 9.4 273.152
3.2 9.6 273.147
3.2 9.8 273.144
3.2 10 273.143
3.4 0 274.086
3.4 0.2 274.091
3.4 0.4 274.098
3.4 0.6 274.105
3.4 0.8 274.113
3.4 1 274.12
3.4 1.2 274.126
3.4 1.4 274.131
3.4 1.6 274.136
3.4 1.8 274.138
3.4 2 274.139
3.4 2.2 274.137
3.4 2.4 274.133
3.4 2.6 274.126
3.4 2.8 274.116
3.4 3 274.103
3.4 3.2 274.086
3.4 3.4 274.067
3.4 3.6 274.044
3.4 3.8 274.018
3.4 4 273.989
3.4 4.2 273.957
3.4 4.4 273.923
3.4 4.6 273.886
3.4 4.8 273.848
3.4 5 273.809
3.4 5.2 273.768
3.4 5.4 273.727
3.4 5.6 273.686
3.4 5.8 273.645
3.4 6 273.604
3.4 6.2 273.564
3.4 6.4 273.525
3.4 6.6 273.487
3.4 6.8 273.451
3.4 7 273.416
3.4 7.2 273.383
3.4 7.4 273.352
3.4 7.6 273.324
3.4 7.8 273.297
3.4 8 273.273
3.4 8.2 273.251
3.4 8.4 273.232
3.4 8.6 273.214
3.4 8.8 273.199
3.4 9 273.187
3.4 9.2 273.177
3.4 9.4 273.169
3.4 9.6 273.164
3.4 9.8 273.161
3.4 10 273.16
3.6 0 274.231
3.6 0.2 274.236
3.6 0.4 274.244
3.6 0.6 274.252
3.6 0.8 274.261
3.6 1 274.269
3.6 1.2 274.277
3.6 1.4 274.284
3.6 1.6 274.289
3.6 1.8 274.292
3.6 2 274.294
3.6 2.2 274.292
3.6 2.4 274.288
3.6 2.6 274.28
3.6 2.8 274.269
3.6 3 274.254
3.6 3.2 274.236
3.6 3.4 274.213
3.6 3.6 274.187
3.6 3.8 274.157
3.6 4 274.123
3.6 4.2 274.087
3.6 4.4 274.047
3.6 4.6 274.006
3.6 4.8 273.962
3.6 5 273.916
3.6 5.2 273.87
3.6 5.4 273.823
3.6 5.6 273.775
3.6 5.8 273.728
3.6 6 273.681
3.6 6.2 273.635
3.6 6.4 273.591
3.6 6.6 273.547
3.6 6.8 273.506
3.6 7 273.467
3.6 7.2 273.43
3.6 7.4 273.395
3.6 7.6 273.362
3.6 7.8 273.332
3.6 8 273.305
3.6 8.2 273.28
3.6 8.4 273.258
3.6 8.6 273.239
3.6 8.8 273.222
3.6 9 273.208
3.6 9.2 273.197
3.6 9.4 273.188
3.6 9.6 273.182
3.6 9.8 273.179
3.6 10 273.178
3.8 0 274.391
3.8 0.2 274.397
3.8 0.4 274.406
3.8 0.6 274.415
3.8 0.8 274.425
3.8 1 274.435
3.8 1.2 274.444
3.8 1.4 274.453
3.8 1.6 274.459
3.8 1.8 274.464
3.8 2 274.466
3.8 2.2 274.465
3.8 2.4 274.461
3.8 2.6 274.453
3.8 2.8 274.44
3.8 3 274.424
3.8 3.2 274.403
3.8 3.4 274.377
3.8 3.6 274.347
3.8 3.8 274.312
3.8 4 274.274
3.8 4.2 274.232
3.8 4.4 274.187
3.8 4.6 274.138
3.8 4.8 274.088
3.8 5 274.036
3.8 5.2 273.982
3.8 5.4 273.928
3.8 5.6 273.874
3.8 5.8 273.819
3.8 6 273.766
3.8 6.2 273.714
3.8 6.4 273.663
3.8 6.6 273.614
3.8 6.8 273.567
3.8 7 273.522
3.8 7.2 273.48
3.8 7.4 273.441
3.8 7.6 273.404
3.8 7.8 273.371
3.8 8 273.34
3.8 8.2 273.312
3.8 8.4 273.287
3.8 8.6 273.265
3.8 8.8 273.247
3.8 9 273.231
3.8 9.2 273.218
3.8 9.4 273.208
3.8 9.6 273.202
3.8 9.8 273.198
3.8 10 273.197
4 0 274.567
4 0.2 274.574
4 0.4 274.584
4 0.6 274.595
4 0.8 274.607
4 1 274.619
4 1.2 274.63
4 1.4 274.64
4 1.6 274.648
4 1.8 274.654
4 2 274.658
4 2.2 274.658
4 2.4 274.653
4 2.6 274.645
4 2.8 274.631
4 3 274.613
4 3.2 274.589
4 3.4 274.56
4 3.6 274.525
4 3.8 274.486
4 4 274.442
4 4.2 274.393
4 4.4 274.341
4 4.6 274.286
4 4.8 274.228
4 5 274.168
4 5.2 274.107
4 5.4 274.044
4 5.6 273.982
4 5.8 273.92
4 6 273.859
4 6.2 273.8
4 6.4 273.742
4 6.6 273.686
4 6.8 273.633
4 7 273.583
4 7.2 273.535
4 7.4 273.491
4 7.6 273.45
4 7.8 273.412
4 8 273.377
4 8.2 273.346
4 8.4 273.318
4 8.6 273.294
4 8.8 273.273
4 9 273.255
4 9.2 273.241
4 9.4 273.23
4 9.6 273.223
4 9.8 273.219
4 10 273.218
4.2 0 274.761
4.2 0.2 274.768
4.2 0.4 274.78
4.2 0.6 274.793
4.2 0.8 274.807
4.2 1 274.821
4.2 1.2 274.834
4.2 1.4 274.847
4.2 1.6 274.857
4.2 1.8 274.866
4.2 2 274.87
4.2 2.2 274.871
4.2 2.4 274.868
4.2 2.6 274.859
4.2 2.8 274.844
4.2 3 274.823
4.2 3.2 274.797
4.2 3.4 274.763
4.2 3.6 274.724
4.2 3.8 274.679
4.2 4 274.628
4.2 4.2 274.573
4.2 4.4 274.513
4.2 4.6 274.449
4.2 4.8 274.383
4.2 5 274.314
4.2 5.2 274.244
4.2 5.4 274.173
4.2 5.6 274.101
4.2 5.8 274.031
4.2 6 273.961
4.2 6.2 273.894
4.2 6.4 273.828
4.2 6.6 273.765
4.2 6.8 273.705
4.2 7 273.648
4.2 7.2 273.595
4.2 7.4 273.545
4.2 7.6 273.499
4.2 7.8 273.456
4.2 8 273.417
4.2 8.2 273.382
4.2 8.4 273.351
4.2 8.6 273.324
4.2 8.8 273.301
4.2 9 273.281
4.2 9.2 273.265
4.2 9.4 273.253
4.2 9.6 273.245
4.2 9.8 273.24
4.2 10 273.239
4.4 0 274.974
4.4 0.2 274.982
4.4 0.4 274.995
4.4 0.6 275.01
4.4 0.8 275.026
4.4 1 275.043
4.4 1.2 275.059
4.4 1.4 275.075
4.4 1.6 275.088
4.4 1.8 275.099
4.4 2 275.106
4.4 2.2 275.108
4.4 2.4 275.105
4.4 2.6 275.096
4.4 2.8 275.081
4.4 3 275.058
4.4 3.2 275.028
4.4 3.4 274.99
4.4 3.6 274.945
4.4 3.8 274.894
4.4 4 274.836
4.4 4.2 274.772
4.4 4.4 274.703
4.4 4.6 274.63
4.4 4.8 274.554
4.4 5 274.475
4.4 5.2 274.394
4.4 5.4 274.313
4.4 5.6 274.232
4.4 5.8 274.151
4.4 6 274.073
4.4 6.2 273.996
4.4 6.4 273.922
4.4 6.6 273.851
4.4 6.8 273.783
4.4 7 273.719
4.4 7.2 273.659
4.4 7.4 273.603
4.4 7.6 273.551
4.4 7.8 273.503
4.4 8 273.46
4.4 8.2 273.421
4.4 8.4 273.387
4.4 8.6 273.357
4.4 8.8 273.331
4.4 9 273.309
4.4 9.2 273.291
4.4 9.4 273.278
4.4 9.6 273.269
4.4 9.8 273.264
4.4 10 273.263
4.6 0 275.205
4.6 0.2 275.214
4.6 0.4 275.229
4.6 0.6 275.247
4.6 0.8 275.266
4.6 1 275.286
4.6 1.2 275.306
4.6 1.4 275.325
4.6 1.6 275.342
4.6 1.8 275.356
4.6 2 275.366
4.6 2.2 275.371
4.6 2.4 275.369
4.6 2.6 275.36
4.6 2.8 275.343
4.6 3 275.318
4.6 3.2 275.284
4.6 3.4 275.242
4.6 3.6 275.191
4.6 3.8 275.132
4.6 4 275.065
4.6 4.2 274.992
4.6 4.4 274.913
4.6 4.6 274.829
4.6 4.8 274.742
4.6 5 274.651
4.6 5.2 274.559
4.6 5.4 274.466
4.6 5.6 274.374
4.6 5.8 274.283
4.6 6 274.193
4.6 6.2 274.106
4.6 6.4 274.023
4.6 6.6 273.943
4.6 6.8 273.866
4.6 7 273.795
4.6 7.2 273.727
4.6 7.4 273.665
4.6 7.6 273.607
4.6 7.8 273.554
4.6 8 273.506
4.6 8.2 273.463
4.6 8.4 273.424
4.6 8.6 273.391
4.6 8.8 273.362
4.6 9 273.338
4.6 9.2 273.319
4.6 9.4 273.304
4.6 9.6 273.294
4.6 9.8 273.288
4.6 10 273.287
4.8 0 275.457
4.8 0.2 275.467
4.8 0.4 275.484
4.8 0.6 275.504
4.8 0.8 275.527
4.8 1 275.551
4.8 1.2 275.576
4.8 1.4 275.599
4.8 1.6 275.621
4.8 1.8 275.64
4.8 2 275.653
4.8 2.2 275.661
4.8 2.4 275.661
4.8 2.6 275.653
4.8 2.8 275.635
4.8 3 275.607
4.8 3.2 275.57
4.8 3.4 275.522
4.8 3.6 275.464
4.8 3.8 275.396
4.8 4 275.32
4.8 4.2 275.235
4.8 4.4 275.145
4.8 4.6 275.048
4.8 4.8 274.948
4.8 5 274.844
4.8 5.2 274.739
4.8 5.4 274.634
4.8 5.6 274.528
4.8 5.8 274.425
4.8 6 274.324
4.8 6.2 274.226
4.8 6.4 274.131
4.8 6.6 274.041
4.8 6.8 273.956
4.8 7 273.875
4.8 7.2 273.8
4.8 7.4 273.73
4.8 7.6 273.666
4.8 7.8 273.607
4.8 8 273.554
4.8 8.2 273.506
4.8 8.4 273.464
4.8 8.6 273.427
4.8 8.8 273.395
4.8 9 273.368
4.8 9.2 273.347
4.8 9.4 273.331
4.8 9.6 273.32
4.8 9.8 273.313
4.8 10 273.312
5 0 275.729
5 0.2 275.74
5 0.4 275.76
5 0.6 275.783
5 0.8 275.81
5 1 275.84
5 1.2 275.87
5 1.4 275.899
5 1.6 275.927
5 1.8 275.951
5 2 275.969
5 2.2 275.981
5 2.4 275.983
5 2.6 275.976
5 2.8 275.958
5 3 275.928
5 3.2 275.886
5 3.4 275.832
5 3.6 275.765
5 3.8 275.688
5 4 275.601
5 4.2 275.504
5 4.4 275.4
5 4.6 275.289
5 4.8 275.174
5 5 275.055
5 5.2 274.935
5 5.4 274.815
5 5.6 274.695
5 5.8 274.578
5 6 274.464
5 6.2 274.353
5 6.4 274.247
5 6.6 274.146
5 6.8 274.051
5 7 273.961
5 7.2 273.877
5 7.4 273.8
5 7.6 273.728
5 7.8 273.663
5 8 273.604
5 8.2 273.552
5 8.4 273.505
5 8.6 273.464
5 8.8 273.429
5 9 273.4
5 9.2 273.377
5 9.4 273.359
5 9.6 273.347
5 9.8 273.34
5 10 273.338
5.2 0 276.022
5.2 0.2 276.034
5.2 0.4 276.057
5.2 0.6 276.085
5.2 0.8 276.117
5.2 1 276.152
5.2 1.2 276.189
5.2 1.4 276.226
5.2 1.6 276.261
5.2 1.8 276.292
5.2 2 276.317
5.2 2.2 276.333
5.2 2.4 276.34
5.2 2.6 276.334
5.2 2.8 276.316
5.2 3 276.283
5.2 3.2 276.237
5.2 3.4 276.175
5.2 3.6 276.1
5.2 3.8 276.011
5.2 4 275.911
5.2 4.2 275.799
5.2 4.4 275.68
5.2 4.6 275.553
5.2 4.8 275.42
5.2 5 275.285
5.2 5.2 275.148
5.2 5.4 275.011
5.2 5.6 274.876
5.2 5.8 274.743
5.2 6 274.614
5.2 6.2 274.49
5.2 6.4 274.371
5.2 6.6 274.258
5.2 6.8 274.151
5.2 7 274.052
5.2 7.2 273.959
5.2 7.4 273.873
5.2 7.6 273.794
5.2 7.8 273.722
5.2 8 273.657
5.2 8.2 273.599
5.2 8.4 273.548
5.2 8.6 273.503
5.2 8.8 273.465
5.2 9 273.433
5.2 9.2 273.407
5.2 9.4 273.388
5.2 9.6 273.374
5.2 9.8 273.367
5.2 10 273.366
5.4 0 276.337
5.4 0.2 276.35
5.4 0.4 276.376
5.4 0.6 276.409
5.4 0.8 276.447
5.4 1 276.49
5.4 1.2 276.536
5.4 1.4 276.582
5.4 1.6 276.626
5.4 1.8 276.666
5.4 2 276.698
5.4 2.2 276.721
5.4 2.4 276.733
5.4 2.6 276.73
5.4 2.8 276.712
5.4 3 276.677
5.4 3.2 276.625
5.4 3.4 276.556
5.4 3.6 276.47
5.4 3.8 276.368
5.4 4 276.253
5.4 4.2 276.125
5.4 4.4 275.987
5.4 4.6 275.841
5.4 4.8 275.689
5.4 5 275.534
5.4 5.2 275.378
5.4 5.4 275.222
5.4 5.6 275.069
5.4 5.8 274.919
5.4 6 274.774
5.4 6.2 274.634
5.4 6.4 274.501
5.4 6.6 274.376
5.4 6.8 274.257
5.4 7 274.146
5.4 7.2 274.044
5.4 7.4 273.949
5.4 7.6 273.862
5.4 7.8 273.783
5.4 8 273.712
5.4 8.2 273.648
5.4 8.4 273.592
5.4 8.6 273.543
5.4 8.8 273.501
5.4 9 273.467
5.4 9.2 273.439
5.4 9.4 273.418
5.4 9.6 273.403
5.4 9.8 273.395
5.4 10 273.393
5.6 0 276.672
5.6 0.2 276.687
5.6 0.4 276.716
5.6 0.6 276.755
5.6 0.8 276.801
5.6 1 276.853
5.6 1.2 276.909
5.6 1.4 276.967
5.6 1.6 277.022
5.6 1.8 277.073
5.6 2 277.116
5.6 2.2 277.148
5.6 2.4 277.166
5.6 2.6 277.168
5.6 2.8 277.15
5.6 3 277.113
5.6 3.2 277.056
5.6 3.4 276.977
5.6 3.6 276.879
5.6 3.8 276.762
5.6 4 276.629
5.6 4.2 276.482
5.6 4.4 276.323
5.6 4.6 276.155
5.6 4.8 275.981
5.6 5 275.804
5.6 5.2 275.626
5.6 5.4 275.449
5.6 5.6 275.275
5.6 5.8 275.106
5.6 6 274.943
5.6 6.2 274.787
5.6 6.4 274.639
5.6 6.6 274.499
5.6 6.8 274.368
5.6 7 274.245
5.6 7.2 274.132
5.6 7.4 274.028
5.6 7.6 273.932
5.6 7.8 273.846
5.6 8 273.768
5.6 8.2 273.699
5.6 8.4 273.637
5.6 8.6 273.584
5.6 8.8 273.539
5.6 9 273.501
5.6 9.2 273.471
5.6 9.4 273.448
5.6 9.6 273.432
5.6 9.8 273.423
5.6 10 273.422
5.8 0 277.028
5.8 0.2 277.045
5.8 0.4 277.078
5.8 0.6 277.124
5.8 0.8 277.179
5.8 1 277.242
5.8 1.2 277.311
5.8 1.4 277.383
5.8 1.6 277.453
5.8 1.8 277.518
5.8 2 277.574
5.8 2.2 277.617
5.8 2.4 277.644
5.8 2.6 277.651
5.8 2.8 277.636
5.8 3 277.597
5.8 3.2 277.533
5.8 3.4 277.444
5.8 3.6 277.332
5.8 3.8 277.197
5.8 4 277.043
5.8 4.2 276.873
5.8 4.4 276.69
5.8 4.6 276.496
5.8 4.8 276.297
5.8 5 276.094
5.8 5.2 275.891
5.8 5.4 275.691
5.8 5.6 275.495
5.8 5.8 275.304
5.8 6 275.122
5.8 6.2 274.948
5.8 6.4 274.783
5.8 6.6 274.628
5.8 6.8 274.483
5.8 7 274.348
5.8 7.2 274.223
5.8 7.4 274.109
5.8 7.6 274.005
5.8 7.8 273.91
5.8 8 273.826
5.8 8.2 273.75
5.8 8.4 273.684
5.8 8.6 273.626
5.8 8.8 273.577
5.8 9 273.536
5.8 9.2 273.503
5.8 9.4 273.478
5.8 9.6 273.461
5.8 9.8 273.452
5.8 10 273.45
6 0 277.404
6 0.2 277.422
6 0.4 277.46
6 0.6 277.514
6 0.8 277.58
6 1 277.657
6 1.2 277.742
6 1.4 277.83
6 1.6 277.918
6 1.8 278.001
6 2 278.074
6 2.2 278.132
6 2.4 278.17
6 2.6 278.185
6 2.8 278.173
6 3 278.132
6 3.2 278.061
6 3.4 277.961
6 3.6 277.832
6 3.8 277.677
6 4 277.499
6 4.2 277.302
6 4.4 277.09
6 4.6 276.867
6 4.8 276.638
6 5 276.406
6 5.2 276.175
6 5.4 275.947
6 5.6 275.726
6 5.8 275.513
6 6 275.309
6 6.2 275.115
6 6.4 274.932
6 6.6 274.761
6 6.8 274.601
6 7 274.453
6 7.2 274.317
6 7.4 274.192
6 7.6 274.079
6 7.8 273.976
6 8 273.884
6 8.2 273.802
6 8.4 273.73
6 8.6 273.668
6 8.8 273.615
6 9 273.571
6 9.2 273.536
6 9.4 273.509
6 9.6 273.491
6 9.8 273.481
6 10 273.479
6.2 0 277.797
6.2 0.2 277.816
6.2 0.4 277.861
6.2 0.6 277.924
6.2 0.8 278.003
6.2 1 278.097
6.2 1.2 278.201
6.2 1.4 278.31
6.2 1.6 278.421
6.2 1.8 278.526
6.2 2 278.62
6.2 2.2 278.697
6.2 2.4 278.75
6.2 2.6 278.775
6.2 2.8 278.768
6.2 3 278.725
6.2 3.2 278.647
6.2 3.4 278.533
6.2 3.6 278.385
6.2 3.8 278.205
6.2 4 277.999
6.2 4.2 277.77
6.2 4.4 277.524
6.2 4.6 277.267
6.2 4.8 277.004
6.2 5 276.738
6.2 5.2 276.476
6.2 5.4 276.218
6.2 5.6 275.969
6.2 5.8 275.73
6.2 6 275.503
6.2 6.2 275.288
6.2 6.4 275.086
6.2 6.6 274.897
6.2 6.8 274.722
6.2 7 274.561
6.2 7.2 274.412
6.2 7.4 274.276
6.2 7.6 274.153
6.2 7.8 274.042
6.2 8 273.942
6.2 8.2 273.854
6.2 8.4 273.777
6.2 8.6 273.71
6.2 8.8 273.653
6.2 9 273.606
6.2 9.2 273.568
6.2 9.4 273.539
6.2 9.6 273.52
6.2 9.8 273.509
6.2 10 273.507
6.4 0 278.206
6.4 0.2 278.226
6.4 0.4 278.277
6.4 0.6 278.351
6.4 0.8 278.447
6.4 1 278.56
6.4 1.2 278.687
6.4 1.4 278.823
6.4 1.6 278.961
6.4 1.8 279.095
6.4 2 279.215
6.4 2.2 279.316
6.4 2.4 279.388
6.4 2.6 279.427
6.4 2.8 279.427
6.4 3 279.384
6.4 3.2 279.297
6.4 3.4 279.167
6.4 3.6 278.996
6.4 3.8 278.788
6.4 4 278.547
6.4 4.2 278.28
6.4 4.4 277.995
6.4 4.6 277.698
6.4 4.8 277.394
6.4 5 277.091
6.4 5.2 276.793
6.4 5.4 276.502
6.4 5.6 276.223
6.4 5.8 275.956
6.4 6 275.703
6.4 6.2 275.465
6.4 6.4 275.243
6.4 6.6 275.036
6.4 6.8 274.845
6.4 7 274.669
6.4 7.2 274.507
6.4 7.4 274.361
6.4 7.6 274.227
6.4 7.8 274.108
6.4 8 274.001
6.4 8.2 273.906
6.4 8.4 273.823
6.4 8.6 273.751
6.4 8.8 273.69
6.4 9 273.64
6.4 9.2 273.6
6.4 9.4 273.569
6.4 9.6 273.548
6.4 9.8 273.537
6.4 10 273.535
6.6 0 278.626
6.6 0.2 278.649
6.6 0.4 278.707
6.6 0.6 278.794
6.6 0.8 278.908
6.6 1 279.044
6.6 1.2 279.199
6.6 1.4 279.367
6.6 1.6 279.54
6.6 1.8 279.708
6.6 2 279.863
6.6 2.2 279.995
6.6 2.4 280.092
6.6 2.6 280.149
6.6 2.8 280.158
6.6 3 280.115
6.6 3.2 280.019
6.6 3.4 279.871
6.6 3.6 279.672
6.6 3.8 279.429
6.6 4 279.147
6.6 4.2 278.836
6.6 4.4 278.503
6.6 4.6 278.158
6.6 4.8 277.81
6.6 5 277.463
6.6 5.2 277.124
6.6 5.4 276.797
6.6 5.6 276.484
6.6 5.8 276.187
6.6 6 275.907
6.6 6.2 275.645
6.6 6.4 275.402
6.6 6.6 275.176
6.6 6.8 274.968
6.6 7 274.777
6.6 7.2 274.603
6.6 7.4 274.444
6.6 7.6 274.301
6.6 7.8 274.173
6.6 8 274.058
6.6 8.2 273.957
6.6 8.4 273.868
6.6 8.6 273.792
6.6 8.8 273.727
6.6 9 273.673
6.6 9.2 273.631
6.6 9.4 273.598
6.6 9.6 273.576
6.6 9.8 273.564
6.6 10 273.562
6.8 0 279.054
6.8 0.2 279.079
6.8 0.4 279.146
6.8 0.6 279.247
6.8 0.8 279.382
6.8 1 279.546
6.8 1.2 279.735
6.8 1.4 279.942
6.8 1.6 280.157
6.8 1.8 280.37
6.8 2 280.569
6.8 2.2 280.74
6.8 2.4 280.87
6.8 2.6 280.95
6.8 2.8 280.971
6.8 3 280.93
6.8 3.2 280.824
6.8 3.4 280.654
6.8 3.6 280.422
6.8 3.8 280.136
6.8 4 279.805
6.8 4.2 279.438
6.8 4.4 279.049
6.8 4.6 278.649
6.8 4.8 278.247
6.8 5 277.851
6.8 5.2 277.467
6.8 5.4 277.1
6.8 5.6 276.75
6.8 5.8 276.421
6.8 6 276.113
6.8 6.2 275.826
6.8 6.4 275.56
6.8 6.6 275.315
6.8 6.8 275.09
6.8 7 274.884
6.8 7.2 274.696
6.8 7.4 274.526
6.8 7.6 274.373
6.8 7.8 274.236
6.8 8 274.114
6.8 8.2 274.006
6.8 8.4 273.912
6.8 8.6 273.831
6.8 8.8 273.762
6.8 9 273.706
6.8 9.2 273.66
6.8 9.4 273.626
6.8 9.6 273.603
6.8 9.8 273.59
6.8 10 273.588
7 0 279.485
7 0.2 279.511
7 0.4 279.588
7 0.6 279.706
7 0.8 279.865
7 1 280.061
7 1.2 280.29
7 1.4 280.543
7 1.6 280.812
7 1.8 281.083
7 2 281.339
7 2.2 281.561
7 2.4 281.734
7 2.6 281.844
7 2.8 281.882
7 3 281.843
7 3.2 281.725
7 3.4 281.529
7 3.6 281.258
7 3.8 280.92
7 4 280.526
7 4.2 280.091
7 4.4 279.633
7 4.6 279.166
7 4.8 278.703
7 5 278.251
7 5.2 277.818
7 5.4 277.407
7 5.6 277.019
7 5.8 276.656
7 6 276.318
7 6.2 276.005
7 6.4 275.717
7 6.6 275.451
7 6.8 275.209
7 7 274.988
7 7.2 274.787
7 7.4 274.605
7 7.6 274.442
7 7.8 274.296
7 8 274.167
7 8.2 274.053
7 8.4 273.954
7 8.6 273.868
7 8.8 273.796
7 9 273.736
7 9.2 273.689
7 9.4 273.653
7 9.6 273.628
7 9.8 273.615
7 10 273.612
7.2 0 279.913
7.2 0.2 279.94
7.2 0.4 280.027
7.2 0.6 280.164
7.2 0.8 280.35
7.2 1 280.582
7.2 1.2 280.857
7.2 1.4 281.168
7.2 1.6 281.504
7.2 1.8 281.85
7.2 2 282.182
7.2 2.2 282.473
7.2 2.4 282.702
7.2 2.6 282.851
7.2 2.8 282.911
7.2 3 282.876
7.2 3.2 282.745
7.2 3.4 282.518
7.2 3.6 282.199
7.2 3.8 281.795
7.2 4 281.322
7.2 4.2 280.8
7.2 4.4 280.254
7.2 4.6 279.707
7.2 4.8 279.172
7.2 5 278.659
7.2 5.2 278.172
7.2 5.4 277.713
7.2 5.6 277.285
7.2 5.8 276.887
7.2 6 276.519
7.2 6.2 276.18
7.2 6.4 275.868
7.2 6.6 275.583
7.2 6.8 275.323
7.2 7 275.087
7.2 7.2 274.873
7.2 7.4 274.681
7.2 7.6 274.508
7.2 7.8 274.354
7.2 8 274.217
7.2 8.2 274.097
7.2 8.4 273.993
7.2 8.6 273.903
7.2 8.8 273.827
7.2 9 273.764
7.2 9.2 273.715
7.2 9.4 273.677
7.2 9.6 273.651
7.2 9.8 273.637
7.2 10 273.635
7.4 0 280.33
7.4 0.2 280.359
7.4 0.4 280.456
7.4 0.6 280.612
7.4 0.8 280.827
7.4 1 281.1
7.4 1.2 281.429
7.4 1.4 281.808
7.4 1.6 282.23
7.4 1.8 282.676
7.4 2 283.113
7.4 2.2 283.498
7.4 2.4 283.8
7.4 2.6 283.999
7.4 2.8 284.087
7.4 3 284.059
7.4 3.2 283.913
7.4 3.4 283.649
7.4 3.6 283.27
7.4 3.8 282.783
7.4 4 282.206
7.4 4.2 281.568
7.4 4.4 280.911
7.4 4.6 280.265
7.4 4.8 279.648
7.4 5 279.065
7.4 5.2 278.52
7.4 5.4 278.014
7.4 5.6 277.544
7.4 5.8 277.111
7.4 6 276.713
7.4 6.2 276.347
7.4 6.4 276.013
7.4 6.6 275.709
7.4 6.8 275.432
7.4 7 275.181
7.4 7.2 274.955
7.4 7.4 274.751
7.4 7.6 274.569
7.4 7.8 274.407
7.4 8 274.263
7.4 8.2 274.138
7.4 8.4 274.028
7.4 8.6 273.935
7.4 8.8 273.855
7.4 9 273.79
7.4 9.2 273.739
7.4 9.4 273.7
7.4 9.6 273.673
7.4 9.8 273.658
7.4 10 273.656
7.6 0 280.73
7.6 0.2 280.761
7.6 0.4 280.868
7.6 0.6 281.044
7.6 0.8 281.289
7.6 1 281.604
7.6 1.2 281.992
7.6 1.4 282.452
7.6 1.6 282.981
7.6 1.8 283.561
7.6 2 284.147
7.6 2.2 284.661
7.6 2.4 285.058
7.6 2.6 285.32
7.6 2.8 285.44
7.6 3 285.42
7.6 3.2 285.258
7.6 3.4 284.952
7.6 3.6 284.502
7.6 3.8 283.911
7.6 4 283.195
7.6 4.2 282.397
7.6 4.4 281.594
7.6 4.6 280.829
7.6 4.8 280.118
7.6 5 279.461
7.6 5.2 278.857
7.6 5.4 278.301
7.6 5.6 277.791
7.6 5.8 277.323
7.6 6 276.895
7.6 6.2 276.504
7.6 6.4 276.148
7.6 6.6 275.825
7.6 6.8 275.532
7.6 7 275.267
7.6 7.2 275.029
7.6 7.4 274.815
7.6 7.6 274.624
7.6 7.8 274.454
7.6 8 274.305
7.6 8.2 274.174
7.6 8.4 274.06
7.6 8.6 273.963
7.6 8.8 273.881
7.6 9 273.813
7.6 9.2 273.76
7.6 9.4 273.719
7.6 9.6 273.692
7.6 9.8 273.677
7.6 10 273.674
7.8 0 281.104
7.8 0.2 281.136
7.8 0.4 281.253
7.8 0.6 281.448
7.8 0.8 281.721
7.8 1 282.079
7.8 1.2 282.528
7.8 1.4 283.077
7.8 1.6 283.733
7.8 1.8 284.488
7.8 2 285.286
7.8 2.2 285.97
7.8 2.4 286.484
7.8 2.6 286.816
7.8 2.8 286.974
7.8 3 286.962
7.8 3.2 286.783
7.8 3.4 286.432
7.8 3.6 285.903
7.8 3.8 285.187
7.8 4 284.291
7.8 4.2 283.272
7.8 4.4 282.282
7.8 4.6 281.378
7.8 4.8 280.565
7.8 5 279.833
7.8 5.2 279.17
7.8 5.4 278.567
7.8 5.6 278.018
7.8 5.8 277.518
7.8 6 277.062
7.8 6.2 276.647
7.8 6.4 276.27
7.8 6.6 275.929
7.8 6.8 275.621
7.8 7 275.344
7.8 7.2 275.094
7.8 7.4 274.871
7.8 7.6 274.672
7.8 7.8 274.496
7.8 8 274.341
7.8 8.2 274.205
7.8 8.4 274.087
7.8 8.6 273.987
7.8 8.8 273.902
7.8 9 273.833
7.8 9.2 273.778
7.8 9.4 273.736
7.8 9.6 273.708
7.8 9.8 273.693
7.8 10 273.69
8 0 281.445
8 0.2 281.479
8 0.4 281.605
8 0.6 281.815
8 0.8 282.114
8 1 282.51
8 1.2 283.015
8 1.4 283.648
8 1.6 284.434
8 1.8 285.388
8 2 286.46
8 2.2 287.339
8 2.4 287.972
8 2.6 288.375
8 2.8 288.567
8 3 288.564
8 3.2 288.369
8 3.4 287.976
8 3.6 287.368
8 3.8 286.523
8 4 285.425
8 4.2 284.122
8 4.4 282.924
8 4.6 281.878
8 4.8 280.968
8 5 280.166
8 5.2 279.45
8 5.4 278.805
8 5.6 278.221
8 5.8 277.691
8 6 277.21
8 6.2 276.773
8 6.4 276.378
8 6.6 276.021
8 6.8 275.699
8 7 275.409
8 7.2 275.15
8 7.4 274.918
8 7.6 274.712
8 7.8 274.53
8 8 274.37
8 8.2 274.23
8 8.4 274.109
8 8.6 274.006
8 8.8 273.92
8 9 273.849
8 9.2 273.793
8 9.4 273.751
8 9.6 273.722
8 9.8 273.706
8 10 273.703
8.2 0 281.748
8.2 0.2 281.783
8.2 0.4 281.915
8.2 0.6 282.138
8.2 0.8 282.456
8.2 1 282.88
8.2 1.2 283.426
8.2 1.4 284.122
8.2 1.6 285.002
8.2 1.8 286.093
8.2 2 287.336
8.2 2.2 288.347
8.2 2.4 289.068
8.2 2.6 289.521
8.2 2.8 289.738
8.2 3 289.74
8.2 3.2 289.533
8.2 3.4 289.108
8.2 3.6 288.442
8.2 3.8 287.503
8.2 4 286.263
8.2 4.2 284.781
8.2 4.4 283.436
8.2 4.6 282.285
8.2 4.8 281.301
8.2 5 280.445
8.2 5.2 279.687
8.2 5.4 279.007
8.2 5.6 278.394
8.2 5.8 277.839
8.2 6 277.336
8.2 6.2 276.88
8.2 6.4 276.468
8.2 6.6 276.096
8.2 6.8 275.762
8.2 7 275.462
8.2 7.2 275.194
8.2 7.4 274.955
8.2 7.6 274.743
8.2 7.8 274.556
8.2 8 274.392
8.2 8.2 274.249
8.2 8.4 274.126
8.2 8.6 274.021
8.2 8.8 273.933
8.2 9 273.861
8.2 9.2 273.804
8.2 9.4 273.761
8.2 9.6 273.732
8.2 9.8 273.716
8.2 10 273.713
8.4 0 282.008
8.4 0.2 282.044
8.4 0.4 282.18
8.4 0.6 282.41
8.4 0.8 282.739
8.4 1 283.177
8.4 1.2 283.744
8.4 1.4 284.468
8.4 1.6 285.388
8.4 1.8 286.531
8.4 2 287.835
8.4 2.2 288.897
8.4 2.4 289.651
8.4 2.6 290.125
8.4 2.8 290.352
8.4 3 290.355
8.4 3.2 290.14
8.4 3.4 289.699
8.4 3.6 289.006
8.4 3.8 288.025
8.4 4 286.728
8.4 4.2 285.177
8.4 4.4 283.77
8.4 4.6 282.571
8.4 4.8 281.548
8.4 5 280.659
8.4 5.2 279.874
8.4 5.4 279.17
8.4 5.6 278.534
8.4 5.8 277.958
8.4 6 277.437
8.4 6.2 276.964
8.4 6.4 276.538
8.4 6.6 276.154
8.4 6.8 275.809
8.4 7 275.5
8.4 7.2 275.225
8.4 7.4 274.98
8.4 7.6 274.764
8.4 7.8 274.573
8.4 8 274.406
8.4 8.2 274.261
8.4 8.4 274.136
8.4 8.6 274.03
8.4 8.8 273.941
8.4 9 273.869
8.4 9.2 273.812
8.4 9.4 273.769
8.4 9.6 273.74
8.4 9.8 273.724
8.4 10 273.721
8.6 0 282.222
8.6 0.2 282.259
8.6 0.4 282.397
8.6 0.6 282.629
8.6 0.8 282.959
8.6 1 283.398
8.6 1.2 283.962
8.6 1.4 284.677
8.6 1.6 285.576
8.6 1.8 286.687
8.6 2 287.946
8.6 2.2 288.973
8.6 2.4 289.705
8.6 2.6 290.166
8.6 2.8 290.385
8.6 3 290.384
8.6 3.2 290.168
8.6 3.4 289.728
8.6 3.6 289.043
8.6 3.8 288.078
8.6 4 286.809
8.6 4.2 285.294
8.6 4.4 283.914
8.6 4.6 282.726
8.6 4.8 281.702
8.6 5 280.806
8.6 5.2 280.009
8.6 5.4 279.29
8.6 5.6 278.639
8.6 5.8 278.048
8.6 6 277.511
8.6 6.2 277.025
8.6 6.4 276.586
8.6 6.6 276.192
8.6 6.8 275.839
8.6 7 275.523
8.6 7.2 275.242
8.6 7.4 274.993
8.6 7.6 274.773
8.6 7.8 274.58
8.6 8 274.411
8.6 8.2 274.265
8.6 8.4 274.139
8.6 8.6 274.033
8.6 8.8 273.944
8.6 9 273.872
8.6 9.2 273.815
8.6 9.4 273.773
8.6 9.6 273.744
8.6 9.8 273.728
8.6 10 273.725
8.8 0 282.391
8.8 0.2 282.429
8.8 0.4 282.566
8.8 0.6 282.795
8.8 0.8 283.12
8.8 1 283.547
8.8 1.2 284.087
8.8 1.4 284.759
8.8 1.6 285.585
8.8 1.8 286.578
8.8 2 287.685
8.8 2.2 288.595
8.8 2.4 289.252
8.8 2.6 289.67
8.8 2.8 289.867
8.8 3 289.858
8.8 3.2 289.645
8.8 3.4 289.223
8.8 3.6 288.575
8.8 3.8 287.68
8.8 4 286.522
8.8 4.2 285.153
8.8 4.4 283.883
8.8 4.6 282.761
8.8 4.8 281.772
8.8 5 280.889
8.8 5.2 280.094
8.8 5.4 279.37
8.8 5.6 278.709
8.8 5.8 278.106
8.8 6 277.557
8.8 6.2 277.06
8.8 6.4 276.611
8.8 6.6 276.209
8.8 6.8 275.849
8.8 7 275.528
8.8 7.2 275.244
8.8 7.4 274.992
8.8 7.6 274.771
8.8 7.8 274.576
8.8 8 274.407
8.8 8.2 274.261
8.8 8.4 274.136
8.8 8.6 274.03
8.8 8.8 273.942
8.8 9 273.871
8.8 9.2 273.815
8.8 9.4 273.773
8.8 9.6 273.745
8.8 9.8 273.729
8.8 10 273.727
9 0 282.517
9 0.2 282.555
9 0.4 282.69
9 0.6 282.913
9 0.8 283.226
9 1 283.632
9 1.2 284.136
9 1.4 284.745
9 1.6 285.463
9 1.8 286.279
9 2 287.133
9 2.2 287.867
9 2.4 288.418
9 2.6 288.774
9 2.8 288.941
9 3 288.92
9 3.2 288.714
9 3.4 288.319
9 3.6 287.728
9 3.8 286.935
9 4 285.948
9 4.2 284.828
9 4.4 283.728
9 4.6 282.707
9 4.8 281.774
9 5 280.92
9 5.2 280.136
9 5.4 279.413
9 5.6 278.747
9 5.8 278.135
9 6 277.575
9 6.2 277.067
9 6.4 276.611
9 6.6 276.202
9 6.8 275.838
9 7 275.515
9 7.2 275.229
9 7.4 274.977
9 7.6 274.755
9 7.8 274.561
9 8 274.393
9 8.2 274.248
9 8.4 274.124
9 8.6 274.02
9 8.8 273.934
9 9 273.864
9 9.2 273.81
9 9.4 273.77
9 9.6 273.743
9 9.8 273.728
9 10 273.725
9.2 0 282.603
9.2 0.2 282.641
9.2 0.4 282.773
9.2 0.6 282.988
9.2 0.8 283.288
9.2 1 283.67
9.2 1.2 284.135
9.2 1.4 284.679
9.2 1.6 285.295
9.2 1.8 285.961
9.2 2 286.628
9.2 2.2 287.212
9.2 2.4 287.663
9.2 2.6 287.96
9.2 2.8 288.094
9.2 3 288.063
9.2 3.2 287.865
9.2 3.4 287.499
9.2 3.6 286.964
9.2 3.8 286.267
9.2 4 285.426
9.2 4.2 284.489
9.2 4.4 283.534
9.2 4.6 282.611
9.2 4.8 281.736
9.2 5 280.914
9.2 5.2 280.145
9.2 5.4 279.426
9.2 5.6 278.756
9.2 5.8 278.135
9.2 6 277.564
9.2 6.2 277.046
9.2 6.4 276.582
9.2 6.6 276.17
9.2 6.8 275.804
9.2 7 275.481
9.2 7.2 275.196
9.2 7.4 274.945
9.2 7.6 274.726
9.2 7.8 274.534
9.2 8 274.368
9.2 8.2 274.225
9.2 8.4 274.104
9.2 8.6 274.003
9.2 8.8 273.919
9.2 9 273.853
9.2 9.2 273.802
9.2 9.4 273.765
9.2 9.6 273.739
9.2 9.8 273.725
9.2 10 273.722
9.4 0 282.652
9.4 0.2 282.691
9.4 0.4 282.819
9.4 0.6 283.027
9.4 0.8 283.314
9.4 1 283.675
9.4 1.2 284.105
9.4 1.4 284.596
9.4 1.6 285.135
9.4 1.8 285.696
9.4 2 286.242
9.4 2.2 286.722
9.4 2.4 287.099
9.4 2.6 287.347
9.4 2.8 287.455
9.4 3 287.415
9.4 3.2 287.224
9.4 3.4 286.882
9.4 3.6 286.393
9.4 3.8 285.768
9.4 4 285.028
9.4 4.2 284.209
9.4 4.4 283.356
9.4 4.6 282.506
9.4 4.8 281.679
9.4 5 280.886
9.4 5.2 280.131
9.4 5.4 279.417
9.4 5.6 278.742
9.4 5.8 278.109
9.4 6 277.521
9.4 6.2 276.992
9.4 6.4 276.523
9.4 6.6 276.109
9.4 6.8 275.745
9.4 7 275.425
9.4 7.2 275.143
9.4 7.4 274.897
9.4 7.6 274.682
9.4 7.8 274.494
9.4 8 274.332
9.4 8.2 274.193
9.4 8.4 274.076
9.4 8.6 273.978
9.4 8.8 273.899
9.4 9 273.837
9.4 9.2 273.791
9.4 9.4 273.757
9.4 9.6 273.734
9.4 9.8 273.721
9.4 10 273.718
9.6 0 282.67
9.6 0.2 282.709
9.6 0.4 282.834
9.6 0.6 283.037
9.6 0.8 283.312
9.6 1 283.657
9.6 1.2 284.063
9.6 1.4 284.518
9.6 1.6 285.006
9.6 1.8 285.503
9.6 2 285.978
9.6 2.2 286.395
9.6 2.4 286.723
9.6 2.6 286.94
9.6 2.8 287.029
9.6 3 286.983
9.6 3.2 286.797
9.6 3.4 286.472
9.6 3.6 286.014
9.6 3.8 285.436
9.6 4 284.758
9.6 4.2 284.007
9.6 4.4 283.217
9.6 4.6 282.415
9.6 4.8 281.622
9.6 5 280.849
9.6 5.2 280.106
9.6 5.4 279.393
9.6 5.6 278.712
9.6 5.8 278.061
9.6 6 277.443
9.6 6.2 276.9
9.6 6.4 276.428
9.6 6.6 276.017
9.6 6.8 275.659
9.6 7 275.345
9.6 7.2 275.072
9.6 7.4 274.832
9.6 7.6 274.623
9.6 7.8 274.442
9.6 8 274.285
9.6 8.2 274.151
9.6 8.4 274.038
9.6 8.6 273.945
9.6 8.8 273.871
9.6 9 273.816
9.6 9.2 273.777
9.6 9.4 273.748
9.6 9.6 273.728
9.6 9.8 273.716
9.6 10 273.713
9.8 0 282.659
9.8 0.2 282.698
9.8 0.4 282.821
9.8 0.6 283.02
9.8 0.8 283.29
9.8 1 283.625
9.8 1.2 284.017
9.8 1.4 284.453
9.8 1.6 284.916
9.8 1.8 285.383
9.8 2 285.824
9.8 2.2 286.212
9.8 2.4 286.516
9.8 2.6 286.716
9.8 2.8 286.796
9.8 3 286.747
9.8 3.2 286.564
9.8 3.4 286.248
9.8 3.6 285.806
9.8 3.8 285.252
9.8 4 284.604
9.8 4.2 283.886
9.8 4.4 283.126
9.8 4.6 282.349
9.8 4.8 281.573
9.8 5 280.813
9.8 5.2 280.076
9.8 5.4 279.365
9.8 5.6 278.677
9.8 5.8 278.002
9.8 6 277.312
9.8 6.2 276.757
9.8 6.4 276.29
9.8 6.6 275.89
9.8 6.8 275.544
9.8 7 275.242
9.8 7.2 274.979
9.8 7.4 274.75
9.8 7.6 274.55
9.8 7.8 274.376
9.8 8 274.227
9.8 8.2 274.099
9.8 8.4 273.992
9.8 8.6 273.904
9.8 8.8 273.835
9.8 9 273.787
9.8 9.2 273.764
9.8 9.4 273.741
9.8 9.6 273.722
9.8 9.8 273.711
9.8 10 273.709
10 0 282.659
10 0.2 282.659
10 0.4 282.782
10 0.6 282.98
10 0.8 283.249
10 1 283.583
10 1.2 283.973
10 1.4 284.408
10 1.6 284.869
10 1.8 285.333
10 2 285.773
10 2.2 286.159
10 2.4 286.462
10 2.6 286.662
10 2.8 286.741
10 3 286.692
10 3.2 286.509
10 3.4 286.195
10 3.6 285.755
10 3.8 285.203
10 4 284.557
10 4.2 283.842
10 4.4 283.085
10 4.6 282.311
10 4.8 281.539
10 5 280.782
10 5.2 280.048
10 5.4 279.34
10 5.6 278.655
10 5.8 277.982
10 6 277.068
10 6.2 276.544
10 6.4 276.104
10 6.6 275.727
10 6.8 275.4
10 7 275.115
10 7.2 274.867
10 7.4 274.651
10 7.6 274.462
10 7.8 274.298
10 8 274.157
10 8.2 274.037
10 8.4 273.936
10 8.6 273.853
10 8.8 273.788
10 9 273.742
10 9.2 273.761
10 9.4 273.738
10 9.6 273.72
10 9.8 273.709
10 10 273.709
