0 0 293.322
0 0.2 293.322
0 0.4 293.396
0 0.6 293.462
0 0.8 293.521
0 1 293.572
0 1.2 293.617
0 1.4 293.654
0 1.6 293.685
0 1.8 293.709
0 2 293.725
0 2.2 293.735
0 2.4 293.739
0 2.6 293.736
0 2.8 293.727
0 3 293.711
0 3.2 293.69
0 3.4 293.663
0 3.6 293.63
0 3.8 293.592
0 4 293.55
0 4.2 293.502
0 4.4 293.45
0 4.6 293.394
0 4.8 293.333
0 5 293.27
0 5.2 293.203
0 5.4 293.132
0 5.6 293.059
0 5.8 292.984
0 6 292.907
0 6.2 292.827
0 6.4 292.747
0 6.6 292.664
0 6.8 292.581
0 7 292.498
0 7.2 292.413
0 7.4 292.329
0 7.6 292.244
0 7.8 292.16
0 8 292.076
0 8.2 291.992
0 8.4 291.91
0 8.6 291.828
0 8.8 291.747
0 9 291.667
0 9.2 291.589
0 9.4 291.512
0 9.6 291.436
0 9.8 291.361
0 10 291.361
0.2 0 293.322
0.2 0.2 293.404
0.2 0.4 293.477
0.2 0.6 293.544
0.2 0.8 293.603
0.2 1 293.655
0.2 1.2 293.699
0.2 1.4 293.737
0.2 1.6 293.768
0.2 1.8 293.791
0.2 2 293.808
0.2 2.2 293.818
0.2 2.4 293.822
0.2 2.6 293.819
0.2 2.8 293.809
0.2 3 293.794
0.2 3.2 293.773
0.2 3.4 293.745
0.2 3.6 293.713
0.2 3.8 293.675
0.2 4 293.632
0.2 4.2 293.584
0.2 4.4 293.532
0.2 4.6 293.475
0.2 4.8 293.415
0.2 5 293.351
0.2 5.2 293.283
0.2 5.4 293.213
0.2 5.6 293.14
0.2 5.8 293.064
0.2 6 292.986
0.2 6.2 292.907
0.2 6.4 292.826
0.2 6.6 292.743
0.2 6.8 292.66
0.2 7 292.576
0.2 7.2 292.491
0.2 7.4 292.406
0.2 7.6 292.321
0.2 7.8 292.236
0.2 8 292.152
0.2 8.2 292.068
0.2 8.4 291.985
0.2 8.6 291.903
0.2 8.8 291.822
0.2 9 291.742
0.2 9.2 291.663
0.2 9.4 291.586
0.2 9.6 291.51
0.2 9.8 291.435
0.2 10 291.361
0.4 0 293.407
0.4 0.2 293.489
0.4 0.4 293.563
0.4 0.6 293.63
0.4 0.8 293.689
0.4 1 293.741
0.4 1.2 293.786
0.4 1.4 293.824
0.4 1.6 293.854
0.4 1.8 293.878
0.4 2 293.895
0.4 2.2 293.905
0.4 2.4 293.908
0.4 2.6 293.905
0.4 2.8 293.895
0.4 3 293.88
0.4 3.2 293.858
0.4 3.4 293.83
0.4 3.6 293.797
0.4 3.8 293.759
0.4 4 293.716
0.4 4.2 293.667
0.4 4.4 293.615
0.4 4.6 293.558
0.4 4.8 293.497
0.4 5 293.432
0.4 5.2 293.364
0.4 5.4 293.293
0.4 5.6 293.219
0.4 5.8 293.143
0.4 6 293.065
0.4 6.2 292.984
0.4 6.4 292.903
0.4 6.6 292.82
0.4 6.8 292.736
0.4 7 292.651
0.4 7.2 292.566
0.4 7.4 292.48
0.4 7.6 292.395
0.4 7.8 292.31
0.4 8 292.225
0.4 8.2 292.14
0.4 8.4 292.057
0.4 8.6 291.974
0.4 8.8 291.893
0.4 9 291.812
0.4 9.2 291.733
0.4 9.4 291.655
0.4 9.6 291.579
0.4 9.8 291.504
0.4 10 291.43
0.6 0 293.497
0.6 0.2 293.579
0.6 0.4 293.653
0.6 0.6 293.72
0.6 0.8 293.78
0.6 1 293.832
0.6 1.2 293.877
0.6 1.4 293.915
0.6 1.6 293.945
0.6 1.8 293.969
0.6 2 293.985
0.6 2.2 293.995
0.6 2.4 293.998
0.6 2.6 293.995
0.6 2.8 293.985
0.6 3 293.969
0.6 3.2 293.946
0.6 3.4 293.918
0.6 3.6 293.885
0.6 3.8 293.846
0.6 4 293.802
0.6 4.2 293.753
0.6 4.4 293.699
0.6 4.6 293.641
0.6 4.8 293.58
0.6 5 293.514
0.6 5.2 293.445
0.6 5.4 293.373
0.6 5.6 293.299
0.6 5.8 293.221
0.6 6 293.142
0.6 6.2 293.061
0.6 6.4 292.978
0.6 6.6 292.894
0.6 6.8 292.81
0.6 7 292.724
0.6 7.2 292.638
0.6 7.4 292.552
0.6 7.6 292.466
0.6 7.8 292.38
0.6 8 292.294
0.6 8.2 292.209
0.6 8.4 292.125
0.6 8.6 292.042
0.6 8.8 291.96
0.6 9 291.879
0.6 9.2 291.799
0.6 9.4 291.721
0.6 9.6 291.644
0.6 9.8 291.569
0.6 10 291.495
0.8 0 293.591
0.8 0.2 293.674
0.8 0.4 293.748
0.8 0.6 293.815
0.8 0.8 293.875
0.8 1 293.927
0.8 1.2 293.972
0.8 1.4 294.01
0.8 1.6 294.041
0.8 1.8 294.064
0.8 2 294.08
0.8 2.2 294.09
0.8 2.4 294.092
0.8 2.6 294.088
0.8 2.8 294.078
0.8 3 294.061
0.8 3.2 294.038
0.8 3.4 294.009
0.8 3.6 293.975
0.8 3.8 293.935
0.8 4 293.89
0.8 4.2 293.84
0.8 4.4 293.785
0.8 4.6 293.726
0.8 4.8 293.663
0.8 5 293.597
0.8 5.2 293.527
0.8 5.4 293.454
0.8 5.6 293.378
0.8 5.8 293.299
0.8 6 293.219
0.8 6.2 293.136
0.8 6.4 293.053
0.8 6.6 292.968
0.8 6.8 292.882
0.8 7 292.795
0.8 7.2 292.708
0.8 7.4 292.621
0.8 7.6 292.533
0.8 7.8 292.446
0.8 8 292.36
0.8 8.2 292.274
0.8 8.4 292.19
0.8 8.6 292.106
0.8 8.8 292.023
0.8 9 291.942
0.8 9.2 291.861
0.8 9.4 291.783
0.8 9.6 291.706
0.8 9.8 291.63
0.8 10 291.556
1 0 293.69
1 0.2 293.773
1 0.4 293.848
1 0.6 293.915
1 0.8 293.975
1 1 294.028
1 1.2 294.073
1 1.4 294.11
1 1.6 294.141
1 1.8 294.164
1 2 294.18
1 2.2 294.189
1 2.4 294.191
1 2.6 294.186
1 2.8 294.175
1 3 294.157
1 3.2 294.133
1 3.4 294.103
1 3.6 294.068
1 3.8 294.027
1 4 293.98
1 4.2 293.929
1 4.4 293.873
1 4.6 293.813
1 4.8 293.748
1 5 293.68
1 5.2 293.609
1 5.4 293.534
1 5.6 293.457
1 5.8 293.377
1 6 293.295
1 6.2 293.211
1 6.4 293.126
1 6.6 293.039
1 6.8 292.952
1 7 292.864
1 7.2 292.775
1 7.4 292.687
1 7.6 292.598
1 7.8 292.51
1 8 292.423
1 8.2 292.336
1 8.4 292.25
1 8.6 292.166
1 8.8 292.082
1 9 292
1 9.2 291.92
1 9.4 291.84
1 9.6 291.763
1 9.8 291.687
1 10 291.612
1.2 0 293.794
1.2 0.2 293.877
1.2 0.4 293.953
1.2 0.6 294.02
1.2 0.8 294.08
1.2 1 294.133
1.2 1.2 294.178
1.2 1.4 294.215
1.2 1.6 294.245
1.2 1.8 294.268
1.2 2 294.283
1.2 2.2 294.292
1.2 2.4 294.293
1.2 2.6 294.288
1.2 2.8 294.276
1.2 3 294.257
1.2 3.2 294.232
1.2 3.4 294.201
1.2 3.6 294.164
1.2 3.8 294.121
1.2 4 294.073
1.2 4.2 294.021
1.2 4.4 293.963
1.2 4.6 293.901
1.2 4.8 293.835
1.2 5 293.765
1.2 5.2 293.691
1.2 5.4 293.615
1.2 5.6 293.535
1.2 5.8 293.454
1.2 6 293.37
1.2 6.2 293.284
1.2 6.4 293.197
1.2 6.6 293.109
1.2 6.8 293.02
1.2 7 292.93
1.2 7.2 292.84
1.2 7.4 292.75
1.2 7.6 292.66
1.2 7.8 292.571
1.2 8 292.482
1.2 8.2 292.394
1.2 8.4 292.308
1.2 8.6 292.222
1.2 8.8 292.138
1.2 9 292.055
1.2 9.2 291.974
1.2 9.4 291.894
1.2 9.6 291.816
1.2 9.8 291.739
1.2 10 291.665
1.4 0 293.903
1.4 0.2 293.987
1.4 0.4 294.062
1.4 0.6 294.13
1.4 0.8 294.19
1.4 1 294.243
1.4 1.2 294.288
1.4 1.4 294.325
1.4 1.6 294.355
1.4 1.8 294.377
1.4 2 294.392
1.4 2.2 294.4
1.4 2.4 294.4
1.4 2.6 294.394
1.4 2.8 294.381
1.4 3 294.361
1.4 3.2 294.334
1.4 3.4 294.302
1.4 3.6 294.263
1.4 3.8 294.219
1.4 4 294.169
1.4 4.2 294.114
1.4 4.4 294.055
1.4 4.6 293.99
1.4 4.8 293.922
1.4 5 293.85
1.4 5.2 293.774
1.4 5.4 293.696
1.4 5.6 293.614
1.4 5.8 293.53
1.4 6 293.444
1.4 6.2 293.356
1.4 6.4 293.267
1.4 6.6 293.177
1.4 6.8 293.086
1.4 7 292.994
1.4 7.2 292.902
1.4 7.4 292.81
1.4 7.6 292.719
1.4 7.8 292.628
1.4 8 292.538
1.4 8.2 292.449
1.4 8.4 292.361
1.4 8.6 292.274
1.4 8.8 292.189
1.4 9 292.105
1.4 9.2 292.023
1.4 9.4 291.943
1.4 9.6 291.865
1.4 9.8 291.788
1.4 10 291.713
1.6 0 294.018
1.6 0.2 294.102
1.6 0.4 294.178
1.6 0.6 294.246
1.6 0.8 294.306
1.6 1 294.358
1.6 1.2 294.403
1.6 1.4 294.44
1.6 1.6 294.47
1.6 1.8 294.491
1.6 2 294.506
1.6 2.2 294.512
1.6 2.4 294.512
1.6 2.6 294.504
1.6 2.8 294.49
1.6 3 294.468
1.6 3.2 294.441
1.6 3.4 294.406
1.6 3.6 294.366
1.6 3.8 294.319
1.6 4 294.268
1.6 4.2 294.211
1.6 4.4 294.149
1.6 4.6 294.082
1.6 4.8 294.011
1.6 5 293.936
1.6 5.2 293.858
1.6 5.4 293.777
1.6 5.6 293.693
1.6 5.8 293.606
1.6 6 293.518
1.6 6.2 293.427
1.6 6.4 293.336
1.6 6.6 293.243
1.6 6.8 293.149
1.6 7 293.056
1.6 7.2 292.962
1.6 7.4 292.868
1.6 7.6 292.775
1.6 7.8 292.682
1.6 8 292.59
1.6 8.2 292.5
1.6 8.4 292.41
1.6 8.6 292.323
1.6 8.8 292.236
1.6 9 292.152
1.6 9.2 292.069
1.6 9.4 291.988
1.6 9.6 291.909
1.6 9.8 291.832
1.6 10 291.757
1.8 0 294.137
1.8 0.2 294.222
1.8 0.4 294.298
1.8 0.6 294.367
1.8 0.8 294.427
1.8 1 294.48
1.8 1.2 294.524
1.8 1.4 294.561
1.8 1.6 294.59
1.8 1.8 294.611
1.8 2 294.625
1.8 2.2 294.63
1.8 2.4 294.629
1.8 2.6 294.62
1.8 2.8 294.604
1.8 3 294.581
1.8 3.2 294.551
1.8 3.4 294.515
1.8 3.6 294.472
1.8 3.8 294.424
1.8 4 294.369
1.8 4.2 294.31
1.8 4.4 294.245
1.8 4.6 294.175
1.8 4.8 294.102
1.8 5 294.024
1.8 5.2 293.943
1.8 5.4 293.859
1.8 5.6 293.772
1.8 5.8 293.682
1.8 6 293.59
1.8 6.2 293.497
1.8 6.4 293.403
1.8 6.6 293.307
1.8 6.8 293.211
1.8 7 293.115
1.8 7.2 293.019
1.8 7.4 292.923
1.8 7.6 292.827
1.8 7.8 292.733
1.8 8 292.639
1.8 8.2 292.547
1.8 8.4 292.456
1.8 8.6 292.367
1.8 8.8 292.279
1.8 9 292.194
1.8 9.2 292.11
1.8 9.4 292.028
1.8 9.6 291.949
1.8 9.8 291.871
1.8 10 291.796
2 0 294.263
2 0.2 294.348
2 0.4 294.425
2 0.6 294.493
2 0.8 294.554
2 1 294.607
2 1.2 294.651
2 1.4 294.687
2 1.6 294.716
2 1.8 294.736
2 2 294.749
2 2.2 294.754
2 2.4 294.751
2 2.6 294.741
2 2.8 294.723
2 3 294.698
2 3.2 294.666
2 3.4 294.628
2 3.6 294.583
2 3.8 294.531
2 4 294.474
2 4.2 294.412
2 4.4 294.344
2 4.6 294.271
2 4.8 294.194
2 5 294.113
2 5.2 294.029
2 5.4 293.941
2 5.6 293.85
2 5.8 293.757
2 6 293.663
2 6.2 293.566
2 6.4 293.468
2 6.6 293.37
2 6.8 293.271
2 7 293.172
2 7.2 293.073
2 7.4 292.974
2 7.6 292.876
2 7.8 292.779
2 8 292.684
2 8.2 292.59
2 8.4 292.497
2 8.6 292.406
2 8.8 292.318
2 9 292.231
2 9.2 292.146
2 9.4 292.064
2 9.6 291.984
2 9.8 291.906
2 10 291.831
2.2 0 294.395
2.2 0.2 294.48
2.2 0.4 294.558
2.2 0.6 294.627
2.2 0.8 294.687
2.2 1 294.74
2.2 1.2 294.784
2.2 1.4 294.82
2.2 1.6 294.848
2.2 1.8 294.868
2.2 2 294.88
2.2 2.2 294.883
2.2 2.4 294.879
2.2 2.6 294.867
2.2 2.8 294.848
2.2 3 294.821
2.2 3.2 294.787
2.2 3.4 294.745
2.2 3.6 294.697
2.2 3.8 294.643
2.2 4 294.583
2.2 4.2 294.517
2.2 4.4 294.446
2.2 4.6 294.369
2.2 4.8 294.289
2.2 5 294.204
2.2 5.2 294.116
2.2 5.4 294.024
2.2 5.6 293.93
2.2 5.8 293.833
2.2 6 293.734
2.2 6.2 293.634
2.2 6.4 293.533
2.2 6.6 293.431
2.2 6.8 293.328
2.2 7 293.226
2.2 7.2 293.124
2.2 7.4 293.022
2.2 7.6 292.922
2.2 7.8 292.823
2.2 8 292.725
2.2 8.2 292.628
2.2 8.4 292.534
2.2 8.6 292.442
2.2 8.8 292.351
2.2 9 292.263
2.2 9.2 292.178
2.2 9.4 292.095
2.2 9.6 292.014
2.2 9.8 291.936
2.2 10 291.861
2.4 0 294.533
2.4 0.2 294.619
2.4 0.4 294.697
2.4 0.6 294.766
2.4 0.8 294.827
2.4 1 294.88
2.4 1.2 294.924
2.4 1.4 294.96
2.4 1.6 294.987
2.4 1.8 295.006
2.4 2 295.017
2.4 2.2 295.019
2.4 2.4 295.014
2.4 2.6 295
2.4 2.8 294.978
2.4 3 294.949
2.4 3.2 294.912
2.4 3.4 294.868
2.4 3.6 294.817
2.4 3.8 294.76
2.4 4 294.696
2.4 4.2 294.626
2.4 4.4 294.551
2.4 4.6 294.471
2.4 4.8 294.386
2.4 5 294.297
2.4 5.2 294.204
2.4 5.4 294.108
2.4 5.6 294.009
2.4 5.8 293.908
2.4 6 293.805
2.4 6.2 293.701
2.4 6.4 293.595
2.4 6.6 293.49
2.4 6.8 293.383
2.4 7 293.277
2.4 7.2 293.172
2.4 7.4 293.067
2.4 7.6 292.964
2.4 7.8 292.862
2.4 8 292.761
2.4 8.2 292.663
2.4 8.4 292.566
2.4 8.6 292.472
2.4 8.8 292.38
2.4 9 292.291
2.4 9.2 292.205
2.4 9.4 292.121
2.4 9.6 292.039
2.4 9.8 291.961
2.4 10 291.886
2.6 0 294.679
2.6 0.2 294.765
2.6 0.4 294.843
2.6 0.6 294.913
2.6 0.8 294.974
2.6 1 295.027
2.6 1.2 295.071
2.6 1.4 295.106
2.6 1.6 295.133
2.6 1.8 295.152
2.6 2 295.161
2.6 2.2 295.162
2.6 2.4 295.155
2.6 2.6 295.14
2.6 2.8 295.116
2.6 3 295.084
2.6 3.2 295.044
2.6 3.4 294.997
2.6 3.6 294.943
2.6 3.8 294.881
2.6 4 294.813
2.6 4.2 294.739
2.6 4.4 294.66
2.6 4.6 294.575
2.6 4.8 294.485
2.6 5 294.391
2.6 5.2 294.294
2.6 5.4 294.193
2.6 5.6 294.089
2.6 5.8 293.983
2.6 6 293.876
2.6 6.2 293.767
2.6 6.4 293.657
2.6 6.6 293.546
2.6 6.8 293.436
2.6 7 293.326
2.6 7.2 293.217
2.6 7.4 293.109
2.6 7.6 293.002
2.6 7.8 292.897
2.6 8 292.794
2.6 8.2 292.693
2.6 8.4 292.594
2.6 8.6 292.498
2.6 8.8 292.404
2.6 9 292.314
2.6 9.2 292.226
2.6 9.4 292.141
2.6 9.6 292.059
2.6 9.8 291.981
2.6 10 291.905
2.8 0 294.831
2.8 0.2 294.919
2.8 0.4 294.997
2.8 0.6 295.068
2.8 0.8 295.129
2.8 1 295.182
2.8 1.2 295.226
2.8 1.4 295.261
2.8 1.6 295.287
2.8 1.8 295.305
2.8 2 295.313
2.8 2.2 295.313
2.8 2.4 295.304
2.8 2.6 295.287
2.8 2.8 295.26
2.8 3 295.226
2.8 3.2 295.183
2.8 3.4 295.132
2.8 3.6 295.074
2.8 3.8 295.008
2.8 4 294.936
2.8 4.2 294.857
2.8 4.4 294.773
2.8 4.6 294.683
2.8 4.8 294.588
2.8 5 294.488
2.8 5.2 294.385
2.8 5.4 294.279
2.8 5.6 294.17
2.8 5.8 294.059
2.8 6 293.946
2.8 6.2 293.831
2.8 6.4 293.717
2.8 6.6 293.601
2.8 6.8 293.487
2.8 7 293.372
2.8 7.2 293.259
2.8 7.4 293.147
2.8 7.6 293.037
2.8 7.8 292.928
2.8 8 292.822
2.8 8.2 292.718
2.8 8.4 292.617
2.8 8.6 292.519
2.8 8.8 292.423
2.8 9 292.331
2.8 9.2 292.242
2.8 9.4 292.156
2.8 9.6 292.074
2.8 9.8 291.995
2.8 10 291.919
3 0 294.992
3 0.2 295.08
3 0.4 295.16
3 0.6 295.23
3 0.8 295.292
3 1 295.345
3 1.2 295.389
3 1.4 295.424
3 1.6 295.45
3 1.8 295.466
3 2 295.474
3 2.2 295.472
3 2.4 295.462
3 2.6 295.442
3 2.8 295.413
3 3 295.375
3 3.2 295.329
3 3.4 295.274
3 3.6 295.212
3 3.8 295.142
3 4 295.065
3 4.2 294.981
3 4.4 294.89
3 4.6 294.795
3 4.8 294.694
3 5 294.588
3 5.2 294.479
3 5.4 294.367
3 5.6 294.252
3 5.8 294.134
3 6 294.015
3 6.2 293.895
3 6.4 293.775
3 6.6 293.654
3 6.8 293.534
3 7 293.415
3 7.2 293.297
3 7.4 293.181
3 7.6 293.067
3 7.8 292.955
3 8 292.845
3 8.2 292.738
3 8.4 292.634
3 8.6 292.534
3 8.8 292.436
3 9 292.342
3 9.2 292.252
3 9.4 292.165
3 9.6 292.082
3 9.8 292.003
3 10 291.927
3.2 0 295.162
3.2 0.2 295.25
3.2 0.4 295.33
3.2 0.6 295.402
3.2 0.8 295.464
3.2 1 295.517
3.2 1.2 295.561
3.2 1.4 295.596
3.2 1.6 295.621
3.2 1.8 295.638
3.2 2 295.644
3.2 2.2 295.641
3.2 2.4 295.628
3.2 2.6 295.606
3.2 2.8 295.574
3.2 3 295.534
3.2 3.2 295.484
3.2 3.4 295.425
3.2 3.6 295.358
3.2 3.8 295.282
3.2 4 295.2
3.2 4.2 295.11
3.2 4.4 295.013
3.2 4.6 294.911
3.2 4.8 294.804
3.2 5 294.692
3.2 5.2 294.576
3.2 5.4 294.456
3.2 5.6 294.334
3.2 5.8 294.21
3.2 6 294.085
3.2 6.2 293.958
3.2 6.4 293.832
3.2 6.6 293.705
3.2 6.8 293.58
3.2 7 293.455
3.2 7.2 293.332
3.2 7.4 293.211
3.2 7.6 293.092
3.2 7.8 292.976
3.2 8 292.863
3.2 8.2 292.753
3.2 8.4 292.646
3.2 8.6 292.543
3.2 8.8 292.444
3.2 9 292.348
3.2 9.2 292.256
3.2 9.4 292.168
3.2 9.6 292.084
3.2 9.8 292.005
3.2 10 291.929
3.4 0 295.341
3.4 0.2 295.43
3.4 0.4 295.511
3.4 0.6 295.583
3.4 0.8 295.645
3.4 1 295.699
3.4 1.2 295.743
3.4 1.4 295.778
3.4 1.6 295.803
3.4 1.8 295.819
3.4 2 295.824
3.4 2.2 295.82
3.4 2.4 295.805
3.4 2.6 295.78
3.4 2.8 295.746
3.4 3 295.701
3.4 3.2 295.647
3.4 3.4 295.584
3.4 3.6 295.512
3.4 3.8 295.431
3.4 4 295.342
3.4 4.2 295.245
3.4 4.4 295.142
3.4 4.6 295.033
3.4 4.8 294.918
3.4 5 294.799
3.4 5.2 294.675
3.4 5.4 294.548
3.4 5.6 294.418
3.4 5.8 294.287
3.4 6 294.154
3.4 6.2 294.021
3.4 6.4 293.887
3.4 6.6 293.754
3.4 6.8 293.622
3.4 7 293.492
3.4 7.2 293.363
3.4 7.4 293.237
3.4 7.6 293.114
3.4 7.8 292.993
3.4 8 292.876
3.4 8.2 292.763
3.4 8.4 292.653
3.4 8.6 292.547
3.4 8.8 292.445
3.4 9 292.347
3.4 9.2 292.254
3.4 9.4 292.165
3.4 9.6 292.08
3.4 9.8 292
3.4 10 291.924
3.6 0 295.529
3.6 0.2 295.619
3.6 0.4 295.701
3.6 0.6 295.774
3.6 0.8 295.837
3.6 1 295.891
3.6 1.2 295.936
3.6 1.4 295.971
3.6 1.6 295.996
3.6 1.8 296.011
3.6 2 296.016
3.6 2.2 296.01
3.6 2.4 295.993
3.6 2.6 295.966
3.6 2.8 295.928
3.6 3 295.88
3.6 3.2 295.822
3.6 3.4 295.753
3.6 3.6 295.675
3.6 3.8 295.588
3.6 4 295.492
3.6 4.2 295.389
3.6 4.4 295.278
3.6 4.6 295.161
3.6 4.8 295.037
3.6 5 294.909
3.6 5.2 294.777
3.6 5.4 294.642
3.6 5.6 294.504
3.6 5.8 294.364
3.6 6 294.223
3.6 6.2 294.082
3.6 6.4 293.941
3.6 6.6 293.801
3.6 6.8 293.662
3.6 7 293.525
3.6 7.2 293.39
3.6 7.4 293.259
3.6 7.6 293.13
3.6 7.8 293.005
3.6 8 292.884
3.6 8.2 292.766
3.6 8.4 292.653
3.6 8.6 292.544
3.6 8.8 292.44
3.6 9 292.34
3.6 9.2 292.245
3.6 9.4 292.155
3.6 9.6 292.069
3.6 9.8 291.989
3.6 10 291.913
3.8 0 295.729
3.8 0.2 295.82
3.8 0.4 295.902
3.8 0.6 295.976
3.8 0.8 296.04
3.8 1 296.095
3.8 1.2 296.14
3.8 1.4 296.176
3.8 1.6 296.201
3.8 1.8 296.215
3.8 2 296.219
3.8 2.2 296.212
3.8 2.4 296.194
3.8 2.6 296.164
3.8 2.8 296.123
3.8 3 296.071
3.8 3.2 296.007
3.8 3.4 295.933
3.8 3.6 295.849
3.8 3.8 295.755
3.8 4 295.652
3.8 4.2 295.54
3.8 4.4 295.421
3.8 4.6 295.295
3.8 4.8 295.162
3.8 5 295.025
3.8 5.2 294.883
3.8 5.4 294.739
3.8 5.6 294.591
3.8 5.8 294.442
3.8 6 294.292
3.8 6.2 294.142
3.8 6.4 293.993
3.8 6.6 293.845
3.8 6.8 293.698
3.8 7 293.554
3.8 7.2 293.413
3.8 7.4 293.276
3.8 7.6 293.141
3.8 7.8 293.011
3.8 8 292.885
3.8 8.2 292.764
3.8 8.4 292.647
3.8 8.6 292.535
3.8 8.8 292.428
3.8 9 292.326
3.8 9.2 292.229
3.8 9.4 292.138
3.8 9.6 292.051
3.8 9.8 291.97
3.8 10 291.895
4 0 295.939
4 0.2 296.031
4 0.4 296.115
4 0.6 296.189
4 0.8 296.255
4 1 296.311
4 1.2 296.357
4 1.4 296.393
4 1.6 296.419
4 1.8 296.433
4 2 296.436
4 2.2 296.428
4 2.4 296.408
4 2.6 296.376
4 2.8 296.331
4 3 296.275
4 3.2 296.206
4 3.4 296.126
4 3.6 296.035
4 3.8 295.933
4 4 295.822
4 4.2 295.701
4 4.4 295.572
4 4.6 295.436
4 4.8 295.294
4 5 295.146
4 5.2 294.994
4 5.4 294.838
4 5.6 294.68
4 5.8 294.521
4 6 294.361
4 6.2 294.202
4 6.4 294.043
4 6.6 293.886
4 6.8 293.732
4 7 293.58
4 7.2 293.432
4 7.4 293.287
4 7.6 293.147
4 7.8 293.011
4 8 292.88
4 8.2 292.754
4 8.4 292.634
4 8.6 292.518
4 8.8 292.408
4 9 292.304
4 9.2 292.206
4 9.4 292.113
4 9.6 292.026
4 9.8 291.945
4 10 291.869
4.2 0 296.162
4.2 0.2 296.255
4.2 0.4 296.34
4.2 0.6 296.415
4.2 0.8 296.482
4.2 1 296.539
4.2 1.2 296.587
4.2 1.4 296.624
4.2 1.6 296.65
4.2 1.8 296.665
4.2 2 296.668
4.2 2.2 296.659
4.2 2.4 296.637
4.2 2.6 296.602
4.2 2.8 296.554
4.2 3 296.493
4.2 3.2 296.419
4.2 3.4 296.333
4.2 3.6 296.234
4.2 3.8 296.124
4.2 4 296.003
4.2 4.2 295.873
4.2 4.4 295.733
4.2 4.6 295.586
4.2 4.8 295.432
4.2 5 295.272
4.2 5.2 295.109
4.2 5.4 294.941
4.2 5.6 294.772
4.2 5.8 294.601
4.2 6 294.431
4.2 6.2 294.26
4.2 6.4 294.092
4.2 6.6 293.925
4.2 6.8 293.762
4.2 7 293.602
4.2 7.2 293.446
4.2 7.4 293.294
4.2 7.6 293.147
4.2 7.8 293.005
4.2 8 292.869
4.2 8.2 292.738
4.2 8.4 292.613
4.2 8.6 292.494
4.2 8.8 292.382
4.2 9 292.275
4.2 9.2 292.174
4.2 9.4 292.08
4.2 9.6 291.992
4.2 9.8 291.911
4.2 10 291.835
4.4 0 296.397
4.4 0.2 296.491
4.4 0.4 296.577
4.4 0.6 296.655
4.4 0.8 296.723
4.4 1 296.782
4.4 1.2 296.831
4.4 1.4 296.87
4.4 1.6 296.898
4.4 1.8 296.913
4.4 2 296.917
4.4 2.2 296.907
4.4 2.4 296.883
4.4 2.6 296.846
4.4 2.8 296.795
4.4 3 296.729
4.4 3.2 296.649
4.4 3.4 296.555
4.4 3.6 296.448
4.4 3.8 296.329
4.4 4 296.198
4.4 4.2 296.056
4.4 4.4 295.905
4.4 4.6 295.745
4.4 4.8 295.578
4.4 5 295.406
4.4 5.2 295.229
4.4 5.4 295.048
4.4 5.6 294.866
4.4 5.8 294.683
4.4 6 294.5
4.4 6.2 294.318
4.4 6.4 294.138
4.4 6.6 293.961
4.4 6.8 293.788
4.4 7 293.619
4.4 7.2 293.454
4.4 7.4 293.295
4.4 7.6 293.141
4.4 7.8 292.992
4.4 8 292.85
4.4 8.2 292.715
4.4 8.4 292.585
4.4 8.6 292.463
4.4 8.8 292.347
4.4 9 292.237
4.4 9.2 292.135
4.4 9.4 292.039
4.4 9.6 291.95
4.4 9.8 291.868
4.4 10 291.793
4.6 0 296.646
4.6 0.2 296.741
4.6 0.4 296.828
4.6 0.6 296.907
4.6 0.8 296.978
4.6 1 297.04
4.6 1.2 297.091
4.6 1.4 297.132
4.6 1.6 297.162
4.6 1.8 297.179
4.6 2 297.183
4.6 2.2 297.173
4.6 2.4 297.149
4.6 2.6 297.109
4.6 2.8 297.054
4.6 3 296.983
4.6 3.2 296.897
4.6 3.4 296.796
4.6 3.6 296.679
4.6 3.8 296.55
4.6 4 296.407
4.6 4.2 296.252
4.6 4.4 296.088
4.6 4.6 295.914
4.6 4.8 295.733
4.6 5 295.546
4.6 5.2 295.354
4.6 5.4 295.159
4.6 5.6 294.963
4.6 5.8 294.766
4.6 6 294.569
4.6 6.2 294.375
4.6 6.4 294.183
4.6 6.6 293.994
4.6 6.8 293.81
4.6 7 293.631
4.6 7.2 293.457
4.6 7.4 293.289
4.6 7.6 293.128
4.6 7.8 292.972
4.6 8 292.824
4.6 8.2 292.683
4.6 8.4 292.549
4.6 8.6 292.422
4.6 8.8 292.303
4.6 9 292.191
4.6 9.2 292.086
4.6 9.4 291.989
4.6 9.6 291.899
4.6 9.8 291.817
4.6 10 291.742
4.8 0 296.908
4.8 0.2 297.004
4.8 0.4 297.093
4.8 0.6 297.175
4.8 0.8 297.248
4.8 1 297.313
4.8 1.2 297.368
4.8 1.4 297.412
4.8 1.6 297.444
4.8 1.8 297.464
4.8 2 297.469
4.8 2.2 297.46
4.8 2.4 297.435
4.8 2.6 297.394
4.8 2.8 297.335
4.8 3 297.259
4.8 3.2 297.166
4.8 3.4 297.056
4.8 3.6 296.93
4.8 3.8 296.788
4.8 4 296.632
4.8 4.2 296.464
4.8 4.4 296.284
4.8 4.6 296.095
4.8 4.8 295.897
4.8 5 295.694
4.8 5.2 295.486
4.8 5.4 295.275
4.8 5.6 295.062
4.8 5.8 294.85
4.8 6 294.639
4.8 6.2 294.43
4.8 6.4 294.225
4.8 6.6 294.024
4.8 6.8 293.828
4.8 7 293.638
4.8 7.2 293.454
4.8 7.4 293.277
4.8 7.6 293.107
4.8 7.8 292.945
4.8 8 292.79
4.8 8.2 292.643
4.8 8.4 292.504
4.8 8.6 292.373
4.8 8.8 292.25
4.8 9 292.136
4.8 9.2 292.029
4.8 9.4 291.93
4.8 9.6 291.839
4.8 9.8 291.757
4.8 10 291.682
5 0 297.185
5 0.2 297.281
5 0.4 297.373
5 0.6 297.457
5 0.8 297.534
5 1 297.603
5 1.2 297.662
5 1.4 297.71
5 1.6 297.746
5 1.8 297.77
5 2 297.778
5 2.2 297.77
5 2.4 297.745
5 2.6 297.702
5 2.8 297.64
5 3 297.559
5 3.2 297.459
5 3.4 297.339
5 3.6 297.202
5 3.8 297.047
5 4 296.877
5 4.2 296.692
5 4.4 296.495
5 4.6 296.288
5 4.8 296.072
5 5 295.85
5 5.2 295.624
5 5.4 295.395
5 5.6 295.165
5 5.8 294.935
5 6 294.708
5 6.2 294.483
5 6.4 294.263
5 6.6 294.049
5 6.8 293.84
5 7 293.639
5 7.2 293.444
5 7.4 293.257
5 7.6 293.079
5 7.8 292.909
5 8 292.747
5 8.2 292.594
5 8.4 292.45
5 8.6 292.315
5 8.8 292.188
5 9 292.07
5 9.2 291.961
5 9.4 291.861
5 9.6 291.769
5 9.8 291.686
5 10 291.612
5.2 0 297.476
5.2 0.2 297.574
5.2 0.4 297.668
5.2 0.6 297.755
5.2 0.8 297.837
5.2 1 297.91
5.2 1.2 297.975
5.2 1.4 298.029
5.2 1.6 298.071
5.2 1.8 298.099
5.2 2 298.111
5.2 2.2 298.106
5.2 2.4 298.083
5.2 2.6 298.039
5.2 2.8 297.974
5.2 3 297.887
5.2 3.2 297.778
5.2 3.4 297.649
5.2 3.6 297.498
5.2 3.8 297.329
5.2 4 297.142
5.2 4.2 296.939
5.2 4.4 296.723
5.2 4.6 296.496
5.2 4.8 296.259
5.2 5 296.017
5.2 5.2 295.769
5.2 5.4 295.52
5.2 5.6 295.27
5.2 5.8 295.022
5.2 6 294.776
5.2 6.2 294.535
5.2 6.4 294.299
5.2 6.6 294.07
5.2 6.8 293.847
5.2 7 293.633
5.2 7.2 293.427
5.2 7.4 293.23
5.2 7.6 293.042
5.2 7.8 292.864
5.2 8 292.695
5.2 8.2 292.536
5.2 8.4 292.386
5.2 8.6 292.246
5.2 8.8 292.116
5.2 9 291.995
5.2 9.2 291.884
5.2 9.4 291.782
5.2 9.6 291.689
5.2 9.8 291.606
5.2 10 291.532
5.4 0 297.781
5.4 0.2 297.88
5.4 0.4 297.977
5.4 0.6 298.07
5.4 0.8 298.156
5.4 1 298.236
5.4 1.2 298.308
5.4 1.4 298.369
5.4 1.6 298.419
5.4 1.8 298.454
5.4 2 298.472
5.4 2.2 298.472
5.4 2.4 298.45
5.4 2.6 298.406
5.4 2.8 298.338
5.4 3 298.246
5.4 3.2 298.129
5.4 3.4 297.988
5.4 3.6 297.823
5.4 3.8 297.637
5.4 4 297.431
5.4 4.2 297.208
5.4 4.4 296.969
5.4 4.6 296.719
5.4 4.8 296.459
5.4 5 296.193
5.4 5.2 295.922
5.4 5.4 295.65
5.4 5.6 295.378
5.4 5.8 295.109
5.4 6 294.844
5.4 6.2 294.584
5.4 6.4 294.331
5.4 6.6 294.085
5.4 6.8 293.848
5.4 7 293.62
5.4 7.2 293.402
5.4 7.4 293.194
5.4 7.6 292.996
5.4 7.8 292.809
5.4 8 292.633
5.4 8.2 292.467
5.4 8.4 292.311
5.4 8.6 292.167
5.4 8.8 292.033
5.4 9 291.909
5.4 9.2 291.795
5.4 9.4 291.691
5.4 9.6 291.598
5.4 9.8 291.514
5.4 10 291.44
5.6 0 298.102
5.6 0.2 298.202
5.6 0.4 298.302
5.6 0.6 298.4
5.6 0.8 298.493
5.6 1 298.581
5.6 1.2 298.662
5.6 1.4 298.734
5.6 1.6 298.793
5.6 1.8 298.837
5.6 2 298.864
5.6 2.2 298.869
5.6 2.4 298.852
5.6 2.6 298.809
5.6 2.8 298.739
5.6 3 298.641
5.6 3.2 298.515
5.6 3.4 298.361
5.6 3.6 298.181
5.6 3.8 297.975
5.6 4 297.747
5.6 4.2 297.5
5.6 4.4 297.236
5.6 4.6 296.96
5.6 4.8 296.673
5.6 5 296.38
5.6 5.2 296.083
5.6 5.4 295.786
5.6 5.6 295.49
5.6 5.8 295.197
5.6 6 294.91
5.6 6.2 294.629
5.6 6.4 294.357
5.6 6.6 294.094
5.6 6.8 293.841
5.6 7 293.599
5.6 7.2 293.368
5.6 7.4 293.148
5.6 7.6 292.94
5.6 7.8 292.744
5.6 8 292.559
5.6 8.2 292.387
5.6 8.4 292.226
5.6 8.6 292.076
5.6 8.8 291.938
5.6 9 291.811
5.6 9.2 291.695
5.6 9.4 291.59
5.6 9.6 291.495
5.6 9.8 291.411
5.6 10 291.338
5.8 0 298.436
5.8 0.2 298.538
5.8 0.4 298.642
5.8 0.6 298.746
5.8 0.8 298.848
5.8 1 298.946
5.8 1.2 299.039
5.8 1.4 299.123
5.8 1.6 299.195
5.8 1.8 299.251
5.8 2 299.289
5.8 2.2 299.304
5.8 2.4 299.292
5.8 2.6 299.252
5.8 2.8 299.181
5.8 3 299.078
5.8 3.2 298.942
5.8 3.4 298.774
5.8 3.6 298.574
5.8 3.8 298.347
5.8 4 298.094
5.8 4.2 297.819
5.8 4.4 297.526
5.8 4.6 297.219
5.8 4.8 296.902
5.8 5 296.579
5.8 5.2 296.252
5.8 5.4 295.926
5.8 5.6 295.603
5.8 5.8 295.285
5.8 6 294.973
5.8 6.2 294.671
5.8 6.4 294.378
5.8 6.6 294.097
5.8 6.8 293.826
5.8 7 293.569
5.8 7.2 293.324
5.8 7.4 293.092
5.8 7.6 292.873
5.8 7.8 292.667
5.8 8 292.474
5.8 8.2 292.295
5.8 8.4 292.128
5.8 8.6 291.973
5.8 8.8 291.831
5.8 9 291.701
5.8 9.2 291.583
5.8 9.4 291.476
5.8 9.6 291.381
5.8 9.8 291.297
5.8 10 291.224
6 0 298.784
6 0.2 298.887
6 0.4 298.996
6 0.6 299.108
6 0.8 299.22
6 1 299.331
6 1.2 299.439
6 1.4 299.538
6 1.6 299.627
6 1.8 299.7
6 2 299.752
6 2.2 299.779
6 2.4 299.776
6 2.6 299.741
6 2.8 299.67
6 3 299.561
6 3.2 299.414
6 3.4 299.23
6 3.6 299.01
6 3.8 298.757
6 4 298.475
6 4.2 298.168
6 4.4 297.841
6 4.6 297.499
6 4.8 297.147
6 5 296.789
6 5.2 296.429
6 5.4 296.071
6 5.6 295.718
6 5.8 295.371
6 6 295.034
6 6.2 294.707
6 6.4 294.392
6 6.6 294.09
6 6.8 293.802
6 7 293.528
6 7.2 293.269
6 7.4 293.024
6 7.6 292.793
6 7.8 292.578
6 8 292.377
6 8.2 292.19
6 8.4 292.017
6 8.6 291.857
6 8.8 291.711
6 9 291.578
6 9.2 291.458
6 9.4 291.35
6 9.6 291.253
6 9.8 291.169
6 10 291.097
6.2 0 299.144
6.2 0.2 299.249
6.2 0.4 299.363
6.2 0.6 299.484
6.2 0.8 299.609
6.2 1 299.736
6.2 1.2 299.861
6.2 1.4 299.981
6.2 1.6 300.091
6.2 1.8 300.184
6.2 2 300.256
6.2 2.2 300.299
6.2 2.4 300.309
6.2 2.6 300.281
6.2 2.8 300.211
6.2 3 300.097
6.2 3.2 299.939
6.2 3.4 299.736
6.2 3.6 299.492
6.2 3.8 299.21
6.2 4 298.894
6.2 4.2 298.549
6.2 4.4 298.183
6.2 4.6 297.801
6.2 4.8 297.409
6.2 5 297.011
6.2 5.2 296.614
6.2 5.4 296.22
6.2 5.6 295.833
6.2 5.8 295.456
6.2 6 295.09
6.2 6.2 294.737
6.2 6.4 294.398
6.2 6.6 294.075
6.2 6.8 293.767
6.2 7 293.476
6.2 7.2 293.201
6.2 7.4 292.943
6.2 7.6 292.701
6.2 7.8 292.475
6.2 8 292.265
6.2 8.2 292.071
6.2 8.4 291.892
6.2 8.6 291.728
6.2 8.8 291.578
6.2 9 291.442
6.2 9.2 291.32
6.2 9.4 291.21
6.2 9.6 291.113
6.2 9.8 291.029
6.2 10 290.957
6.4 0 299.514
6.4 0.2 299.62
6.4 0.4 299.741
6.4 0.6 299.873
6.4 0.8 300.013
6.4 1 300.159
6.4 1.2 300.307
6.4 1.4 300.452
6.4 1.6 300.588
6.4 1.8 300.708
6.4 2 300.804
6.4 2.2 300.869
6.4 2.4 300.896
6.4 2.6 300.879
6.4 2.8 300.812
6.4 3 300.694
6.4 3.2 300.523
6.4 3.4 300.3
6.4 3.6 300.028
6.4 3.8 299.71
6.4 4 299.354
6.4 4.2 298.967
6.4 4.4 298.554
6.4 4.6 298.125
6.4 4.8 297.687
6.4 5 297.245
6.4 5.2 296.805
6.4 5.4 296.372
6.4 5.6 295.948
6.4 5.8 295.536
6.4 6 295.139
6.4 6.2 294.758
6.4 6.4 294.394
6.4 6.6 294.048
6.4 6.8 293.72
6.4 7 293.41
6.4 7.2 293.12
6.4 7.4 292.847
6.4 7.6 292.593
6.4 7.8 292.357
6.4 8 292.139
6.4 8.2 291.938
6.4 8.4 291.753
6.4 8.6 291.584
6.4 8.8 291.431
6.4 9 291.292
6.4 9.2 291.167
6.4 9.4 291.057
6.4 9.6 290.959
6.4 9.8 290.875
6.4 10 290.804
6.6 0 299.892
6.6 0.2 299.999
6.6 0.4 300.127
6.6 0.6 300.271
6.6 0.8 300.429
6.6 1 300.598
6.6 1.2 300.774
6.6 1.4 300.95
6.6 1.6 301.119
6.6 1.8 301.272
6.6 2 301.401
6.6 2.2 301.494
6.6 2.4 301.544
6.6 2.6 301.541
6.6 2.8 301.481
6.6 3 301.359
6.6 3.2 301.174
6.6 3.4 300.927
6.6 3.6 300.622
6.6 3.8 300.265
6.6 4 299.861
6.6 4.2 299.422
6.6 4.4 298.956
6.6 4.6 298.473
6.6 4.8 297.981
6.6 5 297.489
6.6 5.2 297.001
6.6 5.4 296.524
6.6 5.6 296.059
6.6 5.8 295.611
6.6 6 295.18
6.6 6.2 294.769
6.6 6.4 294.378
6.6 6.6 294.008
6.6 6.8 293.658
6.6 7 293.33
6.6 7.2 293.023
6.6 7.4 292.736
6.6 7.6 292.47
6.6 7.8 292.224
6.6 8 291.997
6.6 8.2 291.789
6.6 8.4 291.598
6.6 8.6 291.425
6.6 8.8 291.268
6.6 9 291.127
6.6 9.2 291.001
6.6 9.4 290.889
6.6 9.6 290.792
6.6 9.8 290.708
6.6 10 290.637
6.8 0 300.272
6.8 0.2 300.381
6.8 0.4 300.517
6.8 0.6 300.676
6.8 0.8 300.855
6.8 1 301.051
6.8 1.2 301.259
6.8 1.4 301.473
6.8 1.6 301.683
6.8 1.8 301.879
6.8 2 302.049
6.8 2.2 302.18
6.8 2.4 302.259
6.8 2.6 302.276
6.8 2.8 302.225
6.8 3 302.1
6.8 3.2 301.901
6.8 3.4 301.627
6.8 3.6 301.284
6.8 3.8 300.878
6.8 4 300.419
6.8 4.2 299.918
6.8 4.4 299.388
6.8 4.6 298.842
6.8 4.8 298.29
6.8 5 297.74
6.8 5.2 297.2
6.8 5.4 296.674
6.8 5.6 296.165
6.8 5.8 295.677
6.8 6 295.211
6.8 6.2 294.767
6.8 6.4 294.348
6.8 6.6 293.952
6.8 6.8 293.58
6.8 7 293.233
6.8 7.2 292.909
6.8 7.4 292.608
6.8 7.6 292.329
6.8 7.8 292.073
6.8 8 291.837
6.8 8.2 291.622
6.8 8.4 291.427
6.8 8.6 291.25
6.8 8.8 291.09
6.8 9 290.947
6.8 9.2 290.819
6.8 9.4 290.707
6.8 9.6 290.61
6.8 9.8 290.526
6.8 10 290.456
7 0 300.651
7 0.2 300.762
7 0.4 300.907
7 0.6 301.082
7 0.8 301.285
7 1 301.512
7 1.2 301.759
7 1.4 302.018
7 1.6 302.28
7 1.8 302.53
7 2 302.753
7 2.2 302.932
7 2.4 303.049
7 2.6 303.093
7 2.8 303.055
7 3 302.929
7 3.2 302.713
7 3.4 302.409
7 3.6 302.021
7 3.8 301.557
7 4 301.031
7 4.2 300.456
7 4.4 299.851
7 4.6 299.231
7 4.8 298.609
7 5 297.995
7 5.2 297.397
7 5.4 296.818
7 5.6 296.262
7 5.8 295.731
7 6 295.227
7 6.2 294.75
7 6.4 294.301
7 6.6 293.879
7 6.8 293.484
7 7 293.116
7 7.2 292.775
7 7.4 292.46
7 7.6 292.169
7 7.8 291.903
7 8 291.659
7 8.2 291.438
7 8.4 291.238
7 8.6 291.057
7 8.8 290.895
7 9 290.75
7 9.2 290.623
7 9.4 290.51
7 9.6 290.413
7 9.8 290.33
7 10 290.261
7.2 0 301.023
7.2 0.2 301.135
7.2 0.4 301.29
7.2 0.6 301.483
7.2 0.8 301.712
7.2 1 301.975
7.2 1.2 302.267
7.2 1.4 302.581
7.2 1.6 302.905
7.2 1.8 303.225
7.2 2 303.517
7.2 2.2 303.758
7.2 2.4 303.926
7.2 2.6 304.004
7.2 2.8 303.983
7.2 3 303.857
7.2 3.2 303.624
7.2 3.4 303.284
7.2 3.6 302.844
7.2 3.8 302.311
7.2 4 301.702
7.2 4.2 301.038
7.2 4.4 300.342
7.2 4.6 299.635
7.2 4.8 298.934
7.2 5 298.249
7.2 5.2 297.587
7.2 5.4 296.951
7.2 5.6 296.345
7.2 5.8 295.77
7.2 6 295.226
7.2 6.2 294.714
7.2 6.4 294.234
7.2 6.6 293.785
7.2 6.8 293.367
7.2 7 292.979
7.2 7.2 292.62
7.2 7.4 292.29
7.2 7.6 291.988
7.2 7.8 291.712
7.2 8 291.461
7.2 8.2 291.234
7.2 8.4 291.029
7.2 8.6 290.846
7.2 8.8 290.683
7.2 9 290.538
7.2 9.2 290.41
7.2 9.4 290.298
7.2 9.6 290.201
7.2 9.8 290.119
7.2 10 290.051
7.4 0 301.381
7.4 0.2 301.495
7.4 0.4 301.659
7.4 0.6 301.871
7.4 0.8 302.129
7.4 1 302.431
7.4 1.2 302.773
7.4 1.4 303.151
7.4 1.6 303.553
7.4 1.8 303.962
7.4 2 304.349
7.4 2.2 304.673
7.4 2.4 304.905
7.4 2.6 305.027
7.4 2.8 305.028
7.4 3 304.904
7.4 3.2 304.651
7.4 3.4 304.272
7.4 3.6 303.769
7.4 3.8 303.154
7.4 4 302.442
7.4 4.2 301.662
7.4 4.4 300.855
7.4 4.6 300.047
7.4 4.8 299.257
7.4 5 298.494
7.4 5.2 297.763
7.4 5.4 297.068
7.4 5.6 296.41
7.4 5.8 295.789
7.4 6 295.204
7.4 6.2 294.656
7.4 6.4 294.144
7.4 6.6 293.668
7.4 6.8 293.226
7.4 7 292.817
7.4 7.2 292.441
7.4 7.4 292.097
7.4 7.6 291.783
7.4 7.8 291.498
7.4 8 291.24
7.4 8.2 291.009
7.4 8.4 290.801
7.4 8.6 290.617
7.4 8.8 290.453
7.4 9 290.308
7.4 9.2 290.181
7.4 9.4 290.07
7.4 9.6 289.975
7.4 9.8 289.893
7.4 10 289.826
7.6 0 301.718
7.6 0.2 301.832
7.6 0.4 302.007
7.6 0.6 302.238
7.6 0.8 302.524
7.6 1 302.867
7.6 1.2 303.265
7.6 1.4 303.716
7.6 1.6 304.213
7.6 1.8 304.743
7.6 2 305.266
7.6 2.2 305.704
7.6 2.4 306.018
7.6 2.6 306.193
7.6 2.8 306.221
7.6 3 306.099
7.6 3.2 305.827
7.6 3.4 305.403
7.6 3.6 304.83
7.6 3.8 304.113
7.6 4 303.268
7.6 4.2 302.33
7.6 4.4 301.38
7.6 4.6 300.453
7.6 4.8 299.565
7.6 5 298.719
7.6 5.2 297.918
7.6 5.4 297.162
7.6 5.6 296.451
7.6 5.8 295.783
7.6 6 295.157
7.6 6.2 294.572
7.6 6.4 294.028
7.6 6.6 293.524
7.6 6.8 293.057
7.6 7 292.629
7.6 7.2 292.236
7.6 7.4 291.878
7.6 7.6 291.553
7.6 7.8 291.26
7.6 8 290.996
7.6 8.2 290.761
7.6 8.4 290.552
7.6 8.6 290.367
7.6 8.8 290.204
7.6 9 290.061
7.6 9.2 289.936
7.6 9.4 289.827
7.6 9.6 289.734
7.6 9.8 289.654
7.6 10 289.587
7.8 0 302.025
7.8 0.2 302.141
7.8 0.4 302.325
7.8 0.6 302.574
7.8 0.8 302.889
7.8 1 303.271
7.8 1.2 303.725
7.8 1.4 304.254
7.8 1.6 304.865
7.8 1.8 305.561
7.8 2 306.314
7.8 2.2 306.912
7.8 2.4 307.327
7.8 2.6 307.561
7.8 2.8 307.618
7.8 3 307.5
7.8 3.2 307.207
7.8 3.4 306.737
7.8 3.6 306.087
7.8 3.8 305.251
7.8 4 304.225
7.8 4.2 303.038
7.8 4.4 301.899
7.8 4.6 300.835
7.8 4.8 299.842
7.8 5 298.913
7.8 5.2 298.042
7.8 5.4 297.226
7.8 5.6 296.461
7.8 5.8 295.747
7.8 6 295.079
7.8 6.2 294.458
7.8 6.4 293.882
7.8 6.6 293.349
7.8 6.8 292.859
7.8 7 292.41
7.8 7.2 292.001
7.8 7.4 291.63
7.8 7.6 291.295
7.8 7.8 290.995
7.8 8 290.727
7.8 8.2 290.49
7.8 8.4 290.28
7.8 8.6 290.096
7.8 8.8 289.936
7.8 9 289.796
7.8 9.2 289.675
7.8 9.4 289.569
7.8 9.6 289.478
7.8 9.8 289.401
7.8 10 289.335
8 0 302.297
8 0.2 302.414
8 0.4 302.606
8 0.6 302.87
8 0.8 303.209
8 1 303.627
8 1.2 304.131
8 1.4 304.736
8 1.6 305.466
8 1.8 306.38
8 2 307.623
8 2.2 308.433
8 2.4 308.958
8 2.6 309.25
8 2.8 309.334
8 3 309.218
8 3.2 308.906
8 3.4 308.392
8 3.6 307.667
8 3.8 306.704
8 4 305.447
8 4.2 303.749
8 4.4 302.37
8 4.6 301.162
8 4.8 300.069
8 5 299.061
8 5.2 298.124
8 5.4 297.251
8 5.6 296.436
8 5.8 295.676
8 6 294.968
8 6.2 294.31
8 6.4 293.702
8 6.6 293.141
8 6.8 292.627
8 7 292.159
8 7.2 291.734
8 7.4 291.35
8 7.6 291.007
8 7.8 290.701
8 8 290.43
8 8.2 290.192
8 8.4 289.984
8 8.6 289.804
8 8.8 289.648
8 9 289.513
8 9.2 289.397
8 9.4 289.297
8 9.6 289.21
8 9.8 289.135
8 10 289.071
8.2 0 302.528
8.2 0.2 302.646
8.2 0.4 302.844
8.2 0.6 303.119
8.2 0.8 303.476
8.2 1 303.92
8.2 1.2 304.461
8.2 1.4 305.119
8.2 1.6 305.933
8.2 1.8 306.978
8.2 2 308.414
8.2 2.2 309.352
8.2 2.4 309.951
8.2 2.6 310.284
8.2 2.8 310.385
8.2 3 310.27
8.2 3.2 309.942
8.2 3.4 309.394
8.2 3.6 308.612
8.2 3.8 307.557
8.2 4 306.154
8.2 4.2 304.243
8.2 4.4 302.711
8.2 4.6 301.397
8.2 4.8 300.223
8.2 5 299.15
8.2 5.2 298.157
8.2 5.4 297.233
8.2 5.6 296.371
8.2 5.8 295.567
8.2 6 294.819
8.2 6.2 294.125
8.2 6.4 293.484
8.2 6.6 292.895
8.2 6.8 292.358
8.2 7 291.871
8.2 7.2 291.431
8.2 7.4 291.036
8.2 7.6 290.685
8.2 7.8 290.375
8.2 8 290.103
8.2 8.2 289.866
8.2 8.4 289.662
8.2 8.6 289.488
8.2 8.8 289.339
8.2 9 289.213
8.2 9.2 289.105
8.2 9.4 289.012
8.2 9.6 288.931
8.2 9.8 288.859
8.2 10 288.796
8.4 0 302.712
8.4 0.2 302.831
8.4 0.4 303.033
8.4 0.6 303.315
8.4 0.8 303.682
8.4 1 304.139
8.4 1.2 304.698
8.4 1.4 305.381
8.4 1.6 306.228
8.4 1.8 307.321
8.4 2 308.815
8.4 2.2 309.797
8.4 2.4 310.423
8.4 2.6 310.77
8.4 2.8 310.877
8.4 3 310.759
8.4 3.2 310.419
8.4 3.4 309.851
8.4 3.6 309.038
8.4 3.8 307.939
8.4 4 306.475
8.4 4.2 304.487
8.4 4.4 302.887
8.4 4.6 301.516
8.4 4.8 300.292
8.4 5 299.172
8.4 5.2 298.135
8.4 5.4 297.167
8.4 5.6 296.262
8.4 5.8 295.416
8.4 6 294.628
8.4 6.2 293.897
8.4 6.4 293.224
8.4 6.6 292.608
8.4 6.8 292.048
8.4 7 291.542
8.4 7.2 291.088
8.4 7.4 290.684
8.4 7.6 290.327
8.4 7.8 290.014
8.4 8 289.743
8.4 8.2 289.511
8.4 8.4 289.313
8.4 8.6 289.148
8.4 8.8 289.01
8.4 9 288.895
8.4 9.2 288.798
8.4 9.4 288.715
8.4 9.6 288.641
8.4 9.8 288.574
8.4 10 288.512
8.6 0 302.85
8.6 0.2 302.969
8.6 0.4 303.172
8.6 0.6 303.456
8.6 0.8 303.824
8.6 1 304.281
8.6 1.2 304.838
8.6 1.4 305.513
8.6 1.6 306.343
8.6 1.8 307.404
8.6 2 308.854
8.6 2.2 309.803
8.6 2.4 310.408
8.6 2.6 310.743
8.6 2.8 310.84
8.6 3 310.715
8.6 3.2 310.368
8.6 3.4 309.796
8.6 3.6 308.982
8.6 3.8 307.888
8.6 4 306.441
8.6 4.2 304.479
8.6 4.4 302.89
8.6 4.6 301.514
8.6 4.8 300.272
8.6 5 299.127
8.6 5.2 298.058
8.6 5.4 297.053
8.6 5.6 296.108
8.6 5.8 295.221
8.6 6 294.393
8.6 6.2 293.624
8.6 6.4 292.918
8.6 6.6 292.274
8.6 6.8 291.691
8.6 7 291.168
8.6 7.2 290.702
8.6 7.4 290.29
8.6 7.6 289.929
8.6 7.8 289.616
8.6 8 289.348
8.6 8.2 289.122
8.6 8.4 288.935
8.6 8.6 288.782
8.6 8.8 288.658
8.6 9 288.559
8.6 9.2 288.478
8.6 9.4 288.409
8.6 9.6 288.346
8.6 9.8 288.285
8.6 10 288.224
8.8 0 302.94
8.8 0.2 303.06
8.8 0.4 303.262
8.8 0.6 303.543
8.8 0.8 303.904
8.8 1 304.35
8.8 1.2 304.886
8.8 1.4 305.524
8.8 1.6 306.289
8.8 1.8 307.235
8.8 2 308.507
8.8 2.2 309.341
8.8 2.4 309.88
8.8 2.6 310.176
8.8 2.8 310.252
8.8 3 310.115
8.8 3.2 309.767
8.8 3.4 309.205
8.8 3.6 308.415
8.8 3.8 307.375
8.8 4 306.028
8.8 4.2 304.227
8.8 4.4 302.735
8.8 4.6 301.402
8.8 4.8 300.174
8.8 5 299.021
8.8 5.2 297.93
8.8 5.4 296.895
8.8 5.6 295.912
8.8 5.8 294.983
8.8 6 294.111
8.8 6.2 293.302
8.8 6.4 292.561
8.8 6.6 291.888
8.8 6.8 291.283
8.8 7 290.744
8.8 7.2 290.268
8.8 7.4 289.85
8.8 7.6 289.488
8.8 7.8 289.177
8.8 8 288.915
8.8 8.2 288.698
8.8 8.4 288.524
8.8 8.6 288.387
8.8 8.8 288.284
8.8 9 288.207
8.8 9.2 288.147
8.8 9.4 288.097
8.8 9.6 288.048
8.8 9.8 287.995
8.8 10 287.936
9 0 302.986
9 0.2 303.106
9 0.4 303.305
9 0.6 303.58
9 0.8 303.929
9 1 304.355
9 1.2 304.858
9 1.4 305.441
9 1.6 306.106
9 1.8 306.854
9 2 307.653
9 2.2 308.288
9 2.4 308.727
9 2.6 308.969
9 2.8 309.016
9 3 308.867
9 3.2 308.521
9 3.4 307.977
9 3.6 307.231
9 3.8 306.278
9 4 305.116
9 4.2 303.774
9 4.4 302.463
9 4.6 301.212
9 4.8 300.015
9 5 298.868
9 5.2 297.764
9 5.4 296.701
9 5.6 295.679
9 5.8 294.702
9 6 293.78
9 6.2 292.925
9 6.4 292.145
9 6.6 291.444
9 6.8 290.818
9 7 290.266
9 7.2 289.782
9 7.4 289.361
9 7.6 288.999
9 7.8 288.693
9 8 288.439
9 8.2 288.235
9 8.4 288.076
9 8.6 287.961
9 8.8 287.884
9 9 287.837
9 9.2 287.808
9 9.4 287.785
9 9.6 287.756
9 9.8 287.713
9 10 287.654
9.2 0 302.991
9.2 0.2 303.111
9.2 0.4 303.307
9.2 0.6 303.573
9.2 0.8 303.909
9.2 1 304.312
9.2 1.2 304.779
9.2 1.4 305.305
9.2 1.6 305.88
9.2 1.8 306.484
9.2 2 307.074
9.2 2.2 307.566
9.2 2.4 307.917
9.2 2.6 308.105
9.2 2.8 308.122
9.2 3 307.962
9.2 3.2 307.62
9.2 3.4 307.097
9.2 3.6 306.395
9.2 3.8 305.521
9.2 4 304.492
9.2 4.2 303.346
9.2 4.4 302.165
9.2 4.6 300.986
9.2 4.8 299.826
9.2 5 298.688
9.2 5.2 297.573
9.2 5.4 296.482
9.2 5.6 295.416
9.2 5.8 294.382
9.2 6 293.396
9.2 6.2 292.485
9.2 6.4 291.663
9.2 6.6 290.933
9.2 6.8 290.289
9.2 7 289.727
9.2 7.2 289.238
9.2 7.4 288.817
9.2 7.6 288.46
9.2 7.8 288.161
9.2 8 287.917
9.2 8.2 287.727
9.2 8.4 287.589
9.2 8.6 287.499
9.2 8.8 287.456
9.2 9 287.449
9.2 9.2 287.465
9.2 9.4 287.479
9.2 9.6 287.476
9.2 9.8 287.447
9.2 10 287.39
9.4 0 302.96
9.4 0.2 303.08
9.4 0.4 303.272
9.4 0.6 303.53
9.4 0.8 303.852
9.4 1 304.234
9.4 1.2 304.67
9.4 1.4 305.148
9.4 1.6 305.655
9.4 1.8 306.166
9.4 2 306.645
9.4 2.2 307.045
9.4 2.4 307.33
9.4 2.6 307.476
9.4 2.8 307.468
9.4 3 307.297
9.4 3.2 306.959
9.4 3.4 306.455
9.4 3.6 305.789
9.4 3.8 304.974
9.4 4 304.029
9.4 4.2 302.985
9.4 4.4 301.886
9.4 4.6 300.762
9.4 4.8 299.631
9.4 5 298.502
9.4 5.2 297.377
9.4 5.4 296.257
9.4 5.6 295.139
9.4 5.8 294.028
9.4 6 292.951
9.4 6.2 291.969
9.4 6.4 291.101
9.4 6.6 290.344
9.4 6.8 289.688
9.4 7 289.121
9.4 7.2 288.633
9.4 7.4 288.217
9.4 7.6 287.866
9.4 7.8 287.577
9.4 8 287.345
9.4 8.2 287.171
9.4 8.4 287.053
9.4 8.6 286.993
9.4 8.8 286.991
9.4 9 287.041
9.4 9.2 287.124
9.4 9.4 287.192
9.4 9.6 287.223
9.4 9.8 287.21
9.4 10 287.154
9.6 0 302.897
9.6 0.2 303.016
9.6 0.4 303.205
9.6 0.6 303.457
9.6 0.8 303.768
9.6 1 304.134
9.6 1.2 304.546
9.6 1.4 304.991
9.6 1.6 305.453
9.6 1.8 305.908
9.6 2 306.325
9.6 2.2 306.669
9.6 2.4 306.912
9.6 2.6 307.029
9.6 2.8 307.003
9.6 3 306.826
9.6 3.2 306.491
9.6 3.4 306.001
9.6 3.6 305.361
9.6 3.8 304.584
9.6 4 303.689
9.6 4.2 302.702
9.6 4.4 301.652
9.6 4.6 300.563
9.6 4.8 299.453
9.6 5 298.33
9.6 5.2 297.196
9.6 5.4 296.047
9.6 5.6 294.871
9.6 5.8 293.658
9.6 6 292.424
9.6 6.2 291.35
9.6 6.4 290.439
9.6 6.6 289.665
9.6 6.8 289.005
9.6 7 288.442
9.6 7.2 287.962
9.6 7.4 287.556
9.6 7.6 287.216
9.6 7.8 286.938
9.6 8 286.72
9.6 8.2 286.561
9.6 8.4 286.463
9.6 8.6 286.432
9.6 8.8 286.475
9.6 9 286.601
9.6 9.2 286.8
9.6 9.4 286.942
9.6 9.6 287.013
9.6 9.8 287.018
9.6 10 286.963
9.8 0 302.805
9.8 0.2 302.924
9.8 0.4 303.111
9.8 0.6 303.359
9.8 0.8 303.664
9.8 1 304.02
9.8 1.2 304.419
9.8 1.4 304.846
9.8 1.6 305.285
9.8 1.8 305.713
9.8 2 306.1
9.8 2.2 306.419
9.8 2.4 306.64
9.8 2.6 306.742
9.8 2.8 306.708
9.8 3 306.527
9.8 3.2 306.195
9.8 3.4 305.713
9.8 3.6 305.087
9.8 3.8 304.33
9.8 4 303.46
9.8 4.2 302.5
9.8 4.4 301.475
9.8 4.6 300.405
9.8 4.8 299.307
9.8 5 298.189
9.8 5.2 297.05
9.8 5.4 295.881
9.8 5.6 294.657
9.8 5.8 293.323
9.8 6 291.751
9.8 6.2 290.581
9.8 6.4 289.649
9.8 6.6 288.88
9.8 6.8 288.234
9.8 7 287.688
9.8 7.2 287.224
9.8 7.4 286.833
9.8 7.6 286.508
9.8 7.8 286.244
9.8 8 286.038
9.8 8.2 285.892
9.8 8.4 285.808
9.8 8.6 285.797
9.8 8.8 285.877
9.8 9 286.09
9.8 9.2 286.532
9.8 9.4 286.763
9.8 9.6 286.869
9.8 9.8 286.888
9.8 10 286.833
10 0 302.805
10 0.2 302.805
10 0.4 302.991
10 0.6 303.238
10 0.8 303.542
10 1 303.896
10 1.2 304.293
10 1.4 304.719
10 1.6 305.157
10 1.8 305.582
10 2 305.969
10 2.2 306.286
10 2.4 306.506
10 2.6 306.608
10 2.8 306.574
10 3 306.394
10 3.2 306.063
10 3.4 305.583
10 3.6 304.959
10 3.8 304.205
10 4 303.339
10 4.2 302.383
10 4.4 301.361
10 4.6 300.296
10 4.8 299.202
10 5 298.088
10 5.2 296.954
10 5.4 295.79
10 5.6 294.571
10 5.8 293.242
10 6 290.69
10 6.2 289.586
10 6.4 288.707
10 6.6 287.981
10 6.8 287.372
10 7 286.856
10 7.2 286.419
10 7.4 286.05
10 7.6 285.743
10 7.8 285.494
10 8 285.3
10 8.2 285.162
10 8.4 285.083
10 8.6 285.073
10 8.8 285.148
10 9 285.349
10 9.2 286.478
10 9.4 286.708
10 9.6 286.814
10 9.8 286.833
10 10 286.833
