0 0 289.186
0 0.2 289.186
0 0.4 289.244
0 0.6 289.293
0 0.8 289.333
0 1 289.365
0 1.2 289.389
0 1.4 289.404
0 1.6 289.411
0 1.8 289.409
0 2 289.4
0 2.2 289.382
0 2.4 289.357
0 2.6 289.324
0 2.8 289.284
0 3 289.237
0 3.2 289.183
0 3.4 289.123
0 3.6 289.057
0 3.8 288.985
0 4 288.908
0 4.2 288.825
0 4.4 288.738
0 4.6 288.648
0 4.8 288.553
0 5 288.455
0 5.2 288.354
0 5.4 288.252
0 5.6 288.147
0 5.8 288.041
0 6 287.934
0 6.2 287.826
0 6.4 287.719
0 6.6 287.612
0 6.8 287.506
0 7 287.401
0 7.2 287.297
0 7.4 287.196
0 7.6 287.097
0 7.8 287.001
0 8 286.908
0 8.2 286.818
0 8.4 286.731
0 8.6 286.649
0 8.8 286.57
0 9 286.495
0 9.2 286.425
0 9.4 286.359
0 9.6 286.297
0 9.8 286.24
0 10 286.24
0.2 0 289.186
0.2 0.2 289.251
0.2 0.4 289.309
0.2 0.6 289.358
0.2 0.8 289.399
0.2 1 289.431
0.2 1.2 289.454
0.2 1.4 289.47
0.2 1.6 289.476
0.2 1.8 289.475
0.2 2 289.465
0.2 2.2 289.448
0.2 2.4 289.422
0.2 2.6 289.39
0.2 2.8 289.349
0.2 3 289.302
0.2 3.2 289.248
0.2 3.4 289.188
0.2 3.6 289.121
0.2 3.8 289.049
0.2 4 288.971
0.2 4.2 288.889
0.2 4.4 288.801
0.2 4.6 288.71
0.2 4.8 288.615
0.2 5 288.517
0.2 5.2 288.416
0.2 5.4 288.313
0.2 5.6 288.207
0.2 5.8 288.101
0.2 6 287.993
0.2 6.2 287.886
0.2 6.4 287.778
0.2 6.6 287.67
0.2 6.8 287.564
0.2 7 287.458
0.2 7.2 287.355
0.2 7.4 287.253
0.2 7.6 287.154
0.2 7.8 287.057
0.2 8 286.963
0.2 8.2 286.873
0.2 8.4 286.786
0.2 8.6 286.703
0.2 8.8 286.624
0.2 9 286.549
0.2 9.2 286.479
0.2 9.4 286.412
0.2 9.6 286.351
0.2 9.8 286.293
0.2 10 286.24
0.4 0 289.268
0.4 0.2 289.333
0.4 0.4 289.391
0.4 0.6 289.441
0.4 0.8 289.482
0.4 1 289.514
0.4 1.2 289.538
0.4 1.4 289.553
0.4 1.6 289.56
0.4 1.8 289.558
0.4 2 289.548
0.4 2.2 289.53
0.4 2.4 289.505
0.4 2.6 289.472
0.4 2.8 289.431
0.4 3 289.383
0.4 3.2 289.329
0.4 3.4 289.268
0.4 3.6 289.201
0.4 3.8 289.128
0.4 4 289.049
0.4 4.2 288.966
0.4 4.4 288.878
0.4 4.6 288.786
0.4 4.8 288.69
0.4 5 288.591
0.4 5.2 288.489
0.4 5.4 288.385
0.4 5.6 288.279
0.4 5.8 288.171
0.4 6 288.063
0.4 6.2 287.954
0.4 6.4 287.845
0.4 6.6 287.737
0.4 6.8 287.629
0.4 7 287.523
0.4 7.2 287.419
0.4 7.4 287.316
0.4 7.6 287.216
0.4 7.8 287.119
0.4 8 287.025
0.4 8.2 286.934
0.4 8.4 286.846
0.4 8.6 286.763
0.4 8.8 286.683
0.4 9 286.608
0.4 9.2 286.537
0.4 9.4 286.47
0.4 9.6 286.408
0.4 9.8 286.35
0.4 10 286.297
0.6 0 289.367
0.6 0.2 289.432
0.6 0.4 289.491
0.6 0.6 289.54
0.6 0.8 289.581
0.6 1 289.614
0.6 1.2 289.637
0.6 1.4 289.652
0.6 1.6 289.659
0.6 1.8 289.657
0.6 2 289.647
0.6 2.2 289.629
0.6 2.4 289.603
0.6 2.6 289.569
0.6 2.8 289.527
0.6 3 289.479
0.6 3.2 289.424
0.6 3.4 289.362
0.6 3.6 289.293
0.6 3.8 289.219
0.6 4 289.14
0.6 4.2 289.055
0.6 4.4 288.966
0.6 4.6 288.873
0.6 4.8 288.776
0.6 5 288.675
0.6 5.2 288.572
0.6 5.4 288.466
0.6 5.6 288.359
0.6 5.8 288.25
0.6 6 288.14
0.6 6.2 288.03
0.6 6.4 287.92
0.6 6.6 287.81
0.6 6.8 287.702
0.6 7 287.594
0.6 7.2 287.489
0.6 7.4 287.385
0.6 7.6 287.284
0.6 7.8 287.185
0.6 8 287.09
0.6 8.2 286.998
0.6 8.4 286.91
0.6 8.6 286.826
0.6 8.8 286.746
0.6 9 286.67
0.6 9.2 286.598
0.6 9.4 286.531
0.6 9.6 286.468
0.6 9.8 286.41
0.6 10 286.357
0.8 0 289.482
0.8 0.2 289.548
0.8 0.4 289.606
0.8 0.6 289.656
0.8 0.8 289.697
0.8 1 289.73
0.8 1.2 289.753
0.8 1.4 289.768
0.8 1.6 289.774
0.8 1.8 289.772
0.8 2 289.762
0.8 2.2 289.743
0.8 2.4 289.716
0.8 2.6 289.681
0.8 2.8 289.639
0.8 3 289.589
0.8 3.2 289.533
0.8 3.4 289.47
0.8 3.6 289.4
0.8 3.8 289.325
0.8 4 289.244
0.8 4.2 289.158
0.8 4.4 289.067
0.8 4.6 288.972
0.8 4.8 288.873
0.8 5 288.77
0.8 5.2 288.665
0.8 5.4 288.558
0.8 5.6 288.449
0.8 5.8 288.338
0.8 6 288.226
0.8 6.2 288.114
0.8 6.4 288.002
0.8 6.6 287.891
0.8 6.8 287.78
0.8 7 287.671
0.8 7.2 287.564
0.8 7.4 287.459
0.8 7.6 287.356
0.8 7.8 287.257
0.8 8 287.16
0.8 8.2 287.067
0.8 8.4 286.978
0.8 8.6 286.892
0.8 8.8 286.811
0.8 9 286.734
0.8 9.2 286.662
0.8 9.4 286.594
0.8 9.6 286.531
0.8 9.8 286.473
0.8 10 286.419
1 0 289.613
1 0.2 289.679
1 0.4 289.738
1 0.6 289.789
1 0.8 289.83
1 1 289.862
1 1.2 289.886
1 1.4 289.9
1 1.6 289.906
1 1.8 289.904
1 2 289.892
1 2.2 289.873
1 2.4 289.845
1 2.6 289.809
1 2.8 289.766
1 3 289.715
1 3.2 289.657
1 3.4 289.592
1 3.6 289.521
1 3.8 289.444
1 4 289.361
1 4.2 289.272
1 4.4 289.179
1 4.6 289.082
1 4.8 288.981
1 5 288.876
1 5.2 288.769
1 5.4 288.659
1 5.6 288.547
1 5.8 288.434
1 6 288.32
1 6.2 288.206
1 6.4 288.092
1 6.6 287.978
1 6.8 287.865
1 7 287.754
1 7.2 287.645
1 7.4 287.538
1 7.6 287.433
1 7.8 287.332
1 8 287.234
1 8.2 287.139
1 8.4 287.049
1 8.6 286.962
1 8.8 286.88
1 9 286.802
1 9.2 286.729
1 9.4 286.661
1 9.6 286.597
1 9.8 286.538
1 10 286.484
1.2 0 289.761
1.2 0.2 289.828
1.2 0.4 289.887
1.2 0.6 289.938
1.2 0.8 289.979
1.2 1 290.012
1.2 1.2 290.035
1.2 1.4 290.049
1.2 1.6 290.055
1.2 1.8 290.051
1.2 2 290.039
1.2 2.2 290.019
1.2 2.4 289.99
1.2 2.6 289.953
1.2 2.8 289.908
1.2 3 289.855
1.2 3.2 289.796
1.2 3.4 289.729
1.2 3.6 289.655
1.2 3.8 289.576
1.2 4 289.491
1.2 4.2 289.4
1.2 4.4 289.304
1.2 4.6 289.204
1.2 4.8 289.1
1.2 5 288.993
1.2 5.2 288.883
1.2 5.4 288.77
1.2 5.6 288.655
1.2 5.8 288.539
1.2 6 288.422
1.2 6.2 288.305
1.2 6.4 288.188
1.2 6.6 288.072
1.2 6.8 287.957
1.2 7 287.843
1.2 7.2 287.731
1.2 7.4 287.622
1.2 7.6 287.515
1.2 7.8 287.412
1.2 8 287.312
1.2 8.2 287.215
1.2 8.4 287.123
1.2 8.6 287.035
1.2 8.8 286.952
1.2 9 286.873
1.2 9.2 286.799
1.2 9.4 286.729
1.2 9.6 286.665
1.2 9.8 286.606
1.2 10 286.552
1.4 0 289.925
1.4 0.2 289.993
1.4 0.4 290.053
1.4 0.6 290.104
1.4 0.8 290.145
1.4 1 290.178
1.4 1.2 290.201
1.4 1.4 290.215
1.4 1.6 290.22
1.4 1.8 290.216
1.4 2 290.203
1.4 2.2 290.181
1.4 2.4 290.151
1.4 2.6 290.112
1.4 2.8 290.065
1.4 3 290.011
1.4 3.2 289.949
1.4 3.4 289.88
1.4 3.6 289.804
1.4 3.8 289.722
1.4 4 289.634
1.4 4.2 289.54
1.4 4.4 289.441
1.4 4.6 289.338
1.4 4.8 289.231
1.4 5 289.12
1.4 5.2 289.007
1.4 5.4 288.89
1.4 5.6 288.772
1.4 5.8 288.653
1.4 6 288.533
1.4 6.2 288.412
1.4 6.4 288.292
1.4 6.6 288.172
1.4 6.8 288.054
1.4 7 287.937
1.4 7.2 287.823
1.4 7.4 287.711
1.4 7.6 287.601
1.4 7.8 287.496
1.4 8 287.393
1.4 8.2 287.295
1.4 8.4 287.201
1.4 8.6 287.111
1.4 8.8 287.026
1.4 9 286.946
1.4 9.2 286.871
1.4 9.4 286.801
1.4 9.6 286.736
1.4 9.8 286.676
1.4 10 286.621
1.6 0 290.107
1.6 0.2 290.175
1.6 0.4 290.236
1.6 0.6 290.287
1.6 0.8 290.329
1.6 1 290.361
1.6 1.2 290.384
1.6 1.4 290.397
1.6 1.6 290.402
1.6 1.8 290.397
1.6 2 290.382
1.6 2.2 290.359
1.6 2.4 290.328
1.6 2.6 290.287
1.6 2.8 290.239
1.6 3 290.182
1.6 3.2 290.117
1.6 3.4 290.046
1.6 3.6 289.967
1.6 3.8 289.882
1.6 4 289.79
1.6 4.2 289.693
1.6 4.4 289.591
1.6 4.6 289.484
1.6 4.8 289.373
1.6 5 289.258
1.6 5.2 289.141
1.6 5.4 289.021
1.6 5.6 288.899
1.6 5.8 288.775
1.6 6 288.651
1.6 6.2 288.527
1.6 6.4 288.403
1.6 6.6 288.279
1.6 6.8 288.157
1.6 7 288.037
1.6 7.2 287.919
1.6 7.4 287.804
1.6 7.6 287.692
1.6 7.8 287.583
1.6 8 287.479
1.6 8.2 287.378
1.6 8.4 287.282
1.6 8.6 287.19
1.6 8.8 287.103
1.6 9 287.022
1.6 9.2 286.945
1.6 9.4 286.874
1.6 9.6 286.808
1.6 9.8 286.748
1.6 10 286.693
1.8 0 290.305
1.8 0.2 290.375
1.8 0.4 290.436
1.8 0.6 290.487
1.8 0.8 290.529
1.8 1 290.561
1.8 1.2 290.584
1.8 1.4 290.597
1.8 1.6 290.6
1.8 1.8 290.594
1.8 2 290.579
1.8 2.2 290.555
1.8 2.4 290.521
1.8 2.6 290.479
1.8 2.8 290.428
1.8 3 290.368
1.8 3.2 290.301
1.8 3.4 290.226
1.8 3.6 290.144
1.8 3.8 290.056
1.8 4 289.96
1.8 4.2 289.859
1.8 4.4 289.753
1.8 4.6 289.642
1.8 4.8 289.526
1.8 5 289.407
1.8 5.2 289.285
1.8 5.4 289.161
1.8 5.6 289.034
1.8 5.8 288.906
1.8 6 288.777
1.8 6.2 288.649
1.8 6.4 288.52
1.8 6.6 288.393
1.8 6.8 288.267
1.8 7 288.143
1.8 7.2 288.021
1.8 7.4 287.902
1.8 7.6 287.787
1.8 7.8 287.675
1.8 8 287.567
1.8 8.2 287.464
1.8 8.4 287.365
1.8 8.6 287.271
1.8 8.8 287.183
1.8 9 287.099
1.8 9.2 287.022
1.8 9.4 286.949
1.8 9.6 286.883
1.8 9.8 286.822
1.8 10 286.767
2 0 290.521
2 0.2 290.591
2 0.4 290.653
2 0.6 290.705
2 0.8 290.747
2 1 290.779
2 1.2 290.802
2 1.4 290.814
2 1.6 290.817
2 1.8 290.81
2 2 290.793
2 2.2 290.767
2 2.4 290.731
2 2.6 290.686
2 2.8 290.633
2 3 290.571
2 3.2 290.5
2 3.4 290.422
2 3.6 290.336
2 3.8 290.244
2 4 290.144
2 4.2 290.039
2 4.4 289.928
2 4.6 289.812
2 4.8 289.691
2 5 289.567
2 5.2 289.44
2 5.4 289.31
2 5.6 289.179
2 5.8 289.045
2 6 288.912
2 6.2 288.778
2 6.4 288.645
2 6.6 288.512
2 6.8 288.382
2 7 288.253
2 7.2 288.127
2 7.4 288.005
2 7.6 287.885
2 7.8 287.77
2 8 287.659
2 8.2 287.553
2 8.4 287.451
2 8.6 287.355
2 8.8 287.264
2 9 287.179
2 9.2 287.1
2 9.4 287.026
2 9.6 286.959
2 9.8 286.898
2 10 286.842
2.2 0 290.755
2.2 0.2 290.826
2.2 0.4 290.888
2.2 0.6 290.94
2.2 0.8 290.983
2.2 1 291.015
2.2 1.2 291.037
2.2 1.4 291.049
2.2 1.6 291.051
2.2 1.8 291.042
2.2 2 291.024
2.2 2.2 290.996
2.2 2.4 290.958
2.2 2.6 290.911
2.2 2.8 290.855
2.2 3 290.789
2.2 3.2 290.716
2.2 3.4 290.633
2.2 3.6 290.543
2.2 3.8 290.446
2.2 4 290.342
2.2 4.2 290.232
2.2 4.4 290.115
2.2 4.6 289.994
2.2 4.8 289.868
2.2 5 289.738
2.2 5.2 289.605
2.2 5.4 289.47
2.2 5.6 289.332
2.2 5.8 289.193
2.2 6 289.054
2.2 6.2 288.914
2.2 6.4 288.776
2.2 6.6 288.638
2.2 6.8 288.502
2.2 7 288.369
2.2 7.2 288.238
2.2 7.4 288.111
2.2 7.6 287.988
2.2 7.8 287.868
2.2 8 287.754
2.2 8.2 287.644
2.2 8.4 287.54
2.2 8.6 287.441
2.2 8.8 287.348
2.2 9 287.261
2.2 9.2 287.18
2.2 9.4 287.105
2.2 9.6 287.036
2.2 9.8 286.974
2.2 10 286.919
2.4 0 291.006
2.4 0.2 291.078
2.4 0.4 291.141
2.4 0.6 291.194
2.4 0.8 291.236
2.4 1 291.268
2.4 1.2 291.29
2.4 1.4 291.301
2.4 1.6 291.302
2.4 1.8 291.293
2.4 2 291.273
2.4 2.2 291.243
2.4 2.4 291.203
2.4 2.6 291.153
2.4 2.8 291.093
2.4 3 291.025
2.4 3.2 290.947
2.4 3.4 290.86
2.4 3.6 290.766
2.4 3.8 290.663
2.4 4 290.554
2.4 4.2 290.438
2.4 4.4 290.316
2.4 4.6 290.189
2.4 4.8 290.057
2.4 5 289.92
2.4 5.2 289.781
2.4 5.4 289.639
2.4 5.6 289.495
2.4 5.8 289.35
2.4 6 289.204
2.4 6.2 289.058
2.4 6.4 288.913
2.4 6.6 288.77
2.4 6.8 288.628
2.4 7 288.489
2.4 7.2 288.353
2.4 7.4 288.221
2.4 7.6 288.093
2.4 7.8 287.97
2.4 8 287.851
2.4 8.2 287.738
2.4 8.4 287.63
2.4 8.6 287.528
2.4 8.8 287.433
2.4 9 287.343
2.4 9.2 287.261
2.4 9.4 287.184
2.4 9.6 287.115
2.4 9.8 287.052
2.4 10 286.996
2.6 0 291.275
2.6 0.2 291.348
2.6 0.4 291.412
2.6 0.6 291.465
2.6 0.8 291.508
2.6 1 291.54
2.6 1.2 291.562
2.6 1.4 291.572
2.6 1.6 291.572
2.6 1.8 291.561
2.6 2 291.54
2.6 2.2 291.508
2.6 2.4 291.465
2.6 2.6 291.412
2.6 2.8 291.349
2.6 3 291.276
2.6 3.2 291.194
2.6 3.4 291.103
2.6 3.6 291.004
2.6 3.8 290.896
2.6 4 290.781
2.6 4.2 290.658
2.6 4.4 290.53
2.6 4.6 290.396
2.6 4.8 290.257
2.6 5 290.114
2.6 5.2 289.967
2.6 5.4 289.818
2.6 5.6 289.667
2.6 5.8 289.514
2.6 6 289.361
2.6 6.2 289.209
2.6 6.4 289.057
2.6 6.6 288.907
2.6 6.8 288.759
2.6 7 288.614
2.6 7.2 288.473
2.6 7.4 288.335
2.6 7.6 288.202
2.6 7.8 288.074
2.6 8 287.951
2.6 8.2 287.833
2.6 8.4 287.722
2.6 8.6 287.617
2.6 8.8 287.519
2.6 9 287.427
2.6 9.2 287.342
2.6 9.4 287.264
2.6 9.6 287.194
2.6 9.8 287.13
2.6 10 287.074
2.8 0 291.562
2.8 0.2 291.637
2.8 0.4 291.701
2.8 0.6 291.756
2.8 0.8 291.799
2.8 1 291.831
2.8 1.2 291.852
2.8 1.4 291.862
2.8 1.6 291.861
2.8 1.8 291.849
2.8 2 291.825
2.8 2.2 291.791
2.8 2.4 291.745
2.8 2.6 291.689
2.8 2.8 291.623
2.8 3 291.546
2.8 3.2 291.459
2.8 3.4 291.363
2.8 3.6 291.257
2.8 3.8 291.144
2.8 4 291.022
2.8 4.2 290.893
2.8 4.4 290.757
2.8 4.6 290.616
2.8 4.8 290.469
2.8 5 290.318
2.8 5.2 290.164
2.8 5.4 290.006
2.8 5.6 289.847
2.8 5.8 289.687
2.8 6 289.526
2.8 6.2 289.366
2.8 6.4 289.207
2.8 6.6 289.05
2.8 6.8 288.895
2.8 7 288.743
2.8 7.2 288.596
2.8 7.4 288.452
2.8 7.6 288.313
2.8 7.8 288.18
2.8 8 288.052
2.8 8.2 287.931
2.8 8.4 287.815
2.8 8.6 287.707
2.8 8.8 287.605
2.8 9 287.511
2.8 9.2 287.424
2.8 9.4 287.345
2.8 9.6 287.273
2.8 9.8 287.209
2.8 10 287.152
3 0 291.868
3 0.2 291.944
3 0.4 292.01
3 0.6 292.064
3 0.8 292.108
3 1 292.14
3 1.2 292.161
3 1.4 292.171
3 1.6 292.168
3 1.8 292.155
3 2 292.129
3 2.2 292.093
3 2.4 292.044
3 2.6 291.985
3 2.8 291.914
3 3 291.833
3 3.2 291.741
3 3.4 291.639
3 3.6 291.528
3 3.8 291.407
3 4 291.278
3 4.2 291.142
3 4.4 290.998
3 4.6 290.849
3 4.8 290.694
3 5 290.534
3 5.2 290.371
3 5.4 290.205
3 5.6 290.037
3 5.8 289.868
3 6 289.699
3 6.2 289.53
3 6.4 289.363
3 6.6 289.198
3 6.8 289.035
3 7 288.876
3 7.2 288.722
3 7.4 288.572
3 7.6 288.427
3 7.8 288.288
3 8 288.155
3 8.2 288.029
3 8.4 287.909
3 8.6 287.797
3 8.8 287.692
3 9 287.595
3 9.2 287.506
3 9.4 287.425
3 9.6 287.352
3 9.8 287.287
3 10 287.23
3.2 0 292.193
3.2 0.2 292.27
3.2 0.4 292.337
3.2 0.6 292.392
3.2 0.8 292.436
3.2 1 292.469
3.2 1.2 292.49
3.2 1.4 292.498
3.2 1.6 292.495
3.2 1.8 292.48
3.2 2 292.453
3.2 2.2 292.414
3.2 2.4 292.363
3.2 2.6 292.3
3.2 2.8 292.225
3.2 3 292.138
3.2 3.2 292.041
3.2 3.4 291.933
3.2 3.6 291.815
3.2 3.8 291.687
3.2 4 291.55
3.2 4.2 291.406
3.2 4.4 291.253
3.2 4.6 291.095
3.2 4.8 290.93
3.2 5 290.761
3.2 5.2 290.589
3.2 5.4 290.413
3.2 5.6 290.235
3.2 5.8 290.057
3.2 6 289.878
3.2 6.2 289.7
3.2 6.4 289.524
3.2 6.6 289.35
3.2 6.8 289.18
3.2 7 289.013
3.2 7.2 288.851
3.2 7.4 288.694
3.2 7.6 288.542
3.2 7.8 288.397
3.2 8 288.259
3.2 8.2 288.127
3.2 8.4 288.003
3.2 8.6 287.887
3.2 8.8 287.779
3.2 9 287.679
3.2 9.2 287.587
3.2 9.4 287.504
3.2 9.6 287.43
3.2 9.8 287.364
3.2 10 287.306
3.4 0 292.537
3.4 0.2 292.615
3.4 0.4 292.683
3.4 0.6 292.74
3.4 0.8 292.784
3.4 1 292.817
3.4 1.2 292.838
3.4 1.4 292.846
3.4 1.6 292.842
3.4 1.8 292.826
3.4 2 292.797
3.4 2.2 292.755
3.4 2.4 292.701
3.4 2.6 292.634
3.4 2.8 292.554
3.4 3 292.463
3.4 3.2 292.36
3.4 3.4 292.245
3.4 3.6 292.119
3.4 3.8 291.984
3.4 4 291.838
3.4 4.2 291.685
3.4 4.4 291.523
3.4 4.6 291.354
3.4 4.8 291.18
3.4 5 291
3.4 5.2 290.817
3.4 5.4 290.631
3.4 5.6 290.443
3.4 5.8 290.254
3.4 6 290.065
3.4 6.2 289.877
3.4 6.4 289.691
3.4 6.6 289.508
3.4 6.8 289.328
3.4 7 289.153
3.4 7.2 288.982
3.4 7.4 288.818
3.4 7.6 288.659
3.4 7.8 288.507
3.4 8 288.363
3.4 8.2 288.226
3.4 8.4 288.097
3.4 8.6 287.977
3.4 8.8 287.865
3.4 9 287.761
3.4 9.2 287.667
3.4 9.4 287.582
3.4 9.6 287.506
3.4 9.8 287.439
3.4 10 287.382
3.6 0 292.9
3.6 0.2 292.98
3.6 0.4 293.049
3.6 0.6 293.107
3.6 0.8 293.152
3.6 1 293.185
3.6 1.2 293.206
3.6 1.4 293.214
3.6 1.6 293.21
3.6 1.8 293.192
3.6 2 293.161
3.6 2.2 293.117
3.6 2.4 293.059
3.6 2.6 292.988
3.6 2.8 292.904
3.6 3 292.807
3.6 3.2 292.697
3.6 3.4 292.575
3.6 3.6 292.442
3.6 3.8 292.298
3.6 4 292.143
3.6 4.2 291.979
3.6 4.4 291.807
3.6 4.6 291.628
3.6 4.8 291.442
3.6 5 291.251
3.6 5.2 291.056
3.6 5.4 290.858
3.6 5.6 290.658
3.6 5.8 290.458
3.6 6 290.258
3.6 6.2 290.059
3.6 6.4 289.862
3.6 6.6 289.669
3.6 6.8 289.479
3.6 7 289.295
3.6 7.2 289.116
3.6 7.4 288.943
3.6 7.6 288.777
3.6 7.8 288.618
3.6 8 288.467
3.6 8.2 288.324
3.6 8.4 288.19
3.6 8.6 288.065
3.6 8.8 287.949
3.6 9 287.842
3.6 9.2 287.745
3.6 9.4 287.658
3.6 9.6 287.581
3.6 9.8 287.513
3.6 10 287.455
3.8 0 293.283
3.8 0.2 293.364
3.8 0.4 293.435
3.8 0.6 293.493
3.8 0.8 293.54
3.8 1 293.574
3.8 1.2 293.595
3.8 1.4 293.603
3.8 1.6 293.598
3.8 1.8 293.579
3.8 2 293.546
3.8 2.2 293.5
3.8 2.4 293.439
3.8 2.6 293.364
3.8 2.8 293.275
3.8 3 293.172
3.8 3.2 293.055
3.8 3.4 292.925
3.8 3.6 292.783
3.8 3.8 292.629
3.8 4 292.465
3.8 4.2 292.29
3.8 4.4 292.106
3.8 4.6 291.915
3.8 4.8 291.717
3.8 5 291.513
3.8 5.2 291.306
3.8 5.4 291.095
3.8 5.6 290.883
3.8 5.8 290.67
3.8 6 290.457
3.8 6.2 290.246
3.8 6.4 290.038
3.8 6.6 289.834
3.8 6.8 289.634
3.8 7 289.439
3.8 7.2 289.25
3.8 7.4 289.069
3.8 7.6 288.894
3.8 7.8 288.728
3.8 8 288.57
3.8 8.2 288.421
3.8 8.4 288.281
3.8 8.6 288.151
3.8 8.8 288.031
3.8 9 287.921
3.8 9.2 287.821
3.8 9.4 287.731
3.8 9.6 287.652
3.8 9.8 287.584
3.8 10 287.526
4 0 293.685
4 0.2 293.768
4 0.4 293.84
4 0.6 293.9
4 0.8 293.948
4 1 293.982
4 1.2 294.004
4 1.4 294.013
4 1.6 294.007
4 1.8 293.988
4 2 293.953
4 2.2 293.904
4 2.4 293.84
4 2.6 293.761
4 2.8 293.667
4 3 293.558
4 3.2 293.434
4 3.4 293.296
4 3.6 293.144
4 3.8 292.98
4 4 292.804
4 4.2 292.618
4 4.4 292.421
4 4.6 292.217
4 4.8 292.005
4 5 291.788
4 5.2 291.566
4 5.4 291.342
4 5.6 291.115
4 5.8 290.889
4 6 290.663
4 6.2 290.439
4 6.4 290.218
4 6.6 290.002
4 6.8 289.79
4 7 289.584
4 7.2 289.386
4 7.4 289.194
4 7.6 289.011
4 7.8 288.837
4 8 288.672
4 8.2 288.516
4 8.4 288.37
4 8.6 288.235
4 8.8 288.11
4 9 287.996
4 9.2 287.893
4 9.4 287.802
4 9.6 287.721
4 9.8 287.651
4 10 287.593
4.2 0 294.107
4.2 0.2 294.192
4.2 0.4 294.265
4.2 0.6 294.327
4.2 0.8 294.376
4.2 1 294.412
4.2 1.2 294.435
4.2 1.4 294.444
4.2 1.6 294.439
4.2 1.8 294.419
4.2 2 294.383
4.2 2.2 294.332
4.2 2.4 294.265
4.2 2.6 294.182
4.2 2.8 294.082
4.2 3 293.966
4.2 3.2 293.834
4.2 3.4 293.687
4.2 3.6 293.526
4.2 3.8 293.35
4.2 4 293.162
4.2 4.2 292.962
4.2 4.4 292.752
4.2 4.6 292.533
4.2 4.8 292.307
4.2 5 292.074
4.2 5.2 291.837
4.2 5.4 291.597
4.2 5.6 291.356
4.2 5.8 291.114
4.2 6 290.874
4.2 6.2 290.636
4.2 6.4 290.401
4.2 6.6 290.172
4.2 6.8 289.948
4.2 7 289.731
4.2 7.2 289.521
4.2 7.4 289.32
4.2 7.6 289.127
4.2 7.8 288.944
4.2 8 288.771
4.2 8.2 288.608
4.2 8.4 288.456
4.2 8.6 288.315
4.2 8.8 288.186
4.2 9 288.068
4.2 9.2 287.962
4.2 9.4 287.868
4.2 9.6 287.785
4.2 9.8 287.715
4.2 10 287.656
4.4 0 294.549
4.4 0.2 294.635
4.4 0.4 294.711
4.4 0.6 294.774
4.4 0.8 294.825
4.4 1 294.863
4.4 1.2 294.888
4.4 1.4 294.898
4.4 1.6 294.893
4.4 1.8 294.873
4.4 2 294.837
4.4 2.2 294.784
4.4 2.4 294.714
4.4 2.6 294.626
4.4 2.8 294.521
4.4 3 294.398
4.4 3.2 294.258
4.4 3.4 294.102
4.4 3.6 293.929
4.4 3.8 293.741
4.4 4 293.54
4.4 4.2 293.325
4.4 4.4 293.1
4.4 4.6 292.865
4.4 4.8 292.622
4.4 5 292.373
4.4 5.2 292.119
4.4 5.4 291.862
4.4 5.6 291.604
4.4 5.8 291.346
4.4 6 291.09
4.4 6.2 290.837
4.4 6.4 290.588
4.4 6.6 290.344
4.4 6.8 290.107
4.4 7 289.877
4.4 7.2 289.656
4.4 7.4 289.443
4.4 7.6 289.241
4.4 7.8 289.048
4.4 8 288.867
4.4 8.2 288.697
4.4 8.4 288.538
4.4 8.6 288.392
4.4 8.8 288.257
4.4 9 288.135
4.4 9.2 288.026
4.4 9.4 287.929
4.4 9.6 287.845
4.4 9.8 287.773
4.4 10 287.714
4.6 0 295.011
4.6 0.2 295.099
4.6 0.4 295.176
4.6 0.6 295.242
4.6 0.8 295.295
4.6 1 295.335
4.6 1.2 295.362
4.6 1.4 295.374
4.6 1.6 295.371
4.6 1.8 295.351
4.6 2 295.315
4.6 2.2 295.26
4.6 2.4 295.188
4.6 2.6 295.096
4.6 2.8 294.985
4.6 3 294.855
4.6 3.2 294.707
4.6 3.4 294.54
4.6 3.6 294.355
4.6 3.8 294.154
4.6 4 293.937
4.6 4.2 293.707
4.6 4.4 293.465
4.6 4.6 293.212
4.6 4.8 292.952
4.6 5 292.684
4.6 5.2 292.412
4.6 5.4 292.136
4.6 5.6 291.86
4.6 5.8 291.584
4.6 6 291.311
4.6 6.2 291.041
4.6 6.4 290.776
4.6 6.6 290.517
4.6 6.8 290.265
4.6 7 290.022
4.6 7.2 289.788
4.6 7.4 289.564
4.6 7.6 289.351
4.6 7.8 289.149
4.6 8 288.959
4.6 8.2 288.781
4.6 8.4 288.616
4.6 8.6 288.463
4.6 8.8 288.324
4.6 9 288.197
4.6 9.2 288.084
4.6 9.4 287.985
4.6 9.6 287.899
4.6 9.8 287.826
4.6 10 287.767
4.8 0 295.492
4.8 0.2 295.582
4.8 0.4 295.661
4.8 0.6 295.73
4.8 0.8 295.786
4.8 1 295.829
4.8 1.2 295.859
4.8 1.4 295.873
4.8 1.6 295.872
4.8 1.8 295.854
4.8 2 295.818
4.8 2.2 295.763
4.8 2.4 295.688
4.8 2.6 295.593
4.8 2.8 295.477
4.8 3 295.339
4.8 3.2 295.181
4.8 3.4 295.003
4.8 3.6 294.805
4.8 3.8 294.589
4.8 4 294.356
4.8 4.2 294.109
4.8 4.4 293.848
4.8 4.6 293.576
4.8 4.8 293.295
4.8 5 293.007
4.8 5.2 292.715
4.8 5.4 292.419
4.8 5.6 292.123
4.8 5.8 291.828
4.8 6 291.535
4.8 6.2 291.247
4.8 6.4 290.965
4.8 6.6 290.69
4.8 6.8 290.423
4.8 7 290.166
4.8 7.2 289.919
4.8 7.4 289.682
4.8 7.6 289.458
4.8 7.8 289.246
4.8 8 289.046
4.8 8.2 288.86
4.8 8.4 288.687
4.8 8.6 288.529
4.8 8.8 288.384
4.8 9 288.253
4.8 9.2 288.136
4.8 9.4 288.034
4.8 9.6 287.946
4.8 9.8 287.873
4.8 10 287.813
5 0 295.992
5 0.2 296.084
5 0.4 296.166
5 0.6 296.238
5 0.8 296.297
5 1 296.344
5 1.2 296.378
5 1.4 296.396
5 1.6 296.399
5 1.8 296.383
5 2 296.349
5 2.2 296.294
5 2.4 296.217
5 2.6 296.118
5 2.8 295.997
5 3 295.852
5 3.2 295.684
5 3.4 295.493
5 3.6 295.281
5 3.8 295.049
5 4 294.798
5 4.2 294.531
5 4.4 294.25
5 4.6 293.956
5 4.8 293.653
5 5 293.343
5 5.2 293.028
5 5.4 292.71
5 5.6 292.392
5 5.8 292.076
5 6 291.763
5 6.2 291.456
5 6.4 291.155
5 6.6 290.862
5 6.8 290.579
5 7 290.306
5 7.2 290.045
5 7.4 289.796
5 7.6 289.559
5 7.8 289.336
5 8 289.127
5 8.2 288.933
5 8.4 288.752
5 8.6 288.587
5 8.8 288.437
5 9 288.301
5 9.2 288.181
5 9.4 288.076
5 9.6 287.986
5 9.8 287.912
5 10 287.852
5.2 0 296.51
5.2 0.2 296.604
5.2 0.4 296.69
5.2 0.6 296.765
5.2 0.8 296.829
5.2 1 296.881
5.2 1.2 296.92
5.2 1.4 296.943
5.2 1.6 296.95
5.2 1.8 296.939
5.2 2 296.907
5.2 2.2 296.853
5.2 2.4 296.776
5.2 2.6 296.675
5.2 2.8 296.548
5.2 3 296.395
5.2 3.2 296.216
5.2 3.4 296.013
5.2 3.6 295.785
5.2 3.8 295.535
5.2 4 295.264
5.2 4.2 294.976
5.2 4.4 294.671
5.2 4.6 294.354
5.2 4.8 294.026
5.2 5 293.691
5.2 5.2 293.351
5.2 5.4 293.009
5.2 5.6 292.667
5.2 5.8 292.328
5.2 6 291.993
5.2 6.2 291.664
5.2 6.4 291.344
5.2 6.6 291.032
5.2 6.8 290.732
5.2 7 290.443
5.2 7.2 290.166
5.2 7.4 289.903
5.2 7.6 289.655
5.2 7.8 289.421
5.2 8 289.201
5.2 8.2 288.998
5.2 8.4 288.81
5.2 8.6 288.638
5.2 8.8 288.481
5.2 9 288.341
5.2 9.2 288.217
5.2 9.4 288.11
5.2 9.6 288.018
5.2 9.8 287.942
5.2 10 287.883
5.4 0 297.046
5.4 0.2 297.142
5.4 0.4 297.231
5.4 0.6 297.311
5.4 0.8 297.381
5.4 1 297.439
5.4 1.2 297.484
5.4 1.4 297.515
5.4 1.6 297.528
5.4 1.8 297.522
5.4 2 297.495
5.4 2.2 297.444
5.4 2.4 297.368
5.4 2.6 297.264
5.4 2.8 297.132
5.4 3 296.971
5.4 3.2 296.782
5.4 3.4 296.564
5.4 3.6 296.319
5.4 3.8 296.049
5.4 4 295.756
5.4 4.2 295.443
5.4 4.4 295.113
5.4 4.6 294.769
5.4 4.8 294.414
5.4 5 294.051
5.4 5.2 293.684
5.4 5.4 293.315
5.4 5.6 292.947
5.4 5.8 292.583
5.4 6 292.224
5.4 6.2 291.873
5.4 6.4 291.53
5.4 6.6 291.199
5.4 6.8 290.88
5.4 7 290.574
5.4 7.2 290.282
5.4 7.4 290.004
5.4 7.6 289.742
5.4 7.8 289.497
5.4 8 289.267
5.4 8.2 289.054
5.4 8.4 288.858
5.4 8.6 288.679
5.4 8.8 288.517
5.4 9 288.372
5.4 9.2 288.244
5.4 9.4 288.134
5.4 9.6 288.04
5.4 9.8 287.964
5.4 10 287.904
5.6 0 297.599
5.6 0.2 297.697
5.6 0.4 297.79
5.6 0.6 297.875
5.6 0.8 297.951
5.6 1 298.017
5.6 1.2 298.071
5.6 1.4 298.111
5.6 1.6 298.133
5.6 1.8 298.135
5.6 2 298.115
5.6 2.2 298.068
5.6 2.4 297.994
5.6 2.6 297.889
5.6 2.8 297.753
5.6 3 297.584
5.6 3.2 297.383
5.6 3.4 297.15
5.6 3.6 296.886
5.6 3.8 296.594
5.6 4 296.276
5.6 4.2 295.936
5.6 4.4 295.577
5.6 4.6 295.203
5.6 4.8 294.817
5.6 5 294.424
5.6 5.2 294.026
5.6 5.4 293.628
5.6 5.6 293.231
5.6 5.8 292.839
5.6 6 292.455
5.6 6.2 292.079
5.6 6.4 291.714
5.6 6.6 291.361
5.6 6.8 291.022
5.6 7 290.698
5.6 7.2 290.389
5.6 7.4 290.097
5.6 7.6 289.821
5.6 7.8 289.563
5.6 8 289.323
5.6 8.2 289.101
5.6 8.4 288.896
5.6 8.6 288.71
5.6 8.8 288.542
5.6 9 288.393
5.6 9.2 288.261
5.6 9.4 288.148
5.6 9.6 288.052
5.6 9.8 287.975
5.6 10 287.915
5.8 0 298.166
5.8 0.2 298.266
5.8 0.4 298.363
5.8 0.6 298.455
5.8 0.8 298.54
5.8 1 298.616
5.8 1.2 298.68
5.8 1.4 298.731
5.8 1.6 298.765
5.8 1.8 298.779
5.8 2 298.767
5.8 2.2 298.728
5.8 2.4 298.658
5.8 2.6 298.554
5.8 2.8 298.414
5.8 3 298.238
5.8 3.2 298.024
5.8 3.4 297.774
5.8 3.6 297.489
5.8 3.8 297.172
5.8 4 296.826
5.8 4.2 296.455
5.8 4.4 296.063
5.8 4.6 295.655
5.8 4.8 295.235
5.8 5 294.808
5.8 5.2 294.377
5.8 5.4 293.946
5.8 5.6 293.518
5.8 5.8 293.096
5.8 6 292.683
5.8 6.2 292.281
5.8 6.4 291.892
5.8 6.6 291.516
5.8 6.8 291.157
5.8 7 290.813
5.8 7.2 290.487
5.8 7.4 290.179
5.8 7.6 289.89
5.8 7.8 289.619
5.8 8 289.368
5.8 8.2 289.136
5.8 8.4 288.923
5.8 8.6 288.73
5.8 8.8 288.556
5.8 9 288.402
5.8 9.2 288.267
5.8 9.4 288.15
5.8 9.6 288.053
5.8 9.8 287.975
5.8 10 287.915
6 0 298.745
6 0.2 298.848
6 0.4 298.951
6 0.6 299.05
6 0.8 299.144
6 1 299.232
6 1.2 299.311
6 1.4 299.377
6 1.6 299.426
6 1.8 299.454
6 2 299.456
6 2.2 299.427
6 2.4 299.364
6 2.6 299.262
6 2.8 299.12
6 3 298.936
6 3.2 298.709
6 3.4 298.44
6 3.6 298.131
6 3.8 297.786
6 4 297.408
6 4.2 297.002
6 4.4 296.573
6 4.6 296.127
6 4.8 295.668
6 5 295.203
6 5.2 294.734
6 5.4 294.268
6 5.6 293.806
6 5.8 293.352
6 6 292.909
6 6.2 292.478
6 6.4 292.063
6 6.6 291.664
6 6.8 291.282
6 7 290.918
6 7.2 290.574
6 7.4 290.25
6 7.6 289.946
6 7.8 289.663
6 8 289.4
6 8.2 289.159
6 8.4 288.938
6 8.6 288.737
6 8.8 288.558
6 9 288.399
6 9.2 288.26
6 9.4 288.141
6 9.6 288.042
6 9.8 287.963
6 10 287.903
6.2 0 299.335
6.2 0.2 299.44
6.2 0.4 299.548
6.2 0.6 299.656
6.2 0.8 299.763
6.2 1 299.866
6.2 1.2 299.962
6.2 1.4 300.047
6.2 1.6 300.116
6.2 1.8 300.163
6.2 2 300.182
6.2 2.2 300.168
6.2 2.4 300.115
6.2 2.6 300.019
6.2 2.8 299.876
6.2 3 299.684
6.2 3.2 299.443
6.2 3.4 299.153
6.2 3.6 298.818
6.2 3.8 298.44
6.2 4 298.025
6.2 4.2 297.579
6.2 4.4 297.108
6.2 4.6 296.618
6.2 4.8 296.116
6.2 5 295.608
6.2 5.2 295.098
6.2 5.4 294.592
6.2 5.6 294.093
6.2 5.8 293.604
6.2 6 293.128
6.2 6.2 292.668
6.2 6.4 292.225
6.2 6.6 291.8
6.2 6.8 291.395
6.2 7 291.011
6.2 7.2 290.648
6.2 7.4 290.307
6.2 7.6 289.989
6.2 7.8 289.692
6.2 8 289.419
6.2 8.2 289.167
6.2 8.4 288.938
6.2 8.6 288.731
6.2 8.8 288.546
6.2 9 288.382
6.2 9.2 288.239
6.2 9.4 288.118
6.2 9.6 288.017
6.2 9.8 287.937
6.2 10 287.878
6.4 0 299.931
6.4 0.2 300.039
6.4 0.4 300.153
6.4 0.6 300.272
6.4 0.8 300.394
6.4 1 300.515
6.4 1.2 300.633
6.4 1.4 300.741
6.4 1.6 300.835
6.4 1.8 300.907
6.4 2 300.949
6.4 2.2 300.955
6.4 2.4 300.917
6.4 2.6 300.829
6.4 2.8 300.688
6.4 3 300.489
6.4 3.2 300.233
6.4 3.4 299.92
6.4 3.6 299.554
6.4 3.8 299.139
6.4 4 298.682
6.4 4.2 298.189
6.4 4.4 297.668
6.4 4.6 297.129
6.4 4.8 296.577
6.4 5 296.021
6.4 5.2 295.466
6.4 5.4 294.916
6.4 5.6 294.376
6.4 5.8 293.85
6.4 6 293.34
6.4 6.2 292.847
6.4 6.4 292.375
6.4 6.6 291.924
6.4 6.8 291.495
6.4 7 291.089
6.4 7.2 290.707
6.4 7.4 290.349
6.4 7.6 290.016
6.4 7.8 289.706
6.4 8 289.421
6.4 8.2 289.16
6.4 8.4 288.923
6.4 8.6 288.709
6.4 8.8 288.518
6.4 9 288.35
6.4 9.2 288.204
6.4 9.4 288.081
6.4 9.6 287.979
6.4 9.8 287.898
6.4 10 287.839
6.6 0 300.529
6.6 0.2 300.639
6.6 0.4 300.761
6.6 0.6 300.893
6.6 0.8 301.032
6.6 1 301.175
6.6 1.2 301.319
6.6 1.4 301.458
6.6 1.6 301.583
6.6 1.8 301.688
6.6 2 301.761
6.6 2.2 301.794
6.6 2.4 301.776
6.6 2.6 301.702
6.6 2.8 301.564
6.6 3 301.359
6.6 3.2 301.087
6.6 3.4 300.749
6.6 3.6 300.347
6.6 3.8 299.888
6.6 4 299.381
6.6 4.2 298.833
6.6 4.4 298.255
6.6 4.6 297.658
6.6 4.8 297.051
6.6 5 296.441
6.6 5.2 295.834
6.6 5.4 295.238
6.6 5.6 294.654
6.6 5.8 294.087
6.6 6 293.54
6.6 6.2 293.014
6.6 6.4 292.511
6.6 6.6 292.032
6.6 6.8 291.579
6.6 7 291.151
6.6 7.2 290.749
6.6 7.4 290.374
6.6 7.6 290.025
6.6 7.8 289.703
6.6 8 289.406
6.6 8.2 289.136
6.6 8.4 288.891
6.6 8.6 288.671
6.6 8.8 288.475
6.6 9 288.303
6.6 9.2 288.154
6.6 9.4 288.028
6.6 9.6 287.925
6.6 9.8 287.844
6.6 10 287.784
6.8 0 301.125
6.8 0.2 301.237
6.8 0.4 301.367
6.8 0.6 301.513
6.8 0.8 301.673
6.8 1 301.843
6.8 1.2 302.019
6.8 1.4 302.194
6.8 1.6 302.36
6.8 1.8 302.507
6.8 2 302.621
6.8 2.2 302.69
6.8 2.4 302.701
6.8 2.6 302.645
6.8 2.8 302.514
6.8 3 302.305
6.8 3.2 302.015
6.8 3.4 301.647
6.8 3.6 301.204
6.8 3.8 300.694
6.8 4 300.127
6.8 4.2 299.514
6.8 4.4 298.869
6.8 4.6 298.206
6.8 4.8 297.534
6.8 5 296.863
6.8 5.2 296.201
6.8 5.4 295.553
6.8 5.6 294.922
6.8 5.8 294.312
6.8 6 293.726
6.8 6.2 293.164
6.8 6.4 292.63
6.8 6.6 292.122
6.8 6.8 291.643
6.8 7 291.193
6.8 7.2 290.771
6.8 7.4 290.378
6.8 7.6 290.015
6.8 7.8 289.679
6.8 8 289.372
6.8 8.2 289.093
6.8 8.4 288.84
6.8 8.6 288.614
6.8 8.8 288.414
6.8 9 288.238
6.8 9.2 288.087
6.8 9.4 287.959
6.8 9.6 287.855
6.8 9.8 287.773
6.8 10 287.715
7 0 301.711
7 0.2 301.826
7 0.4 301.966
7 0.6 302.128
7 0.8 302.311
7 1 302.512
7 1.2 302.726
7 1.4 302.947
7 1.6 303.165
7 1.8 303.366
7 2 303.534
7 2.2 303.65
7 2.4 303.7
7 2.6 303.67
7 2.8 303.551
7 3 303.338
7 3.2 303.03
7 3.4 302.627
7 3.6 302.136
7 3.8 301.565
7 4 300.925
7 4.2 300.234
7 4.4 299.51
7 4.6 298.768
7 4.8 298.023
7 5 297.285
7 5.2 296.561
7 5.4 295.857
7 5.6 295.176
7 5.8 294.52
7 6 293.893
7 6.2 293.295
7 6.4 292.727
7 6.6 292.191
7 6.8 291.686
7 7 291.212
7 7.2 290.771
7 7.4 290.361
7 7.6 289.982
7 7.8 289.635
7 8 289.317
7 8.2 289.029
7 8.4 288.77
7 8.6 288.538
7 8.8 288.334
7 9 288.155
7 9.2 288.002
7 9.4 287.873
7 9.6 287.768
7 9.8 287.687
7 10 287.628
7.2 0 302.282
7.2 0.2 302.399
7.2 0.4 302.549
7.2 0.6 302.729
7.2 0.8 302.938
7.2 1 303.175
7.2 1.2 303.435
7.2 1.4 303.711
7.2 1.6 303.994
7.2 1.8 304.266
7.2 2 304.505
7.2 2.2 304.686
7.2 2.4 304.787
7.2 2.6 304.791
7.2 2.8 304.688
7.2 3 304.474
7.2 3.2 304.145
7.2 3.4 303.704
7.2 3.6 303.156
7.2 3.8 302.51
7.2 4 301.783
7.2 4.2 300.996
7.2 4.4 300.175
7.2 4.6 299.341
7.2 4.8 298.513
7.2 5 297.7
7.2 5.2 296.909
7.2 5.4 296.145
7.2 5.6 295.41
7.2 5.8 294.708
7.2 6 294.038
7.2 6.2 293.402
7.2 6.4 292.801
7.2 6.6 292.234
7.2 6.8 291.703
7.2 7 291.206
7.2 7.2 290.745
7.2 7.4 290.318
7.2 7.6 289.925
7.2 7.8 289.566
7.2 8 289.239
7.2 8.2 288.943
7.2 8.4 288.678
7.2 8.6 288.442
7.2 8.8 288.234
7.2 9 288.054
7.2 9.2 287.899
7.2 9.4 287.77
7.2 9.6 287.665
7.2 9.8 287.583
7.2 10 287.525
7.4 0 302.829
7.4 0.2 302.948
7.4 0.4 303.108
7.4 0.6 303.308
7.4 0.8 303.546
7.4 1 303.822
7.4 1.2 304.134
7.4 1.4 304.477
7.4 1.6 304.84
7.4 1.8 305.206
7.4 2 305.542
7.4 2.2 305.81
7.4 2.4 305.977
7.4 2.6 306.026
7.4 2.8 305.945
7.4 3 305.731
7.4 3.2 305.38
7.4 3.4 304.895
7.4 3.6 304.28
7.4 3.8 303.545
7.4 4 302.707
7.4 4.2 301.798
7.4 4.4 300.858
7.4 4.6 299.917
7.4 4.8 298.994
7.4 5 298.098
7.4 5.2 297.236
7.4 5.4 296.41
7.4 5.6 295.62
7.4 5.8 294.869
7.4 6 294.156
7.4 6.2 293.481
7.4 6.4 292.846
7.4 6.6 292.249
7.4 6.8 291.691
7.4 7 291.172
7.4 7.2 290.691
7.4 7.4 290.248
7.4 7.6 289.841
7.4 7.8 289.471
7.4 8 289.135
7.4 8.2 288.833
7.4 8.4 288.563
7.4 8.6 288.324
7.4 8.8 288.114
7.4 9 287.932
7.4 9.2 287.777
7.4 9.4 287.648
7.4 9.6 287.543
7.4 9.8 287.462
7.4 10 287.405
7.6 0 303.345
7.6 0.2 303.466
7.6 0.4 303.636
7.6 0.6 303.855
7.6 0.8 304.123
7.6 1 304.441
7.6 1.2 304.811
7.6 1.4 305.23
7.6 1.6 305.692
7.6 1.8 306.181
7.6 2 306.656
7.6 2.2 307.04
7.6 2.4 307.293
7.6 2.6 307.397
7.6 2.8 307.343
7.6 3 307.131
7.6 3.2 306.757
7.6 3.4 306.224
7.6 3.6 305.532
7.6 3.8 304.688
7.6 4 303.71
7.6 4.2 302.639
7.6 4.4 301.55
7.6 4.6 300.482
7.6 4.8 299.454
7.6 5 298.471
7.6 5.2 297.535
7.6 5.4 296.644
7.6 5.6 295.799
7.6 5.8 294.998
7.6 6 294.242
7.6 6.2 293.528
7.6 6.4 292.858
7.6 6.6 292.232
7.6 6.8 291.648
7.6 7 291.106
7.6 7.2 290.606
7.6 7.4 290.147
7.6 7.6 289.728
7.6 7.8 289.347
7.6 8 289.004
7.6 8.2 288.696
7.6 8.4 288.423
7.6 8.6 288.182
7.6 8.8 287.971
7.6 9 287.79
7.6 9.2 287.636
7.6 9.4 287.508
7.6 9.6 287.404
7.6 9.8 287.324
7.6 10 287.267
7.8 0 303.82
7.8 0.2 303.943
7.8 0.4 304.124
7.8 0.6 304.361
7.8 0.8 304.657
7.8 1 305.017
7.8 1.2 305.445
7.8 1.4 305.946
7.8 1.6 306.525
7.8 1.8 307.178
7.8 2 307.869
7.8 2.2 308.41
7.8 2.4 308.767
7.8 2.6 308.933
7.8 2.8 308.91
7.8 3 308.699
7.8 3.2 308.303
7.8 3.4 307.718
7.8 3.6 306.943
7.8 3.8 305.974
7.8 4 304.816
7.8 4.2 303.504
7.8 4.4 302.226
7.8 4.6 301.015
7.8 4.8 299.876
7.8 5 298.804
7.8 5.2 297.794
7.8 5.4 296.84
7.8 5.6 295.94
7.8 5.8 295.091
7.8 6 294.29
7.8 6.2 293.538
7.8 6.4 292.834
7.8 6.6 292.178
7.8 6.8 291.568
7.8 7 291.004
7.8 7.2 290.486
7.8 7.4 290.012
7.8 7.6 289.582
7.8 7.8 289.192
7.8 8 288.843
7.8 8.2 288.531
7.8 8.4 288.256
7.8 8.6 288.015
7.8 8.8 287.806
7.8 9 287.626
7.8 9.2 287.474
7.8 9.4 287.348
7.8 9.6 287.247
7.8 9.8 287.168
7.8 10 287.111
8 0 304.248
8 0.2 304.373
8 0.4 304.561
8 0.6 304.814
8 0.8 305.136
8 1 305.532
8 1.2 306.012
8 1.4 306.592
8 1.6 307.291
8 1.8 308.148
8 2 309.232
8 2.2 309.972
8 2.4 310.438
8 2.6 310.664
8 2.8 310.668
8 3 310.46
8 3.2 310.042
8 3.4 309.41
8 3.6 308.553
8 3.8 307.454
8 4 306.076
8 4.2 304.348
8 4.4 302.84
8 4.6 301.483
8 4.8 300.237
8 5 299.082
8 5.2 298.003
8 5.4 296.99
8 5.6 296.037
8 5.8 295.14
8 6 294.297
8 6.2 293.507
8 6.4 292.769
8 6.6 292.083
8 6.8 291.448
8 7 290.864
8 7.2 290.328
8 7.4 289.841
8 7.6 289.4
8 7.8 289.003
8 8 288.65
8 8.2 288.336
8 8.4 288.061
8 8.6 287.822
8 8.8 287.616
8 9 287.44
8 9.2 287.293
8 9.4 287.171
8 9.6 287.072
8 9.8 286.995
8 10 286.94
8.2 0 304.62
8.2 0.2 304.747
8.2 0.4 304.942
8.2 0.6 305.207
8.2 0.8 305.546
8.2 1 305.969
8.2 1.2 306.489
8.2 1.4 307.125
8.2 1.6 307.908
8.2 1.8 308.892
8.2 2 310.153
8.2 2.2 311.016
8.2 2.4 311.557
8.2 2.6 311.825
8.2 2.8 311.848
8.2 3 311.64
8.2 3.2 311.203
8.2 3.4 310.534
8.2 3.6 309.616
8.2 3.8 308.422
8.2 4 306.899
8.2 4.2 304.972
8.2 4.4 303.313
8.2 4.6 301.845
8.2 4.8 300.515
8.2 5 299.291
8.2 5.2 298.152
8.2 5.4 297.086
8.2 5.6 296.084
8.2 5.8 295.142
8.2 6 294.257
8.2 6.2 293.429
8.2 6.4 292.658
8.2 6.6 291.943
8.2 6.8 291.284
8.2 7 290.679
8.2 7.2 290.128
8.2 7.4 289.629
8.2 7.6 289.179
8.2 7.8 288.778
8.2 8 288.422
8.2 8.2 288.109
8.2 8.4 287.836
8.2 8.6 287.601
8.2 8.8 287.401
8.2 9 287.232
8.2 9.2 287.092
8.2 9.4 286.975
8.2 9.6 286.881
8.2 9.8 286.807
8.2 10 286.752
8.4 0 304.933
8.4 0.2 305.061
8.4 0.4 305.26
8.4 0.6 305.532
8.4 0.8 305.881
8.4 1 306.318
8.4 1.2 306.856
8.4 1.4 307.517
8.4 1.6 308.335
8.4 1.8 309.364
8.4 2 310.681
8.4 2.2 311.587
8.4 2.4 312.155
8.4 2.6 312.438
8.4 2.8 312.466
8.4 3 312.253
8.4 3.2 311.803
8.4 3.4 311.112
8.4 3.6 310.162
8.4 3.8 308.921
8.4 4 307.336
8.4 4.2 305.332
8.4 4.4 303.604
8.4 4.6 302.077
8.4 4.8 300.694
8.4 5 299.421
8.4 5.2 298.236
8.4 5.4 297.124
8.4 5.6 296.077
8.4 5.8 295.092
8.4 6 294.167
8.4 6.2 293.301
8.4 6.4 292.497
8.4 6.6 291.754
8.4 6.8 291.071
8.4 7 290.447
8.4 7.2 289.882
8.4 7.4 289.373
8.4 7.6 288.917
8.4 7.8 288.512
8.4 8 288.156
8.4 8.2 287.846
8.4 8.4 287.579
8.4 8.6 287.352
8.4 8.8 287.161
8.4 9 287.002
8.4 9.2 286.871
8.4 9.4 286.763
8.4 9.6 286.676
8.4 9.8 286.606
8.4 10 286.552
8.6 0 305.184
8.6 0.2 305.312
8.6 0.4 305.513
8.6 0.6 305.786
8.6 0.8 306.137
8.6 1 306.573
8.6 1.2 307.107
8.6 1.4 307.758
8.6 1.6 308.558
8.6 1.8 309.556
8.6 2 310.83
8.6 2.2 311.701
8.6 2.4 312.247
8.6 2.6 312.515
8.6 2.8 312.532
8.6 3 312.31
8.6 3.2 311.854
8.6 3.4 311.158
8.6 3.6 310.206
8.6 3.8 308.971
8.6 4 307.401
8.6 4.2 305.42
8.6 4.4 303.702
8.6 4.6 302.17
8.6 4.8 300.769
8.6 5 299.47
8.6 5.2 298.252
8.6 5.4 297.103
8.6 5.6 296.016
8.6 5.8 294.989
8.6 6 294.022
8.6 6.2 293.119
8.6 6.4 292.281
8.6 6.6 291.509
8.6 6.8 290.804
8.6 7 290.163
8.6 7.2 289.586
8.6 7.4 289.068
8.6 7.6 288.609
8.6 7.8 288.203
8.6 8 287.85
8.6 8.2 287.546
8.6 8.4 287.288
8.6 8.6 287.072
8.6 8.8 286.894
8.6 9 286.749
8.6 9.2 286.632
8.6 9.4 286.537
8.6 9.6 286.458
8.6 9.8 286.393
8.6 10 286.34
8.8 0 305.371
8.8 0.2 305.501
8.8 0.4 305.7
8.8 0.6 305.97
8.8 0.8 306.314
8.8 1 306.737
8.8 1.2 307.248
8.8 1.4 307.859
8.8 1.6 308.591
8.8 1.8 309.477
8.8 2 310.587
8.8 2.2 311.347
8.8 2.4 311.823
8.8 2.6 312.049
8.8 2.8 312.041
8.8 3 311.808
8.8 3.2 311.35
8.8 3.4 310.664
8.8 3.6 309.74
8.8 3.8 308.559
8.8 4 307.085
8.8 4.2 305.25
8.8 4.4 303.623
8.8 4.6 302.136
8.8 4.8 300.75
8.8 5 299.445
8.8 5.2 298.206
8.8 5.4 297.026
8.8 5.6 295.9
8.8 5.8 294.83
8.8 6 293.821
8.8 6.2 292.877
8.8 6.4 292.004
8.8 6.6 291.204
8.8 6.8 290.478
8.8 7 289.822
8.8 7.2 289.235
8.8 7.4 288.712
8.8 7.6 288.251
8.8 7.8 287.848
8.8 8 287.501
8.8 8.2 287.205
8.8 8.4 286.959
8.8 8.6 286.758
8.8 8.8 286.599
8.8 9 286.474
8.8 9.2 286.376
8.8 9.4 286.298
8.8 9.6 286.233
8.8 9.8 286.175
8.8 10 286.122
9 0 305.497
9 0.2 305.627
9 0.4 305.824
9 0.6 306.087
9 0.8 306.418
9 1 306.82
9 1.2 307.295
9 1.4 307.847
9 1.6 308.477
9 1.8 309.177
9 2 309.91
9 2.2 310.483
9 2.4 310.858
9 2.6 311.026
9 2.8 310.986
9 3 310.739
9 3.2 310.283
9 3.4 309.618
9 3.6 308.74
9 3.8 307.648
9 4 306.346
9 4.2 304.872
9 4.4 303.414
9 4.6 302.007
9 4.8 300.657
9 5 299.359
9 5.2 298.108
9 5.4 296.9
9 5.6 295.735
9 5.8 294.618
9 6 293.559
9 6.2 292.569
9 6.4 291.659
9 6.6 290.832
9 6.8 290.086
9 7 289.418
9 7.2 288.824
9 7.4 288.299
9 7.6 287.84
9 7.8 287.443
9 8 287.104
9 8.2 286.82
9 8.4 286.59
9 8.6 286.409
9 8.8 286.274
9 9 286.176
9 9.2 286.107
9 9.4 286.053
9 9.6 286.004
9 9.8 285.956
9 10 285.904
9.2 0 305.566
9.2 0.2 305.696
9.2 0.4 305.889
9.2 0.6 306.144
9.2 0.8 306.46
9.2 1 306.837
9.2 1.2 307.273
9.2 1.4 307.764
9.2 1.6 308.299
9.2 1.8 308.857
9.2 2 309.392
9.2 2.2 309.823
9.2 2.4 310.105
9.2 2.6 310.215
9.2 2.8 310.143
9.2 3 309.882
9.2 3.2 309.432
9.2 3.4 308.79
9.2 3.6 307.96
9.2 3.8 306.95
9.2 4 305.779
9.2 4.2 304.489
9.2 4.4 303.159
9.2 4.6 301.829
9.2 4.8 300.518
9.2 5 299.232
9.2 5.2 297.972
9.2 5.4 296.737
9.2 5.6 295.529
9.2 5.8 294.355
9.2 6 293.232
9.2 6.2 292.188
9.2 6.4 291.238
9.2 6.6 290.383
9.2 6.8 289.621
9.2 7 288.945
9.2 7.2 288.349
9.2 7.4 287.827
9.2 7.6 287.373
9.2 7.8 286.984
9.2 8 286.656
9.2 8.2 286.388
9.2 8.4 286.176
9.2 8.6 286.02
9.2 8.8 285.916
9.2 9 285.856
9.2 9.2 285.826
9.2 9.4 285.806
9.2 9.6 285.782
9.2 9.8 285.745
9.2 10 285.694
9.4 0 305.58
9.4 0.2 305.71
9.4 0.4 305.9
9.4 0.6 306.146
9.4 0.8 306.448
9.4 1 306.802
9.4 1.2 307.204
9.4 1.4 307.643
9.4 1.6 308.105
9.4 1.8 308.565
9.4 2 308.987
9.4 2.2 309.322
9.4 2.4 309.533
9.4 2.6 309.596
9.4 2.8 309.496
9.4 3 309.225
9.4 3.2 308.779
9.4 3.4 308.158
9.4 3.6 307.369
9.4 3.8 306.422
9.4 4 305.339
9.4 4.2 304.153
9.4 4.4 302.909
9.4 4.6 301.638
9.4 4.8 300.361
9.4 5 299.086
9.4 5.2 297.817
9.4 5.4 296.554
9.4 5.6 295.294
9.4 5.8 294.045
9.4 6 292.832
9.4 6.2 291.719
9.4 6.4 290.726
9.4 6.6 289.848
9.4 6.8 289.075
9.4 7 288.398
9.4 7.2 287.805
9.4 7.4 287.29
9.4 7.6 286.846
9.4 7.8 286.468
9.4 8 286.154
9.4 8.2 285.902
9.4 8.4 285.712
9.4 8.6 285.584
9.4 8.8 285.518
9.4 9 285.51
9.4 9.2 285.541
9.4 9.4 285.569
9.4 9.6 285.575
9.4 9.8 285.554
9.4 10 285.504
9.6 0 305.544
9.6 0.2 305.674
9.6 0.4 305.86
9.6 0.6 306.1
9.6 0.8 306.391
9.6 1 306.728
9.6 1.2 307.104
9.6 1.4 307.507
9.6 1.6 307.92
9.6 1.8 308.32
9.6 2 308.675
9.6 2.2 308.95
9.6 2.4 309.115
9.6 2.6 309.146
9.6 2.8 309.027
9.6 3 308.749
9.6 3.2 308.306
9.6 3.4 307.702
9.6 3.6 306.941
9.6 3.8 306.036
9.6 4 305.008
9.6 4.2 303.883
9.6 4.4 302.692
9.6 4.6 301.461
9.6 4.8 300.207
9.6 5 298.94
9.6 5.2 297.663
9.6 5.4 296.372
9.6 5.6 295.055
9.6 5.8 293.705
9.6 6 292.338
9.6 6.2 291.137
9.6 6.4 290.102
9.6 6.6 289.211
9.6 6.8 288.44
9.6 7 287.77
9.6 7.2 287.189
9.6 7.4 286.687
9.6 7.6 286.257
9.6 7.8 285.894
9.6 8 285.595
9.6 8.2 285.36
9.6 8.4 285.191
9.6 8.6 285.091
9.6 8.8 285.068
9.6 9 285.128
9.6 9.2 285.264
9.6 9.4 285.359
9.6 9.6 285.401
9.6 9.8 285.396
9.6 10 285.346
9.8 0 305.46
9.8 0.2 305.59
9.8 0.4 305.774
9.8 0.6 306.01
9.8 0.8 306.294
9.8 1 306.621
9.8 1.2 306.983
9.8 1.4 307.368
9.8 1.6 307.756
9.8 1.8 308.126
9.8 2 308.45
9.8 2.2 308.696
9.8 2.4 308.838
9.8 2.6 308.853
9.8 2.8 308.725
9.8 3 308.443
9.8 3.2 308.004
9.8 3.4 307.408
9.8 3.6 306.663
9.8 3.8 305.781
9.8 4 304.78
9.8 4.2 303.685
9.8 4.4 302.522
9.8 4.6 301.312
9.8 4.8 300.072
9.8 5 298.811
9.8 5.2 297.53
9.8 5.4 296.22
9.8 5.6 294.856
9.8 5.8 293.386
9.8 6 291.684
9.8 6.2 290.391
9.8 6.4 289.341
9.8 6.6 288.46
9.8 6.8 287.707
9.8 7 287.059
9.8 7.2 286.499
9.8 7.4 286.016
9.8 7.6 285.605
9.8 7.8 285.259
9.8 8 284.976
9.8 8.2 284.757
9.8 8.4 284.604
9.8 8.6 284.525
9.8 8.8 284.538
9.8 9 284.677
9.8 9.2 285.031
9.8 9.4 285.206
9.8 9.6 285.28
9.8 9.8 285.287
9.8 10 285.238
10 0 305.46
10 0.2 305.46
10 0.4 305.643
10 0.6 305.878
10 0.8 306.161
10 1 306.487
10 1.2 306.848
10 1.4 307.231
10 1.6 307.618
10 1.8 307.986
10 2 308.309
10 2.2 308.554
10 2.4 308.695
10 2.6 308.71
10 2.8 308.582
10 3 308.302
10 3.2 307.864
10 3.4 307.271
10 3.6 306.529
10 3.8 305.65
10 4 304.654
10 4.2 303.563
10 4.4 302.404
10 4.6 301.199
10 4.8 299.964
10 5 298.708
10 5.2 297.433
10 5.4 296.128
10 5.6 294.769
10 5.8 293.305
10 6 290.627
10 6.2 289.407
10 6.4 288.416
10 6.6 287.585
10 6.8 286.875
10 7 286.263
10 7.2 285.735
10 7.4 285.28
10 7.6 284.891
10 7.8 284.565
10 8 284.298
10 8.2 284.091
10 8.4 283.947
10 8.6 283.873
10 8.8 283.885
10 9 284.016
10 9.2 284.983
10 9.4 285.157
10 9.6 285.231
10 9.8 285.238
10 10 285.238
