1 25.8535 24.8535
2 25.4952 0.0138582
3 25.5523 0.00224037
4 25.5967 0.00173781
5 25.629 0.00126292
6 25.6478 0.000733614
7 25.6577 0.000383016
8 25.6618 0.000159886
9 25.6625 2.89748e-05
10 25.6614 4.43643e-05
11 25.6593 8.14665e-05
12 25.6568 9.67854e-05
13 25.6543 9.92165e-05
14 25.6518 9.44261e-05
15 25.6496 8.59026e-05
16 25.6477 7.58003e-05
17 25.646 6.54058e-05
18 25.6446 5.5461e-05
19 25.6434 4.63598e-05
20 25.6424 3.82789e-05
21 25.6416 3.12616e-05
22 25.641 2.52721e-05
23 25.6405 2.02315e-05
24 25.64 1.60398e-05
25 25.6397 1.25906e-05
26 25.6395 9.77931e-06
27 25.6393 7.50846e-06
28 25.6391 5.68992e-06
29 25.639 4.24601e-06
30 25.6389 3.10948e-06
31 25.6389 2.22301e-06
32 25.6388 1.53827e-06
33 25.6388 1.01501e-06
34 25.6388 6.19979e-07
35 25.6388 3.25955e-07
36 25.6388 1.10837e-07
37 25.6388 4.31863e-08
38 25.6388 1.50364e-07
39 25.6388 2.22008e-07
40 25.6388 2.67029e-07
41 25.6388 2.92394e-07
42 25.6388 3.03502e-07
43 25.6388 3.04498e-07
44 25.6388 2.98534e-07
45 25.6388 2.8798e-07
46 25.6389 2.74591e-07
47 25.6389 2.59649e-07
48 25.6389 2.44072e-07
49 25.6389 2.28497e-07
50 25.6389 2.13356e-07
51 25.6389 1.98923e-07
52 25.6389 1.85359e-07
53 25.6389 1.72743e-07
54 25.6389 1.61098e-07
55 25.6389 1.50406e-07
56 25.6389 1.40626e-07
57 25.6389 1.317e-07
58 25.6389 1.23564e-07
59 25.6389 1.16148e-07
60 25.6389 1.09385e-07
61 25.6389 1.0321e-07
62 25.6389 9.75624e-08
63 25.6389 9.23858e-08
64 25.6389 8.76296e-08
65 25.6389 8.32484e-08
66 25.6389 7.92017e-08
67 25.6389 7.54536e-08
68 25.6389 7.19725e-08
69 25.6389 6.8731e-08
70 25.6389 6.57048e-08
71 25.6389 6.28728e-08
72 25.6389 6.02164e-08
73 25.6389 5.77197e-08
74 25.6389 5.53685e-08
75 25.6389 5.31503e-08
76 25.6389 5.10542e-08
77 25.6389 4.90707e-08
78 25.6389 4.71913e-08
79 25.6389 4.54083e-08
80 25.639 4.37149e-08
81 25.639 4.2105e-08
82 25.639 4.05733e-08
83 25.639 3.91147e-08
84 25.639 3.77246e-08
85 25.639 3.6399e-08
86 25.639 3.5134e-08
87 25.639 3.39262e-08
88 25.639 3.27723e-08
89 25.639 3.16694e-08
90 25.639 3.06146e-08
91 25.639 2.96054e-08
92 25.639 2.86394e-08
93 25.639 2.77144e-08
94 25.639 2.68281e-08
95 25.639 2.59786e-08
96 25.639 2.51642e-08
97 25.639 2.43829e-08
98 25.639 2.36332e-08
99 25.639 2.29136e-08
100 25.639 2.22225e-08
101 25.639 2.15585e-08
102 25.639 2.09205e-08
103 25.639 2.03071e-08
104 25.639 1.97173e-08
105 25.639 1.91498e-08
106 25.639 1.86037e-08
107 25.639 1.8078e-08
108 25.639 1.75717e-08
109 25.639 1.7084e-08
110 25.639 1.6614e-08
111 25.639 1.6161e-08
112 25.639 1.57242e-08
113 25.639 1.53029e-08
114 25.639 1.48964e-08
115 25.639 1.4504e-08
116 25.639 1.41253e-08
117 25.639 1.37595e-08
118 25.639 1.34063e-08
119 25.639 1.30649e-08
120 25.639 1.27349e-08
121 25.639 1.2416e-08
122 25.639 1.21075e-08
123 25.639 1.18092e-08
124 25.639 1.15205e-08
125 25.639 1.12411e-08
126 25.639 1.09707e-08
127 25.639 1.07088e-08
128 25.639 1.04552e-08
129 25.639 1.02095e-08
130 25.639 9.97141e-09
1 23.3365 22.3365
2 22.7092 0.0268806
3 22.3988 0.0136707
4 22.1927 0.00919943
5 22.043 0.00674447
6 21.9274 0.00524535
7 21.8349 0.00421768
8 21.7589 0.0034805
9 21.6952 0.00292788
10 21.641 0.00250191
11 21.5941 0.00216519
12 21.5532 0.00189377
13 21.5172 0.0016712
14 21.4852 0.00148607
15 21.4566 0.00133018
16 21.4309 0.00119751
17 21.4077 0.00108357
18 21.3866 0.000984937
19 21.3674 0.000898956
20 21.3498 0.000823541
21 21.3336 0.000757025
22 21.3187 0.000698066
23 21.305 0.000645566
24 21.2922 0.00059862
25 21.2804 0.000556478
26 21.2694 0.000518508
27 21.2591 0.000484181
28 21.2494 0.000453047
29 21.2404 0.000424722
30 21.2319 0.000398878
31 21.224 0.000375232
32 21.2165 0.000353542
33 21.2094 0.000333595
34 21.2027 0.00031521
35 21.1964 0.000298224
36 21.1904 0.0002825
37 21.1847 0.000267913
38 21.1793 0.000254355
39 21.1742 0.000241732
40 21.1693 0.000229959
41 21.1647 0.00021896
42 21.1603 0.000208669
43 21.1561 0.000199026
44 21.152 0.000189979
45 21.1482 0.000181478
46 21.1445 0.000173482
47 21.141 0.000165951
48 21.1377 0.000158851
49 21.1345 0.000152148
50 21.1314 0.000145816
51 21.1284 0.000139827
52 21.1256 0.000134158
53 21.1229 0.000128786
54 21.1202 0.000123692
55 21.1177 0.000118858
56 21.1153 0.000114267
57 21.113 0.000109902
58 21.1108 0.000105751
59 21.1086 0.000101799
60 21.1066 9.80353e-05
61 21.1046 9.44479e-05
62 21.1026 9.10265e-05
63 21.1008 8.77615e-05
64 21.099 8.4644e-05
65 21.0973 8.16655e-05
66 21.0956 7.88184e-05
67 21.094 7.60953e-05
68 21.0925 7.34896e-05
69 21.091 7.0995e-05
70 21.0895 6.86056e-05
71 21.0881 6.63158e-05
72 21.0868 6.41205e-05
73 21.0855 6.20149e-05
74 21.0842 5.99944e-05
75 21.083 5.80548e-05
76 21.0818 5.61922e-05
77 21.0806 5.44026e-05
78 21.0795 5.26827e-05
79 21.0784 5.10291e-05
80 21.0774 4.94386e-05
81 21.0764 4.79082e-05
82 21.0754 4.64353e-05
83 21.0745 4.50172e-05
84 21.0735 4.36513e-05
85 21.0727 4.23354e-05
86 21.0718 4.10672e-05
87 21.071 3.98446e-05
88 21.0701 3.86656e-05
89 21.0693 3.75284e-05
90 21.0686 3.64311e-05
91 21.0678 3.5372e-05
92 21.0671 3.43495e-05
93 21.0664 3.33622e-05
94 21.0657 3.24085e-05
95 21.0651 3.14871e-05
96 21.0644 3.05966e-05
97 21.0638 2.97359e-05
98 21.0632 2.89037e-05
99 21.0626 2.80988e-05
100 21.062 2.73203e-05
101 21.0615 2.65671e-05
102 21.0609 2.58381e-05
103 21.0604 2.51326e-05
104 21.0599 2.44495e-05
105 21.0594 2.37881e-05
106 21.0589 2.31474e-05
107 21.0584 2.25268e-05
108 21.0579 2.19255e-05
109 21.0575 2.13428e-05
110 21.0571 2.0778e-05
111 21.0566 2.02304e-05
112 21.0562 1.96995e-05
113 21.0558 1.91847e-05
114 21.0554 1.86853e-05
115 21.055 1.82008e-05
116 21.0547 1.77307e-05
117 21.0543 1.72746e-05
118 21.0539 1.68318e-05
119 21.0536 1.6402e-05
120 21.0533 1.59848e-05
121 21.0529 1.55796e-05
122 21.0526 1.51861e-05
123 21.0523 1.48039e-05
124 21.052 1.44326e-05
125 21.0517 1.40719e-05
126 21.0514 1.37213e-05
127 21.0511 1.33807e-05
128 21.0509 1.30495e-05
129 21.0506 1.27277e-05
130 21.0503 1.24147e-05
131 21.0501 1.21104e-05
132 21.0498 1.18145e-05
133 21.0496 1.15268e-05
134 21.0493 1.12468e-05
135 21.0491 1.09745e-05
136 21.0489 1.07095e-05
137 21.0487 1.04517e-05
138 21.0485 1.02009e-05
139 21.0482 9.95669e-06
140 21.048 9.71902e-06
141 21.0478 9.48766e-06
142 21.0476 9.26242e-06
143 21.0475 9.04311e-06
144 21.0473 8.82955e-06
145 21.0471 8.62158e-06
146 21.0469 8.41902e-06
147 21.0467 8.22172e-06
148 21.0466 8.02952e-06
149 21.0464 7.84227e-06
150 21.0462 7.65983e-06
151 21.0461 7.48206e-06
152 21.0459 7.30882e-06
153 21.0458 7.13999e-06
154 21.0456 6.97543e-06
155 21.0455 6.81502e-06
156 21.0453 6.65865e-06
157 21.0452 6.5062e-06
158 21.0451 6.35756e-06
159 21.0449 6.21263e-06
160 21.0448 6.0713e-06
161 21.0447 5.93346e-06
162 21.0446 5.79903e-06
163 21.0445 5.66791e-06
164 21.0443 5.54001e-06
165 21.0442 5.41524e-06
166 21.0441 5.29351e-06
167 21.044 5.17474e-06
168 21.0439 5.05885e-06
169 21.0438 4.94577e-06
170 21.0437 4.83541e-06
171 21.0436 4.72771e-06
172 21.0435 4.6226e-06
173 21.0434 4.51999e-06
174 21.0433 4.41984e-06
175 21.0432 4.32207e-06
176 21.0431 4.22662e-06
177 21.043 4.13343e-06
178 21.043 4.04243e-06
179 21.0429 3.95359e-06
180 21.0428 3.86683e-06
181 21.0427 3.7821e-06
182 21.0426 3.69935e-06
183 21.0426 3.61854e-06
184 21.0425 3.5396e-06
185 21.0424 3.4625e-06
186 21.0423 3.38718e-06
187 21.0423 3.3136e-06
188 21.0422 3.24172e-06
189 21.0421 3.17149e-06
190 21.0421 3.10287e-06
191 21.042 3.03582e-06
192 21.0419 2.9703e-06
193 21.0419 2.90628e-06
194 21.0418 2.84371e-06
195 21.0418 2.78257e-06
196 21.0417 2.72281e-06
197 21.0416 2.6644e-06
198 21.0416 2.6073e-06
199 21.0415 2.55149e-06
200 21.0415 2.49694e-06
201 21.0414 2.44361e-06
202 21.0414 2.39147e-06
203 21.0413 2.3405e-06
204 21.0413 2.29066e-06
205 21.0412 2.24193e-06
206 21.0412 2.19428e-06
207 21.0411 2.14769e-06
208 21.0411 2.10213e-06
209 21.0411 2.05758e-06
210 21.041 2.01401e-06
211 21.041 1.97139e-06
212 21.0409 1.92972e-06
213 21.0409 1.88895e-06
214 21.0409 1.84908e-06
215 21.0408 1.81008e-06
216 21.0408 1.77193e-06
217 21.0407 1.73461e-06
218 21.0407 1.69811e-06
219 21.0407 1.66239e-06
220 21.0406 1.62745e-06
221 21.0406 1.59327e-06
222 21.0406 1.55982e-06
223 21.0405 1.5271e-06
224 21.0405 1.49508e-06
225 21.0405 1.46375e-06
226 21.0404 1.43309e-06
227 21.0404 1.40309e-06
228 21.0404 1.37373e-06
229 21.0404 1.345e-06
230 21.0403 1.31689e-06
231 21.0403 1.28937e-06
232 21.0403 1.26244e-06
233 21.0403 1.23608e-06
234 21.0402 1.21028e-06
235 21.0402 1.18503e-06
236 21.0402 1.16031e-06
237 21.0402 1.13611e-06
238 21.0401 1.11243e-06
239 21.0401 1.08925e-06
240 21.0401 1.06655e-06
241 21.0401 1.04433e-06
242 21.04 1.02258e-06
243 21.04 1.00129e-06
244 21.04 9.80441e-07
245 21.04 9.6003e-07
246 21.04 9.40046e-07
247 21.0399 9.20479e-07
248 21.0399 9.01321e-07
249 21.0399 8.82563e-07
250 21.0399 8.64195e-07
251 21.0399 8.46209e-07
252 21.0399 8.28597e-07
253 21.0398 8.11351e-07
254 21.0398 7.94463e-07
255 21.0398 7.77924e-07
256 21.0398 7.61728e-07
257 21.0398 7.45867e-07
258 21.0398 7.30333e-07
259 21.0397 7.15121e-07
260 21.0397 7.00221e-07
261 21.0397 6.85629e-07
262 21.0397 6.71338e-07
263 21.0397 6.5734e-07
264 21.0397 6.4363e-07
265 21.0397 6.30201e-07
266 21.0396 6.17048e-07
267 21.0396 6.04165e-07
268 21.0396 5.91545e-07
269 21.0396 5.79184e-07
270 21.0396 5.67075e-07
271 21.0396 5.55214e-07
272 21.0396 5.43596e-07
273 21.0396 5.32214e-07
274 21.0395 5.21064e-07
275 21.0395 5.10142e-07
276 21.0395 4.99442e-07
277 21.0395 4.8896e-07
278 21.0395 4.78691e-07
279 21.0395 4.6863e-07
280 21.0395 4.58775e-07
281 21.0395 4.49119e-07
282 21.0395 4.39659e-07
283 21.0395 4.30391e-07
284 21.0395 4.2131e-07
285 21.0394 4.12414e-07
286 21.0394 4.03698e-07
287 21.0394 3.95158e-07
288 21.0394 3.86791e-07
289 21.0394 3.78593e-07
290 21.0394 3.70561e-07
291 21.0394 3.62691e-07
292 21.0394 3.5498e-07
293 21.0394 3.47424e-07
294 21.0394 3.40021e-07
295 21.0394 3.32767e-07
296 21.0394 3.2566e-07
297 21.0394 3.18695e-07
298 21.0393 3.11871e-07
299 21.0393 3.05185e-07
300 21.0393 2.98633e-07
301 21.0393 2.92212e-07
302 21.0393 2.85921e-07
303 21.0393 2.79757e-07
304 21.0393 2.73717e-07
305 21.0393 2.67798e-07
306 21.0393 2.61998e-07
307 21.0393 2.56315e-07
308 21.0393 2.50745e-07
309 21.0393 2.45288e-07
310 21.0393 2.39941e-07
311 21.0393 2.347e-07
312 21.0393 2.29566e-07
313 21.0393 2.24534e-07
314 21.0393 2.19603e-07
315 21.0393 2.14772e-07
316 21.0392 2.10037e-07
317 21.0392 2.05397e-07
318 21.0392 2.00851e-07
319 21.0392 1.96396e-07
320 21.0392 1.9203e-07
321 21.0392 1.87752e-07
322 21.0392 1.83561e-07
323 21.0392 1.79453e-07
324 21.0392 1.75428e-07
325 21.0392 1.71483e-07
326 21.0392 1.67618e-07
327 21.0392 1.63831e-07
328 21.0392 1.60119e-07
329 21.0392 1.56483e-07
330 21.0392 1.52919e-07
331 21.0392 1.49428e-07
332 21.0392 1.46006e-07
333 21.0392 1.42653e-07
334 21.0392 1.39368e-07
335 21.0392 1.36149e-07
336 21.0392 1.32995e-07
337 21.0392 1.29904e-07
338 21.0392 1.26876e-07
339 21.0392 1.23909e-07
340 21.0392 1.21001e-07
341 21.0392 1.18153e-07
342 21.0392 1.15362e-07
343 21.0392 1.12627e-07
344 21.0392 1.09947e-07
345 21.0392 1.07322e-07
346 21.0392 1.0475e-07
347 21.0392 1.0223e-07
348 21.0391 9.9761e-08
349 21.0391 9.7342e-08
350 21.0391 9.49721e-08
351 21.0391 9.26503e-08
352 21.0391 9.03757e-08
353 21.0391 8.81472e-08
354 21.0391 8.59642e-08
355 21.0391 8.38255e-08
356 21.0391 8.17304e-08
357 21.0391 7.9678e-08
358 21.0391 7.76675e-08
359 21.0391 7.5698e-08
360 21.0391 7.37688e-08
361 21.0391 7.1879e-08
362 21.0391 7.0028e-08
363 21.0391 6.82148e-08
364 21.0391 6.64389e-08
365 21.0391 6.46994e-08
366 21.0391 6.29956e-08
367 21.0391 6.1327e-08
368 21.0391 5.96926e-08
369 21.0391 5.8092e-08
370 21.0391 5.65244e-08
371 21.0391 5.49892e-08
372 21.0391 5.34857e-08
373 21.0391 5.20134e-08
374 21.0391 5.05717e-08
375 21.0391 4.91598e-08
376 21.0391 4.77773e-08
377 21.0391 4.64236e-08
378 21.0391 4.50981e-08
379 21.0391 4.38003e-08
380 21.0391 4.25296e-08
381 21.0391 4.12855e-08
382 21.0391 4.00675e-08
383 21.0391 3.88751e-08
384 21.0391 3.77077e-08
385 21.0391 3.65649e-08
386 21.0391 3.54463e-08
387 21.0391 3.43512e-08
388 21.0391 3.32794e-08
389 21.0391 3.22302e-08
390 21.0391 3.12034e-08
391 21.0391 3.01984e-08
392 21.0391 2.92148e-08
393 21.0391 2.82522e-08
394 21.0391 2.73102e-08
395 21.0391 2.63884e-08
396 21.0391 2.54864e-08
397 21.0391 2.46038e-08
398 21.0391 2.37402e-08
399 21.0391 2.28953e-08
400 21.0391 2.20687e-08
401 21.0391 2.12601e-08
402 21.0391 2.0469e-08
403 21.0391 1.96952e-08
404 21.0391 1.89382e-08
405 21.0391 1.81979e-08
406 21.0391 1.74738e-08
407 21.0391 1.67657e-08
408 21.0391 1.60731e-08
409 21.0391 1.53959e-08
410 21.0391 1.47337e-08
411 21.0391 1.40863e-08
412 21.0391 1.34532e-08
413 21.0391 1.28343e-08
414 21.0391 1.22293e-08
415 21.0391 1.16379e-08
416 21.0391 1.10599e-08
417 21.0391 1.04949e-08
418 21.0391 9.94272e-09
1 23.3365 22.3365
2 22.7092 0.0268806
3 22.3988 0.0136707
4 22.1927 0.00919943
5 22.043 0.00674447
6 21.9274 0.00524535
7 21.8349 0.00421768
8 21.7589 0.0034805
9 21.6952 0.00292788
10 21.641 0.00250191
11 21.5941 0.00216519
12 21.5532 0.00189377
13 21.5172 0.0016712
14 21.4852 0.00148607
15 21.4566 0.00133018
16 21.4309 0.00119751
17 21.4077 0.00108357
18 21.3866 0.000984937
19 21.3674 0.000898956
20 21.3498 0.000823541
21 21.3336 0.000757025
22 21.3187 0.000698066
23 21.305 0.000645566
24 21.2922 0.00059862
25 21.2804 0.000556478
26 21.2694 0.000518508
27 21.2591 0.000484181
28 21.2494 0.000453047
29 21.2404 0.000424722
30 21.2319 0.000398878
31 21.224 0.000375232
32 21.2165 0.000353542
33 21.2094 0.000333595
34 21.2027 0.00031521
35 21.1964 0.000298224
36 21.1904 0.0002825
37 21.1847 0.000267913
38 21.1793 0.000254355
39 21.1742 0.000241732
40 21.1693 0.000229959
41 21.1647 0.00021896
42 21.1603 0.000208669
43 21.1561 0.000199026
44 21.152 0.000189979
45 21.1482 0.000181478
46 21.1445 0.000173482
47 21.141 0.000165951
48 21.1377 0.000158851
49 21.1345 0.000152148
50 21.1314 0.000145816
51 21.1284 0.000139827
52 21.1256 0.000134158
53 21.1229 0.000128786
54 21.1202 0.000123692
55 21.1177 0.000118858
56 21.1153 0.000114267
57 21.113 0.000109902
58 21.1108 0.000105751
59 21.1086 0.000101799
60 21.1066 9.80353e-05
61 21.1046 9.44479e-05
62 21.1026 9.10265e-05
63 21.1008 8.77615e-05
64 21.099 8.4644e-05
65 21.0973 8.16655e-05
66 21.0956 7.88184e-05
67 21.094 7.60953e-05
68 21.0925 7.34896e-05
69 21.091 7.0995e-05
70 21.0895 6.86056e-05
71 21.0881 6.63158e-05
72 21.0868 6.41205e-05
73 21.0855 6.20149e-05
74 21.0842 5.99944e-05
75 21.083 5.80548e-05
76 21.0818 5.61922e-05
77 21.0806 5.44026e-05
78 21.0795 5.26827e-05
79 21.0784 5.10291e-05
80 21.0774 4.94386e-05
81 21.0764 4.79082e-05
82 21.0754 4.64353e-05
83 21.0745 4.50172e-05
84 21.0735 4.36513e-05
85 21.0727 4.23354e-05
86 21.0718 4.10672e-05
87 21.071 3.98446e-05
88 21.0701 3.86656e-05
89 21.0693 3.75284e-05
90 21.0686 3.64311e-05
91 21.0678 3.5372e-05
92 21.0671 3.43495e-05
93 21.0664 3.33622e-05
94 21.0657 3.24085e-05
95 21.0651 3.14871e-05
96 21.0644 3.05966e-05
97 21.0638 2.97359e-05
98 21.0632 2.89037e-05
99 21.0626 2.80988e-05
100 21.062 2.73203e-05
101 21.0615 2.65671e-05
102 21.0609 2.58381e-05
103 21.0604 2.51326e-05
104 21.0599 2.44495e-05
105 21.0594 2.37881e-05
106 21.0589 2.31474e-05
107 21.0584 2.25268e-05
108 21.0579 2.19255e-05
109 21.0575 2.13428e-05
110 21.0571 2.0778e-05
111 21.0566 2.02304e-05
112 21.0562 1.96995e-05
113 21.0558 1.91847e-05
114 21.0554 1.86853e-05
115 21.055 1.82008e-05
116 21.0547 1.77307e-05
117 21.0543 1.72746e-05
118 21.0539 1.68318e-05
119 21.0536 1.6402e-05
120 21.0533 1.59848e-05
121 21.0529 1.55796e-05
122 21.0526 1.51861e-05
123 21.0523 1.48039e-05
124 21.052 1.44326e-05
125 21.0517 1.40719e-05
126 21.0514 1.37213e-05
127 21.0511 1.33807e-05
128 21.0509 1.30495e-05
129 21.0506 1.27277e-05
130 21.0503 1.24147e-05
131 21.0501 1.21104e-05
132 21.0498 1.18145e-05
133 21.0496 1.15268e-05
134 21.0493 1.12468e-05
135 21.0491 1.09745e-05
136 21.0489 1.07095e-05
137 21.0487 1.04517e-05
138 21.0485 1.02009e-05
139 21.0482 9.95669e-06
140 21.048 9.71902e-06
141 21.0478 9.48766e-06
142 21.0476 9.26242e-06
143 21.0475 9.04311e-06
144 21.0473 8.82955e-06
145 21.0471 8.62158e-06
146 21.0469 8.41902e-06
147 21.0467 8.22172e-06
148 21.0466 8.02952e-06
149 21.0464 7.84227e-06
150 21.0462 7.65983e-06
151 21.0461 7.48206e-06
152 21.0459 7.30882e-06
153 21.0458 7.13999e-06
154 21.0456 6.97543e-06
155 21.0455 6.81502e-06
156 21.0453 6.65865e-06
157 21.0452 6.5062e-06
158 21.0451 6.35756e-06
159 21.0449 6.21263e-06
160 21.0448 6.0713e-06
161 21.0447 5.93346e-06
162 21.0446 5.79903e-06
163 21.0445 5.66791e-06
164 21.0443 5.54001e-06
165 21.0442 5.41524e-06
166 21.0441 5.29351e-06
167 21.044 5.17474e-06
168 21.0439 5.05885e-06
169 21.0438 4.94577e-06
170 21.0437 4.83541e-06
171 21.0436 4.72771e-06
172 21.0435 4.6226e-06
173 21.0434 4.51999e-06
174 21.0433 4.41984e-06
175 21.0432 4.32207e-06
176 21.0431 4.22662e-06
177 21.043 4.13343e-06
178 21.043 4.04243e-06
179 21.0429 3.95359e-06
180 21.0428 3.86683e-06
181 21.0427 3.7821e-06
182 21.0426 3.69935e-06
183 21.0426 3.61854e-06
184 21.0425 3.5396e-06
185 21.0424 3.4625e-06
186 21.0423 3.38718e-06
187 21.0423 3.3136e-06
188 21.0422 3.24172e-06
189 21.0421 3.17149e-06
190 21.0421 3.10287e-06
191 21.042 3.03582e-06
192 21.0419 2.9703e-06
193 21.0419 2.90628e-06
194 21.0418 2.84371e-06
195 21.0418 2.78257e-06
196 21.0417 2.72281e-06
197 21.0416 2.6644e-06
198 21.0416 2.6073e-06
199 21.0415 2.55149e-06
200 21.0415 2.49694e-06
201 21.0414 2.44361e-06
202 21.0414 2.39147e-06
203 21.0413 2.3405e-06
204 21.0413 2.29066e-06
205 21.0412 2.24193e-06
206 21.0412 2.19428e-06
207 21.0411 2.14769e-06
208 21.0411 2.10213e-06
209 21.0411 2.05758e-06
210 21.041 2.01401e-06
211 21.041 1.97139e-06
212 21.0409 1.92972e-06
213 21.0409 1.88895e-06
214 21.0409 1.84908e-06
215 21.0408 1.81008e-06
216 21.0408 1.77193e-06
217 21.0407 1.73461e-06
218 21.0407 1.69811e-06
219 21.0407 1.66239e-06
220 21.0406 1.62745e-06
221 21.0406 1.59327e-06
222 21.0406 1.55982e-06
223 21.0405 1.5271e-06
224 21.0405 1.49508e-06
225 21.0405 1.46375e-06
226 21.0404 1.43309e-06
227 21.0404 1.40309e-06
228 21.0404 1.37373e-06
229 21.0404 1.345e-06
230 21.0403 1.31689e-06
231 21.0403 1.28937e-06
232 21.0403 1.26244e-06
233 21.0403 1.23608e-06
234 21.0402 1.21028e-06
235 21.0402 1.18503e-06
236 21.0402 1.16031e-06
237 21.0402 1.13611e-06
238 21.0401 1.11243e-06
239 21.0401 1.08925e-06
240 21.0401 1.06655e-06
241 21.0401 1.04433e-06
242 21.04 1.02258e-06
243 21.04 1.00129e-06
244 21.04 9.80441e-07
245 21.04 9.6003e-07
246 21.04 9.40046e-07
247 21.0399 9.20479e-07
248 21.0399 9.01321e-07
249 21.0399 8.82563e-07
250 21.0399 8.64195e-07
251 21.0399 8.46209e-07
252 21.0399 8.28597e-07
253 21.0398 8.11351e-07
254 21.0398 7.94463e-07
255 21.0398 7.77924e-07
256 21.0398 7.61728e-07
257 21.0398 7.45867e-07
258 21.0398 7.30333e-07
259 21.0397 7.15121e-07
260 21.0397 7.00221e-07
261 21.0397 6.85629e-07
262 21.0397 6.71338e-07
263 21.0397 6.5734e-07
264 21.0397 6.4363e-07
265 21.0397 6.30201e-07
266 21.0396 6.17048e-07
267 21.0396 6.04165e-07
268 21.0396 5.91545e-07
269 21.0396 5.79184e-07
270 21.0396 5.67075e-07
271 21.0396 5.55214e-07
272 21.0396 5.43596e-07
273 21.0396 5.32214e-07
274 21.0395 5.21064e-07
275 21.0395 5.10142e-07
276 21.0395 4.99442e-07
277 21.0395 4.8896e-07
278 21.0395 4.78691e-07
279 21.0395 4.6863e-07
280 21.0395 4.58775e-07
281 21.0395 4.49119e-07
282 21.0395 4.39659e-07
283 21.0395 4.30391e-07
284 21.0395 4.2131e-07
285 21.0394 4.12414e-07
286 21.0394 4.03698e-07
287 21.0394 3.95158e-07
288 21.0394 3.86791e-07
289 21.0394 3.78593e-07
290 21.0394 3.70561e-07
291 21.0394 3.62691e-07
292 21.0394 3.5498e-07
293 21.0394 3.47424e-07
294 21.0394 3.40021e-07
295 21.0394 3.32767e-07
296 21.0394 3.2566e-07
297 21.0394 3.18695e-07
298 21.0393 3.11871e-07
299 21.0393 3.05185e-07
300 21.0393 2.98633e-07
301 21.0393 2.92212e-07
302 21.0393 2.85921e-07
303 21.0393 2.79757e-07
304 21.0393 2.73717e-07
305 21.0393 2.67798e-07
306 21.0393 2.61998e-07
307 21.0393 2.56315e-07
308 21.0393 2.50745e-07
309 21.0393 2.45288e-07
310 21.0393 2.39941e-07
311 21.0393 2.347e-07
312 21.0393 2.29566e-07
313 21.0393 2.24534e-07
314 21.0393 2.19603e-07
315 21.0393 2.14772e-07
316 21.0392 2.10037e-07
317 21.0392 2.05397e-07
318 21.0392 2.00851e-07
319 21.0392 1.96396e-07
320 21.0392 1.9203e-07
321 21.0392 1.87752e-07
322 21.0392 1.83561e-07
323 21.0392 1.79453e-07
324 21.0392 1.75428e-07
325 21.0392 1.71483e-07
326 21.0392 1.67618e-07
327 21.0392 1.63831e-07
328 21.0392 1.60119e-07
329 21.0392 1.56483e-07
330 21.0392 1.52919e-07
331 21.0392 1.49428e-07
332 21.0392 1.46006e-07
333 21.0392 1.42653e-07
334 21.0392 1.39368e-07
335 21.0392 1.36149e-07
336 21.0392 1.32995e-07
337 21.0392 1.29904e-07
338 21.0392 1.26876e-07
339 21.0392 1.23909e-07
340 21.0392 1.21001e-07
341 21.0392 1.18153e-07
342 21.0392 1.15362e-07
343 21.0392 1.12627e-07
344 21.0392 1.09947e-07
345 21.0392 1.07322e-07
346 21.0392 1.0475e-07
347 21.0392 1.0223e-07
348 21.0391 9.9761e-08
349 21.0391 9.7342e-08
350 21.0391 9.49721e-08
351 21.0391 9.26503e-08
352 21.0391 9.03757e-08
353 21.0391 8.81472e-08
354 21.0391 8.59642e-08
355 21.0391 8.38255e-08
356 21.0391 8.17304e-08
357 21.0391 7.9678e-08
358 21.0391 7.76675e-08
359 21.0391 7.5698e-08
360 21.0391 7.37688e-08
361 21.0391 7.1879e-08
362 21.0391 7.0028e-08
363 21.0391 6.82148e-08
364 21.0391 6.64389e-08
365 21.0391 6.46994e-08
366 21.0391 6.29956e-08
367 21.0391 6.1327e-08
368 21.0391 5.96926e-08
369 21.0391 5.8092e-08
370 21.0391 5.65244e-08
371 21.0391 5.49892e-08
372 21.0391 5.34857e-08
373 21.0391 5.20134e-08
374 21.0391 5.05717e-08
375 21.0391 4.91598e-08
376 21.0391 4.77773e-08
377 21.0391 4.64236e-08
378 21.0391 4.50981e-08
379 21.0391 4.38003e-08
380 21.0391 4.25296e-08
381 21.0391 4.12855e-08
382 21.0391 4.00675e-08
383 21.0391 3.88751e-08
384 21.0391 3.77077e-08
385 21.0391 3.65649e-08
386 21.0391 3.54463e-08
387 21.0391 3.43512e-08
388 21.0391 3.32794e-08
389 21.0391 3.22302e-08
390 21.0391 3.12034e-08
391 21.0391 3.01984e-08
392 21.0391 2.92148e-08
393 21.0391 2.82522e-08
394 21.0391 2.73102e-08
395 21.0391 2.63884e-08
396 21.0391 2.54864e-08
397 21.0391 2.46038e-08
398 21.0391 2.37402e-08
399 21.0391 2.28953e-08
400 21.0391 2.20687e-08
401 21.0391 2.12601e-08
402 21.0391 2.0469e-08
403 21.0391 1.96952e-08
404 21.0391 1.89382e-08
405 21.0391 1.81979e-08
406 21.0391 1.74738e-08
407 21.0391 1.67657e-08
408 21.0391 1.60731e-08
409 21.0391 1.53959e-08
410 21.0391 1.47337e-08
411 21.0391 1.40863e-08
412 21.0391 1.34532e-08
413 21.0391 1.28343e-08
414 21.0391 1.22293e-08
415 21.0391 1.16379e-08
416 21.0391 1.10599e-08
417 21.0391 1.04949e-08
418 21.0391 9.94272e-09
1 24.8198 23.8198
2 19.5186 0.213587
3 16.4209 0.158708
4 14.4513 0.11994
5 13.0875 0.094372
6 12.0779 0.0771427
7 11.293 0.06499
8 10.6604 0.0560123
9 10.1369 0.0491138
10 9.69446 0.0436422
11 9.31452 0.0391917
12 8.98388 0.0354976
13 8.69298 0.0323799
14 8.43469 0.0297124
15 8.20355 0.0274034
16 7.99531 0.0253846
17 7.80658 0.0236044
18 7.63466 0.0220227
19 7.47732 0.0206081
20 7.33275 0.0193354
21 7.19941 0.0181844
22 7.07602 0.0171385
23 6.9615 0.0161841
24 6.85492 0.0153097
25 6.75549 0.0145059
26 6.6625 0.0137646
27 6.57536 0.0130788
28 6.49355 0.0124427
29 6.41659 0.0118513
30 6.34408 0.0113
31 6.27566 0.010785
32 6.211 0.0103031
33 6.14982 0.00985118
34 6.09184 0.00942667
35 6.03685 0.00902725
36 5.98463 0.00865086
37 5.93498 0.00829566
38 5.88774 0.00796001
39 5.84274 0.00764241
40 5.79985 0.00734153
41 5.75892 0.00705617
42 5.71985 0.00678524
43 5.68251 0.00652773
44 5.64681 0.00628275
45 5.61265 0.00604948
46 5.57994 0.00582715
47 5.54861 0.00561508
48 5.51858 0.00541263
49 5.48977 0.00521923
50 5.46214 0.00503433
51 5.43561 0.00485744
52 5.41012 0.00468809
53 5.38564 0.00452588
54 5.3621 0.0043704
55 5.33946 0.00422129
56 5.31769 0.00407821
57 5.29673 0.00394084
58 5.27656 0.00380889
59 5.25713 0.00368209
60 5.23841 0.00356017
61 5.22038 0.0034429
62 5.20299 0.00333006
63 5.18623 0.00322143
64 5.17007 0.00311682
65 5.15448 0.00301603
66 5.13943 0.0029189
67 5.12491 0.00282527
68 5.11089 0.00273496
69 5.09736 0.00264785
70 5.08429 0.00256379
71 5.07167 0.00248265
72 5.05948 0.00240431
73 5.04769 0.00232866
74 5.03631 0.00225557
75 5.0253 0.00218496
76 5.01467 0.00211671
77 5.00438 0.00205074
78 4.99444 0.00198696
79 4.98482 0.00192528
80 4.97552 0.00186562
81 4.96653 0.0018079
82 4.95783 0.00175206
83 4.94941 0.00169802
84 4.94126 0.00164571
85 4.93338 0.00159508
86 4.92575 0.00154606
87 4.91837 0.00149859
88 4.91123 0.00145262
89 4.90431 0.0014081
90 4.89762 0.00136497
91 4.89114 0.0013232
92 4.88486 0.00128272
93 4.87879 0.0012435
94 4.87291 0.0012055
95 4.86721 0.00116867
96 4.8617 0.00113297
97 4.85636 0.00109837
98 4.85119 0.00106483
99 4.84618 0.00103232
100 4.84133 0.0010008
101 4.83663 0.000970245
102 4.83208 0.000940616
103 4.82768 0.000911888
104 4.82341 0.00088403
105 4.81928 0.000857017
106 4.81527 0.000830821
107 4.81139 0.000805416
108 4.80764 0.000780777
109 4.804 0.000756882
110 4.80047 0.000733706
111 4.79706 0.000711227
112 4.79375 0.000689425
113 4.79055 0.000668277
114 4.78744 0.000647765
115 4.78444 0.000627868
116 4.78153 0.000608569
117 4.77871 0.000589848
118 4.77597 0.000571688
119 4.77333 0.000554073
120 4.77077 0.000536985
121 4.76828 0.000520409
122 4.76588 0.00050433
123 4.76355 0.000488733
124 4.76129 0.000473603
125 4.75911 0.000458926
126 4.75699 0.000444689
127 4.75494 0.000430879
128 4.75296 0.000417483
129 4.75103 0.000404488
130 4.74917 0.000391883
131 4.74737 0.000379656
132 4.74562 0.000367796
133 4.74393 0.000356292
134 4.74229 0.000345134
135 4.74071 0.000334311
136 4.73917 0.000323813
137 4.73769 0.000313631
138 4.73625 0.000303755
139 4.73486 0.000294177
140 4.73351 0.000284887
141 4.7322 0.000275878
142 4.73094 0.00026714
143 4.72971 0.000258666
144 4.72853 0.000250449
145 4.72738 0.000242479
146 4.72627 0.000234751
147 4.7252 0.000227257
148 4.72416 0.00021999
149 4.72315 0.000212943
150 4.72218 0.00020611
151 4.72124 0.000199485
152 4.72033 0.000193061
153 4.71944 0.000186833
154 4.71859 0.000180795
155 4.71776 0.000174941
156 4.71697 0.000169265
157 4.71619 0.000163763
158 4.71545 0.000158429
159 4.71472 0.000153259
160 4.71402 0.000148247
161 4.71335 0.000143389
162 4.7127 0.00013868
163 4.71206 0.000134116
164 4.71145 0.000129692
165 4.71086 0.000125405
166 4.71029 0.00012125
167 4.70974 0.000117223
168 4.7092 0.000113321
169 4.70869 0.00010954
170 4.70819 0.000105876
171 4.70771 0.000102326
172 4.70724 9.88859e-05
173 4.70679 9.55531e-05
174 4.70636 9.23243e-05
175 4.70594 8.91962e-05
176 4.70553 8.61658e-05
177 4.70514 8.32303e-05
178 4.70476 8.03868e-05
179 4.7044 7.76326e-05
180 4.70405 7.49649e-05
181 4.7037 7.23812e-05
182 4.70338 6.98789e-05
183 4.70306 6.74557e-05
184 4.70275 6.5109e-05
185 4.70246 6.28367e-05
186 4.70217 6.06365e-05
187 4.7019 5.85061e-05
188 4.70163 5.64435e-05
189 4.70138 5.44467e-05
190 4.70113 5.25137e-05
191 4.70089 5.06424e-05
192 4.70066 4.88311e-05
193 4.70044 4.7078e-05
194 4.70023 4.53812e-05
195 4.70002 4.3739e-05
196 4.69982 4.21499e-05
197 4.69963 4.06121e-05
198 4.69945 3.91241e-05
199 4.69927 3.76844e-05
200 4.6991 3.62916e-05
201 4.69894 3.49441e-05
202 4.69878 3.36406e-05
203 4.69863 3.23797e-05
204 4.69848 3.11602e-05
205 4.69834 2.99807e-05
206 4.6982 2.88401e-05
207 4.69807 2.7737e-05
208 4.69795 2.66705e-05
209 4.69783 2.56393e-05
210 4.69771 2.46424e-05
211 4.6976 2.36787e-05
212 4.69749 2.27471e-05
213 4.69739 2.18467e-05
214 4.69729 2.09765e-05
215 4.6972 2.01356e-05
216 4.69711 1.9323e-05
217 4.69702 1.85378e-05
218 4.69694 1.77793e-05
219 4.69686 1.70466e-05
220 4.69678 1.63388e-05
221 4.69671 1.56552e-05
222 4.69664 1.4995e-05
223 4.69657 1.43576e-05
224 4.6965 1.37421e-05
225 4.69644 1.31478e-05
226 4.69638 1.25742e-05
227 4.69633 1.20206e-05
228 4.69627 1.14862e-05
229 4.69622 1.09706e-05
230 4.69617 1.04731e-05
231 4.69612 9.99312e-06
232 4.69608 9.53013e-06
233 4.69604 9.08357e-06
234 4.696 8.65293e-06
235 4.69596 8.23769e-06
236 4.69592 7.83736e-06
237 4.69589 7.45145e-06
238 4.69585 7.07951e-06
239 4.69582 6.72107e-06
240 4.69579 6.37571e-06
241 4.69576 6.04301e-06
242 4.69574 5.72254e-06
243 4.69571 5.41392e-06
244 4.69569 5.11675e-06
245 4.69566 4.83066e-06
246 4.69564 4.5553e-06
247 4.69562 4.2903e-06
248 4.6956 4.03533e-06
249 4.69559 3.79006e-06
250 4.69557 3.55416e-06
251 4.69555 3.32733e-06
252 4.69554 3.10927e-06
253 4.69552 2.89969e-06
254 4.69551 2.69829e-06
255 4.6955 2.50482e-06
256 4.69549 2.319e-06
257 4.69548 2.14059e-06
258 4.69547 1.96932e-06
259 4.69546 1.80496e-06
260 4.69545 1.64727e-06
261 4.69545 1.49604e-06
262 4.69544 1.35103e-06
263 4.69544 1.21205e-06
264 4.69543 1.07887e-06
265 4.69543 9.5131e-07
266 4.69542 8.29169e-07
267 4.69542 7.12263e-07
268 4.69542 6.0041e-07
269 4.69541 4.93434e-07
270 4.69541 3.91168e-07
271 4.69541 2.93445e-07
272 4.69541 2.00109e-07
273 4.69541 1.11003e-07
274 4.69541 2.59803e-08
275 4.69541 5.51044e-08
276 4.69541 1.3239e-07
277 4.69541 2.06013e-07
278 4.69541 2.76103e-07
279 4.69541 3.42787e-07
280 4.69542 4.06187e-07
281 4.69542 4.66422e-07
282 4.69542 5.23608e-07
283 4.69542 5.77854e-07
284 4.69543 6.29269e-07
285 4.69543 6.77956e-07
286 4.69543 7.24016e-07
287 4.69544 7.67546e-07
288 4.69544 8.08641e-07
289 4.69544 8.4739e-07
290 4.69545 8.83884e-07
291 4.69545 9.18206e-07
292 4.69546 9.50439e-07
293 4.69546 9.80663e-07
294 4.69547 1.00895e-06
295 4.69547 1.03539e-06
296 4.69548 1.06003e-06
297 4.69548 1.08297e-06
298 4.69549 1.10425e-06
299 4.69549 1.12395e-06
300 4.6955 1.14212e-06
301 4.6955 1.15884e-06
302 4.69551 1.17415e-06
303 4.69551 1.18812e-06
304 4.69552 1.2008e-06
305 4.69552 1.21224e-06
306 4.69553 1.2225e-06
307 4.69554 1.23162e-06
308 4.69554 1.23965e-06
309 4.69555 1.24663e-06
310 4.69555 1.25262e-06
311 4.69556 1.25765e-06
312 4.69557 1.26177e-06
313 4.69557 1.26502e-06
314 4.69558 1.26742e-06
315 4.69558 1.26903e-06
316 4.69559 1.26988e-06
317 4.69559 1.27e-06
318 4.6956 1.26942e-06
319 4.69561 1.26819e-06
320 4.69561 1.26632e-06
321 4.69562 1.26385e-06
322 4.69562 1.26081e-06
323 4.69563 1.25723e-06
324 4.69564 1.25313e-06
325 4.69564 1.24853e-06
326 4.69565 1.24348e-06
327 4.69565 1.23798e-06
328 4.69566 1.23206e-06
329 4.69567 1.22574e-06
330 4.69567 1.21905e-06
331 4.69568 1.21201e-06
332 4.69568 1.20463e-06
333 4.69569 1.19694e-06
334 4.69569 1.18895e-06
335 4.6957 1.18068e-06
336 4.6957 1.17215e-06
337 4.69571 1.16337e-06
338 4.69572 1.15437e-06
339 4.69572 1.14515e-06
340 4.69573 1.13573e-06
341 4.69573 1.12613e-06
342 4.69574 1.11635e-06
343 4.69574 1.10642e-06
344 4.69575 1.09634e-06
345 4.69575 1.08612e-06
346 4.69576 1.07579e-06
347 4.69576 1.06534e-06
348 4.69577 1.05478e-06
349 4.69577 1.04414e-06
350 4.69578 1.03342e-06
351 4.69578 1.02262e-06
352 4.69579 1.01176e-06
353 4.69579 1.00085e-06
354 4.6958 9.89886e-07
355 4.6958 9.78886e-07
356 4.69581 9.67854e-07
357 4.69581 9.56799e-07
358 4.69581 9.45726e-07
359 4.69582 9.34642e-07
360 4.69582 9.23554e-07
361 4.69583 9.12468e-07
362 4.69583 9.01388e-07
363 4.69584 8.90321e-07
364 4.69584 8.79271e-07
365 4.69584 8.68245e-07
366 4.69585 8.57245e-07
367 4.69585 8.46277e-07
368 4.69586 8.35346e-07
369 4.69586 8.24454e-07
370 4.69586 8.13606e-07
371 4.69587 8.02805e-07
372 4.69587 7.92055e-07
373 4.69587 7.8136e-07
374 4.69588 7.70721e-07
375 4.69588 7.60143e-07
376 4.69589 7.49627e-07
377 4.69589 7.39177e-07
378 4.69589 7.28794e-07
379 4.6959 7.18482e-07
380 4.6959 7.08242e-07
381 4.6959 6.98076e-07
382 4.69591 6.87986e-07
383 4.69591 6.77974e-07
384 4.69591 6.68041e-07
385 4.69591 6.5819e-07
386 4.69592 6.4842e-07
387 4.69592 6.38735e-07
388 4.69592 6.29135e-07
389 4.69593 6.1962e-07
390 4.69593 6.10193e-07
391 4.69593 6.00853e-07
392 4.69594 5.91602e-07
393 4.69594 5.82441e-07
394 4.69594 5.7337e-07
395 4.69594 5.64389e-07
396 4.69595 5.555e-07
397 4.69595 5.46703e-07
398 4.69595 5.37998e-07
399 4.69595 5.29385e-07
400 4.69596 5.20865e-07
401 4.69596 5.12438e-07
402 4.69596 5.04104e-07
403 4.69596 4.95863e-07
404 4.69597 4.87715e-07
405 4.69597 4.7966e-07
406 4.69597 4.71699e-07
407 4.69597 4.6383e-07
408 4.69597 4.56054e-07
409 4.69598 4.48371e-07
410 4.69598 4.4078e-07
411 4.69598 4.33282e-07
412 4.69598 4.25875e-07
413 4.69598 4.1856e-07
414 4.69599 4.11336e-07
415 4.69599 4.04203e-07
416 4.69599 3.9716e-07
417 4.69599 3.90208e-07
418 4.69599 3.83344e-07
419 4.696 3.7657e-07
420 4.696 3.69884e-07
421 4.696 3.63286e-07
422 4.696 3.56776e-07
423 4.696 3.50352e-07
424 4.696 3.44014e-07
425 4.69601 3.37763e-07
426 4.69601 3.31596e-07
427 4.69601 3.25513e-07
428 4.69601 3.19514e-07
429 4.69601 3.13598e-07
430 4.69601 3.07765e-07
431 4.69601 3.02013e-07
432 4.69602 2.96342e-07
433 4.69602 2.90751e-07
434 4.69602 2.8524e-07
435 4.69602 2.79808e-07
436 4.69602 2.74454e-07
437 4.69602 2.69177e-07
438 4.69602 2.63977e-07
439 4.69602 2.58852e-07
440 4.69603 2.53803e-07
441 4.69603 2.48828e-07
442 4.69603 2.43927e-07
443 4.69603 2.39099e-07
444 4.69603 2.34343e-07
445 4.69603 2.29658e-07
446 4.69603 2.25043e-07
447 4.69603 2.20499e-07
448 4.69603 2.16023e-07
449 4.69604 2.11616e-07
450 4.69604 2.07276e-07
451 4.69604 2.03004e-07
452 4.69604 1.98797e-07
453 4.69604 1.94655e-07
454 4.69604 1.90578e-07
455 4.69604 1.86564e-07
456 4.69604 1.82613e-07
457 4.69604 1.78725e-07
458 4.69604 1.74898e-07
459 4.69604 1.71132e-07
460 4.69605 1.67425e-07
461 4.69605 1.63778e-07
462 4.69605 1.6019e-07
463 4.69605 1.56659e-07
464 4.69605 1.53185e-07
465 4.69605 1.49767e-07
466 4.69605 1.46405e-07
467 4.69605 1.43098e-07
468 4.69605 1.39845e-07
469 4.69605 1.36646e-07
470 4.69605 1.33499e-07
471 4.69605 1.30404e-07
472 4.69605 1.27361e-07
473 4.69605 1.24368e-07
474 4.69605 1.21425e-07
475 4.69605 1.18532e-07
476 4.69606 1.15687e-07
477 4.69606 1.12891e-07
478 4.69606 1.10141e-07
479 4.69606 1.07439e-07
480 4.69606 1.04782e-07
481 4.69606 1.02171e-07
482 4.69606 9.96041e-08
483 4.69606 9.70817e-08
484 4.69606 9.46029e-08
485 4.69606 9.2167e-08
486 4.69606 8.97734e-08
487 4.69606 8.74214e-08
488 4.69606 8.51106e-08
489 4.69606 8.28403e-08
490 4.69606 8.06099e-08
491 4.69606 7.84189e-08
492 4.69606 7.62667e-08
493 4.69606 7.41526e-08
494 4.69606 7.20762e-08
495 4.69606 7.0037e-08
496 4.69606 6.80342e-08
497 4.69606 6.60675e-08
498 4.69606 6.41363e-08
499 4.69606 6.224e-08
500 4.69607 6.03782e-08
501 4.69607 5.85502e-08
502 4.69607 5.67557e-08
503 4.69607 5.49941e-08
504 4.69607 5.32649e-08
505 4.69607 5.15676e-08
506 4.69607 4.99017e-08
507 4.69607 4.82668e-08
508 4.69607 4.66623e-08
509 4.69607 4.50878e-08
510 4.69607 4.35429e-08
511 4.69607 4.20271e-08
512 4.69607 4.05399e-08
513 4.69607 3.90809e-08
514 4.69607 3.76497e-08
515 4.69607 3.62458e-08
516 4.69607 3.48687e-08
517 4.69607 3.35182e-08
518 4.69607 3.21937e-08
519 4.69607 3.08948e-08
520 4.69607 2.96212e-08
521 4.69607 2.83724e-08
522 4.69607 2.7148e-08
523 4.69607 2.59477e-08
524 4.69607 2.47711e-08
525 4.69607 2.36177e-08
526 4.69607 2.24873e-08
527 4.69607 2.13794e-08
528 4.69607 2.02937e-08
529 4.69607 1.92298e-08
530 4.69607 1.81873e-08
531 4.69607 1.7166e-08
532 4.69607 1.61655e-08
533 4.69607 1.51854e-08
534 4.69607 1.42254e-08
535 4.69607 1.32851e-08
536 4.69607 1.23644e-08
537 4.69607 1.14627e-08
538 4.69607 1.05798e-08
539 4.69607 9.71546e-09
