0 0 296.56
0 0.2 296.56
0 0.4 296.552
0 0.6 296.537
0 0.8 296.515
0 1 296.486
0 1.2 296.45
0 1.4 296.407
0 1.6 296.357
0 1.8 296.301
0 2 296.238
0 2.2 296.17
0 2.4 296.096
0 2.6 296.016
0 2.8 295.931
0 3 295.841
0 3.2 295.747
0 3.4 295.649
0 3.6 295.547
0 3.8 295.441
0 4 295.333
0 4.2 295.222
0 4.4 295.109
0 4.6 294.995
0 4.8 294.88
0 5 294.764
0 5.2 294.648
0 5.4 294.532
0 5.6 294.417
0 5.8 294.304
0 6 294.192
0 6.2 294.083
0 6.4 293.977
0 6.6 293.874
0 6.8 293.774
0 7 293.679
0 7.2 293.588
0 7.4 293.502
0 7.6 293.421
0 7.8 293.345
0 8 293.276
0 8.2 293.212
0 8.4 293.155
0 8.6 293.105
0 8.8 293.061
0 9 293.025
0 9.2 292.995
0 9.4 292.973
0 9.6 292.958
0 9.8 292.951
0 10 292.951
0.2 0 296.56
0.2 0.2 296.56
0.2 0.4 296.552
0.2 0.6 296.537
0.2 0.8 296.515
0.2 1 296.486
0.2 1.2 296.45
0.2 1.4 296.407
0.2 1.6 296.357
0.2 1.8 296.301
0.2 2 296.238
0.2 2.2 296.17
0.2 2.4 296.096
0.2 2.6 296.016
0.2 2.8 295.931
0.2 3 295.841
0.2 3.2 295.747
0.2 3.4 295.649
0.2 3.6 295.547
0.2 3.8 295.441
0.2 4 295.333
0.2 4.2 295.222
0.2 4.4 295.109
0.2 4.6 294.995
0.2 4.8 294.88
0.2 5 294.764
0.2 5.2 294.648
0.2 5.4 294.532
0.2 5.6 294.417
0.2 5.8 294.304
0.2 6 294.192
0.2 6.2 294.083
0.2 6.4 293.977
0.2 6.6 293.874
0.2 6.8 293.774
0.2 7 293.679
0.2 7.2 293.588
0.2 7.4 293.502
0.2 7.6 293.421
0.2 7.8 293.345
0.2 8 293.276
0.2 8.2 293.212
0.2 8.4 293.155
0.2 8.6 293.105
0.2 8.8 293.061
0.2 9 293.025
0.2 9.2 292.995
0.2 9.4 292.973
0.2 9.6 292.958
0.2 9.8 292.951
0.2 10 292.951
0.4 0 296.564
0.4 0.2 296.564
0.4 0.4 296.556
0.4 0.6 296.541
0.4 0.8 296.519
0.4 1 296.489
0.4 1.2 296.453
0.4 1.4 296.41
0.4 1.6 296.36
0.4 1.8 296.304
0.4 2 296.241
0.4 2.2 296.172
0.4 2.4 296.098
0.4 2.6 296.018
0.4 2.8 295.933
0.4 3 295.843
0.4 3.2 295.748
0.4 3.4 295.649
0.4 3.6 295.547
0.4 3.8 295.441
0.4 4 295.332
0.4 4.2 295.221
0.4 4.4 295.108
0.4 4.6 294.993
0.4 4.8 294.877
0.4 5 294.76
0.4 5.2 294.644
0.4 5.4 294.528
0.4 5.6 294.413
0.4 5.8 294.299
0.4 6 294.187
0.4 6.2 294.077
0.4 6.4 293.97
0.4 6.6 293.867
0.4 6.8 293.767
0.4 7 293.671
0.4 7.2 293.58
0.4 7.4 293.493
0.4 7.6 293.412
0.4 7.8 293.336
0.4 8 293.267
0.4 8.2 293.203
0.4 8.4 293.146
0.4 8.6 293.095
0.4 8.8 293.051
0.4 9 293.015
0.4 9.2 292.985
0.4 9.4 292.963
0.4 9.6 292.948
0.4 9.8 292.94
0.4 10 292.94
0.6 0 296.572
0.6 0.2 296.572
0.6 0.4 296.564
0.6 0.6 296.549
0.6 0.8 296.527
0.6 1 296.497
0.6 1.2 296.46
0.6 1.4 296.417
0.6 1.6 296.367
0.6 1.8 296.31
0.6 2 296.247
0.6 2.2 296.178
0.6 2.4 296.103
0.6 2.6 296.022
0.6 2.8 295.936
0.6 3 295.845
0.6 3.2 295.75
0.6 3.4 295.65
0.6 3.6 295.547
0.6 3.8 295.44
0.6 4 295.331
0.6 4.2 295.219
0.6 4.4 295.104
0.6 4.6 294.989
0.6 4.8 294.872
0.6 5 294.755
0.6 5.2 294.637
0.6 5.4 294.52
0.6 5.6 294.404
0.6 5.8 294.289
0.6 6 294.176
0.6 6.2 294.066
0.6 6.4 293.958
0.6 6.6 293.854
0.6 6.8 293.753
0.6 7 293.656
0.6 7.2 293.564
0.6 7.4 293.477
0.6 7.6 293.395
0.6 7.8 293.319
0.6 8 293.248
0.6 8.2 293.184
0.6 8.4 293.127
0.6 8.6 293.076
0.6 8.8 293.032
0.6 9 292.994
0.6 9.2 292.965
0.6 9.4 292.942
0.6 9.6 292.927
0.6 9.8 292.92
0.6 10 292.92
0.8 0 296.584
0.8 0.2 296.584
0.8 0.4 296.576
0.8 0.6 296.561
0.8 0.8 296.538
0.8 1 296.509
0.8 1.2 296.472
0.8 1.4 296.428
0.8 1.6 296.377
0.8 1.8 296.32
0.8 2 296.256
0.8 2.2 296.186
0.8 2.4 296.11
0.8 2.6 296.028
0.8 2.8 295.942
0.8 3 295.85
0.8 3.2 295.753
0.8 3.4 295.653
0.8 3.6 295.548
0.8 3.8 295.44
0.8 4 295.329
0.8 4.2 295.216
0.8 4.4 295.1
0.8 4.6 294.983
0.8 4.8 294.865
0.8 5 294.746
0.8 5.2 294.627
0.8 5.4 294.509
0.8 5.6 294.391
0.8 5.8 294.275
0.8 6 294.161
0.8 6.2 294.049
0.8 6.4 293.94
0.8 6.6 293.834
0.8 6.8 293.732
0.8 7 293.634
0.8 7.2 293.541
0.8 7.4 293.453
0.8 7.6 293.37
0.8 7.8 293.293
0.8 8 293.221
0.8 8.2 293.157
0.8 8.4 293.098
0.8 8.6 293.047
0.8 8.8 293.002
0.8 9 292.964
0.8 9.2 292.934
0.8 9.4 292.912
0.8 9.6 292.896
0.8 9.8 292.889
0.8 10 292.889
1 0 296.601
1 0.2 296.601
1 0.4 296.593
1 0.6 296.578
1 0.8 296.555
1 1 296.524
1 1.2 296.487
1 1.4 296.442
1 1.6 296.391
1 1.8 296.333
1 2 296.268
1 2.2 296.197
1 2.4 296.12
1 2.6 296.037
1 2.8 295.949
1 3 295.856
1 3.2 295.758
1 3.4 295.656
1 3.6 295.55
1 3.8 295.44
1 4 295.327
1 4.2 295.212
1 4.4 295.095
1 4.6 294.976
1 4.8 294.855
1 5 294.735
1 5.2 294.614
1 5.4 294.493
1 5.6 294.374
1 5.8 294.256
1 6 294.14
1 6.2 294.026
1 6.4 293.915
1 6.6 293.808
1 6.8 293.704
1 7 293.605
1 7.2 293.51
1 7.4 293.421
1 7.6 293.336
1 7.8 293.258
1 8 293.186
1 8.2 293.12
1 8.4 293.06
1 8.6 293.008
1 8.8 292.963
1 9 292.925
1 9.2 292.894
1 9.4 292.871
1 9.6 292.855
1 9.8 292.848
1 10 292.848
1.2 0 296.623
1.2 0.2 296.623
1.2 0.4 296.614
1.2 0.6 296.599
1.2 0.8 296.575
1.2 1 296.545
1.2 1.2 296.506
1.2 1.4 296.461
1.2 1.6 296.409
1.2 1.8 296.35
1.2 2 296.284
1.2 2.2 296.212
1.2 2.4 296.133
1.2 2.6 296.049
1.2 2.8 295.959
1.2 3 295.864
1.2 3.2 295.764
1.2 3.4 295.66
1.2 3.6 295.552
1.2 3.8 295.44
1.2 4 295.325
1.2 4.2 295.208
1.2 4.4 295.088
1.2 4.6 294.967
1.2 4.8 294.844
1.2 5 294.721
1.2 5.2 294.598
1.2 5.4 294.475
1.2 5.6 294.353
1.2 5.8 294.232
1.2 6 294.114
1.2 6.2 293.998
1.2 6.4 293.885
1.2 6.6 293.775
1.2 6.8 293.669
1.2 7 293.568
1.2 7.2 293.472
1.2 7.4 293.38
1.2 7.6 293.294
1.2 7.8 293.214
1.2 8 293.141
1.2 8.2 293.073
1.2 8.4 293.013
1.2 8.6 292.96
1.2 8.8 292.913
1.2 9 292.875
1.2 9.2 292.843
1.2 9.4 292.82
1.2 9.6 292.804
1.2 9.8 292.796
1.2 10 292.796
1.4 0 296.649
1.4 0.2 296.649
1.4 0.4 296.64
1.4 0.6 296.624
1.4 0.8 296.6
1.4 1 296.569
1.4 1.2 296.53
1.4 1.4 296.484
1.4 1.6 296.431
1.4 1.8 296.37
1.4 2 296.303
1.4 2.2 296.229
1.4 2.4 296.149
1.4 2.6 296.063
1.4 2.8 295.971
1.4 3 295.874
1.4 3.2 295.772
1.4 3.4 295.666
1.4 3.6 295.555
1.4 3.8 295.441
1.4 4 295.323
1.4 4.2 295.203
1.4 4.4 295.08
1.4 4.6 294.956
1.4 4.8 294.83
1.4 5 294.704
1.4 5.2 294.578
1.4 5.4 294.452
1.4 5.6 294.327
1.4 5.8 294.204
1.4 6 294.083
1.4 6.2 293.964
1.4 6.4 293.848
1.4 6.6 293.736
1.4 6.8 293.628
1.4 7 293.524
1.4 7.2 293.425
1.4 7.4 293.332
1.4 7.6 293.244
1.4 7.8 293.162
1.4 8 293.087
1.4 8.2 293.018
1.4 8.4 292.956
1.4 8.6 292.901
1.4 8.8 292.854
1.4 9 292.814
1.4 9.2 292.783
1.4 9.4 292.759
1.4 9.6 292.742
1.4 9.8 292.734
1.4 10 292.734
1.6 0 296.68
1.6 0.2 296.68
1.6 0.4 296.671
1.6 0.6 296.655
1.6 0.8 296.63
1.6 1 296.598
1.6 1.2 296.559
1.6 1.4 296.511
1.6 1.6 296.457
1.6 1.8 296.395
1.6 2 296.326
1.6 2.2 296.25
1.6 2.4 296.168
1.6 2.6 296.08
1.6 2.8 295.986
1.6 3 295.887
1.6 3.2 295.782
1.6 3.4 295.673
1.6 3.6 295.559
1.6 3.8 295.442
1.6 4 295.321
1.6 4.2 295.197
1.6 4.4 295.071
1.6 4.6 294.944
1.6 4.8 294.815
1.6 5 294.685
1.6 5.2 294.555
1.6 5.4 294.426
1.6 5.6 294.298
1.6 5.8 294.171
1.6 6 294.046
1.6 6.2 293.924
1.6 6.4 293.805
1.6 6.6 293.69
1.6 6.8 293.579
1.6 7 293.472
1.6 7.2 293.371
1.6 7.4 293.275
1.6 7.6 293.185
1.6 7.8 293.101
1.6 8 293.023
1.6 8.2 292.953
1.6 8.4 292.889
1.6 8.6 292.833
1.6 8.8 292.785
1.6 9 292.744
1.6 9.2 292.711
1.6 9.4 292.687
1.6 9.6 292.67
1.6 9.8 292.662
1.6 10 292.662
1.8 0 296.716
1.8 0.2 296.716
1.8 0.4 296.707
1.8 0.6 296.69
1.8 0.8 296.665
1.8 1 296.632
1.8 1.2 296.592
1.8 1.4 296.543
1.8 1.6 296.487
1.8 1.8 296.424
1.8 2 296.353
1.8 2.2 296.275
1.8 2.4 296.191
1.8 2.6 296.1
1.8 2.8 296.004
1.8 3 295.901
1.8 3.2 295.794
1.8 3.4 295.681
1.8 3.6 295.564
1.8 3.8 295.443
1.8 4 295.319
1.8 4.2 295.191
1.8 4.4 295.062
1.8 4.6 294.93
1.8 4.8 294.797
1.8 5 294.663
1.8 5.2 294.53
1.8 5.4 294.396
1.8 5.6 294.264
1.8 5.8 294.133
1.8 6 294.005
1.8 6.2 293.879
1.8 6.4 293.756
1.8 6.6 293.637
1.8 6.8 293.523
1.8 7 293.413
1.8 7.2 293.309
1.8 7.4 293.21
1.8 7.6 293.117
1.8 7.8 293.03
1.8 8 292.95
1.8 8.2 292.878
1.8 8.4 292.812
1.8 8.6 292.755
1.8 8.8 292.705
1.8 9 292.663
1.8 9.2 292.629
1.8 9.4 292.604
1.8 9.6 292.587
1.8 9.8 292.579
1.8 10 292.579
2 0 296.757
2 0.2 296.757
2 0.4 296.748
2 0.6 296.731
2 0.8 296.705
2 1 296.671
2 1.2 296.629
2 1.4 296.58
2 1.6 296.522
2 1.8 296.457
2 2 296.384
2 2.2 296.304
2 2.4 296.217
2 2.6 296.124
2 2.8 296.024
2 3 295.918
2 3.2 295.807
2 3.4 295.691
2 3.6 295.57
2 3.8 295.445
2 4 295.317
2 4.2 295.185
2 4.4 295.051
2 4.6 294.915
2 4.8 294.777
2 5 294.639
2 5.2 294.501
2 5.4 294.363
2 5.6 294.226
2 5.8 294.091
2 6 293.958
2 6.2 293.828
2 6.4 293.701
2 6.6 293.578
2 6.8 293.46
2 7 293.346
2 7.2 293.238
2 7.4 293.136
2 7.6 293.04
2 7.8 292.95
2 8 292.868
2 8.2 292.793
2 8.4 292.726
2 8.6 292.666
2 8.8 292.615
2 9 292.571
2 9.2 292.537
2 9.4 292.51
2 9.6 292.493
2 9.8 292.484
2 10 292.484
2.2 0 296.804
2.2 0.2 296.804
2.2 0.4 296.794
2.2 0.6 296.777
2.2 0.8 296.75
2.2 1 296.716
2.2 1.2 296.672
2.2 1.4 296.621
2.2 1.6 296.562
2.2 1.8 296.494
2.2 2 296.419
2.2 2.2 296.337
2.2 2.4 296.247
2.2 2.6 296.151
2.2 2.8 296.048
2.2 3 295.938
2.2 3.2 295.823
2.2 3.4 295.703
2.2 3.6 295.578
2.2 3.8 295.448
2.2 4 295.315
2.2 4.2 295.179
2.2 4.4 295.04
2.2 4.6 294.898
2.2 4.8 294.756
2.2 5 294.612
2.2 5.2 294.469
2.2 5.4 294.326
2.2 5.6 294.184
2.2 5.8 294.043
2.2 6 293.905
2.2 6.2 293.77
2.2 6.4 293.639
2.2 6.6 293.511
2.2 6.8 293.389
2.2 7 293.271
2.2 7.2 293.159
2.2 7.4 293.053
2.2 7.6 292.954
2.2 7.8 292.861
2.2 8 292.776
2.2 8.2 292.698
2.2 8.4 292.628
2.2 8.6 292.567
2.2 8.8 292.513
2.2 9 292.469
2.2 9.2 292.433
2.2 9.4 292.406
2.2 9.6 292.388
2.2 9.8 292.379
2.2 10 292.379
2.4 0 296.856
2.4 0.2 296.856
2.4 0.4 296.847
2.4 0.6 296.828
2.4 0.8 296.801
2.4 1 296.765
2.4 1.2 296.721
2.4 1.4 296.668
2.4 1.6 296.607
2.4 1.8 296.537
2.4 2 296.459
2.4 2.2 296.374
2.4 2.4 296.281
2.4 2.6 296.181
2.4 2.8 296.074
2.4 3 295.961
2.4 3.2 295.842
2.4 3.4 295.717
2.4 3.6 295.587
2.4 3.8 295.453
2.4 4 295.314
2.4 4.2 295.172
2.4 4.4 295.028
2.4 4.6 294.881
2.4 4.8 294.732
2.4 5 294.583
2.4 5.2 294.434
2.4 5.4 294.285
2.4 5.6 294.137
2.4 5.8 293.991
2.4 6 293.847
2.4 6.2 293.707
2.4 6.4 293.57
2.4 6.6 293.438
2.4 6.8 293.31
2.4 7 293.188
2.4 7.2 293.071
2.4 7.4 292.961
2.4 7.6 292.858
2.4 7.8 292.762
2.4 8 292.673
2.4 8.2 292.593
2.4 8.4 292.52
2.4 8.6 292.456
2.4 8.8 292.401
2.4 9 292.355
2.4 9.2 292.318
2.4 9.4 292.289
2.4 9.6 292.271
2.4 9.8 292.261
2.4 10 292.261
2.6 0 296.915
2.6 0.2 296.915
2.6 0.4 296.905
2.6 0.6 296.886
2.6 0.8 296.858
2.6 1 296.821
2.6 1.2 296.775
2.6 1.4 296.72
2.6 1.6 296.657
2.6 1.8 296.585
2.6 2 296.504
2.6 2.2 296.416
2.6 2.4 296.32
2.6 2.6 296.216
2.6 2.8 296.105
2.6 3 295.987
2.6 3.2 295.863
2.6 3.4 295.733
2.6 3.6 295.598
2.6 3.8 295.458
2.6 4 295.314
2.6 4.2 295.166
2.6 4.4 295.015
2.6 4.6 294.862
2.6 4.8 294.707
2.6 5 294.551
2.6 5.2 294.396
2.6 5.4 294.24
2.6 5.6 294.086
2.6 5.8 293.934
2.6 6 293.784
2.6 6.2 293.637
2.6 6.4 293.495
2.6 6.6 293.357
2.6 6.8 293.224
2.6 7 293.096
2.6 7.2 292.975
2.6 7.4 292.86
2.6 7.6 292.753
2.6 7.8 292.653
2.6 8 292.561
2.6 8.2 292.477
2.6 8.4 292.401
2.6 8.6 292.335
2.6 8.8 292.277
2.6 9 292.229
2.6 9.2 292.191
2.6 9.4 292.161
2.6 9.6 292.142
2.6 9.8 292.132
2.6 10 292.132
2.8 0 296.979
2.8 0.2 296.979
2.8 0.4 296.969
2.8 0.6 296.95
2.8 0.8 296.921
2.8 1 296.883
2.8 1.2 296.835
2.8 1.4 296.778
2.8 1.6 296.713
2.8 1.8 296.638
2.8 2 296.555
2.8 2.2 296.463
2.8 2.4 296.363
2.8 2.6 296.255
2.8 2.8 296.14
2.8 3 296.017
2.8 3.2 295.888
2.8 3.4 295.752
2.8 3.6 295.611
2.8 3.8 295.465
2.8 4 295.314
2.8 4.2 295.16
2.8 4.4 295.002
2.8 4.6 294.842
2.8 4.8 294.68
2.8 5 294.517
2.8 5.2 294.354
2.8 5.4 294.192
2.8 5.6 294.03
2.8 5.8 293.871
2.8 6 293.714
2.8 6.2 293.561
2.8 6.4 293.412
2.8 6.6 293.268
2.8 6.8 293.129
2.8 7 292.996
2.8 7.2 292.869
2.8 7.4 292.749
2.8 7.6 292.637
2.8 7.8 292.533
2.8 8 292.437
2.8 8.2 292.35
2.8 8.4 292.271
2.8 8.6 292.202
2.8 8.8 292.142
2.8 9 292.092
2.8 9.2 292.052
2.8 9.4 292.021
2.8 9.6 292.001
2.8 9.8 291.991
2.8 10 291.991
3 0 297.051
3 0.2 297.051
3 0.4 297.041
3 0.6 297.021
3 0.8 296.991
3 1 296.951
3 1.2 296.902
3 1.4 296.843
3 1.6 296.775
3 1.8 296.697
3 2 296.611
3 2.2 296.515
3 2.4 296.411
3 2.6 296.299
3 2.8 296.179
3 3 296.051
3 3.2 295.916
3 3.4 295.774
3 3.6 295.627
3 3.8 295.474
3 4 295.316
3 4.2 295.154
3 4.4 294.989
3 4.6 294.821
3 4.8 294.652
3 5 294.481
3 5.2 294.31
3 5.4 294.139
3 5.6 293.97
3 5.8 293.803
3 6 293.639
3 6.2 293.479
3 6.4 293.322
3 6.6 293.171
3 6.8 293.026
3 7 292.886
3 7.2 292.754
3 7.4 292.629
3 7.6 292.512
3 7.8 292.403
3 8 292.302
3 8.2 292.211
3 8.4 292.129
3 8.6 292.057
3 8.8 291.995
3 9 291.942
3 9.2 291.9
3 9.4 291.869
3 9.6 291.848
3 9.8 291.837
3 10 291.837
3.2 0 297.129
3.2 0.2 297.129
3.2 0.4 297.119
3.2 0.6 297.098
3.2 0.8 297.067
3.2 1 297.026
3.2 1.2 296.975
3.2 1.4 296.914
3.2 1.6 296.843
3.2 1.8 296.763
3.2 2 296.673
3.2 2.2 296.574
3.2 2.4 296.465
3.2 2.6 296.348
3.2 2.8 296.223
3.2 3 296.089
3.2 3.2 295.948
3.2 3.4 295.8
3.2 3.6 295.645
3.2 3.8 295.485
3.2 4 295.319
3.2 4.2 295.149
3.2 4.4 294.976
3.2 4.6 294.8
3.2 4.8 294.621
3.2 5 294.442
3.2 5.2 294.262
3.2 5.4 294.083
3.2 5.6 293.905
3.2 5.8 293.73
3.2 6 293.558
3.2 6.2 293.389
3.2 6.4 293.225
3.2 6.6 293.066
3.2 6.8 292.914
3.2 7 292.768
3.2 7.2 292.629
3.2 7.4 292.498
3.2 7.6 292.375
3.2 7.8 292.261
3.2 8 292.156
3.2 8.2 292.061
3.2 8.4 291.975
3.2 8.6 291.9
3.2 8.8 291.835
3.2 9 291.78
3.2 9.2 291.736
3.2 9.4 291.703
3.2 9.6 291.681
3.2 9.8 291.67
3.2 10 291.67
3.4 0 297.215
3.4 0.2 297.215
3.4 0.4 297.204
3.4 0.6 297.183
3.4 0.8 297.151
3.4 1 297.108
3.4 1.2 297.056
3.4 1.4 296.992
3.4 1.6 296.919
3.4 1.8 296.835
3.4 2 296.742
3.4 2.2 296.638
3.4 2.4 296.525
3.4 2.6 296.403
3.4 2.8 296.272
3.4 3 296.132
3.4 3.2 295.984
3.4 3.4 295.829
3.4 3.6 295.667
3.4 3.8 295.498
3.4 4 295.324
3.4 4.2 295.146
3.4 4.4 294.963
3.4 4.6 294.777
3.4 4.8 294.59
3.4 5 294.401
3.4 5.2 294.212
3.4 5.4 294.023
3.4 5.6 293.836
3.4 5.8 293.651
3.4 6 293.47
3.4 6.2 293.292
3.4 6.4 293.12
3.4 6.6 292.953
3.4 6.8 292.793
3.4 7 292.64
3.4 7.2 292.494
3.4 7.4 292.356
3.4 7.6 292.228
3.4 7.8 292.108
3.4 8 291.998
3.4 8.2 291.898
3.4 8.4 291.809
3.4 8.6 291.73
3.4 8.8 291.662
3.4 9 291.605
3.4 9.2 291.559
3.4 9.4 291.524
3.4 9.6 291.501
3.4 9.8 291.49
3.4 10 291.49
3.6 0 297.309
3.6 0.2 297.309
3.6 0.4 297.298
3.6 0.6 297.275
3.6 0.8 297.242
3.6 1 297.198
3.6 1.2 297.144
3.6 1.4 297.078
3.6 1.6 297.002
3.6 1.8 296.915
3.6 2 296.818
3.6 2.2 296.71
3.6 2.4 296.592
3.6 2.6 296.464
3.6 2.8 296.327
3.6 3 296.18
3.6 3.2 296.025
3.6 3.4 295.862
3.6 3.6 295.692
3.6 3.8 295.514
3.6 4 295.331
3.6 4.2 295.143
3.6 4.4 294.951
3.6 4.6 294.755
3.6 4.8 294.557
3.6 5 294.358
3.6 5.2 294.158
3.6 5.4 293.959
3.6 5.6 293.761
3.6 5.8 293.567
3.6 6 293.375
3.6 6.2 293.188
3.6 6.4 293.007
3.6 6.6 292.831
3.6 6.8 292.662
3.6 7 292.501
3.6 7.2 292.348
3.6 7.4 292.204
3.6 7.6 292.068
3.6 7.8 291.943
3.6 8 291.828
3.6 8.2 291.723
3.6 8.4 291.629
3.6 8.6 291.547
3.6 8.8 291.475
3.6 9 291.416
3.6 9.2 291.368
3.6 9.4 291.332
3.6 9.6 291.308
3.6 9.8 291.296
3.6 10 291.296
3.8 0 297.411
3.8 0.2 297.411
3.8 0.4 297.399
3.8 0.6 297.376
3.8 0.8 297.342
3.8 1 297.296
3.8 1.2 297.24
3.8 1.4 297.172
3.8 1.6 297.093
3.8 1.8 297.003
3.8 2 296.901
3.8 2.2 296.789
3.8 2.4 296.666
3.8 2.6 296.532
3.8 2.8 296.388
3.8 3 296.235
3.8 3.2 296.072
3.8 3.4 295.9
3.8 3.6 295.721
3.8 3.8 295.534
3.8 4 295.341
3.8 4.2 295.142
3.8 4.4 294.939
3.8 4.6 294.732
3.8 4.8 294.523
3.8 5 294.312
3.8 5.2 294.101
3.8 5.4 293.891
3.8 5.6 293.682
3.8 5.8 293.476
3.8 6 293.274
3.8 6.2 293.077
3.8 6.4 292.885
3.8 6.6 292.7
3.8 6.8 292.522
3.8 7 292.352
3.8 7.2 292.191
3.8 7.4 292.039
3.8 7.6 291.897
3.8 7.8 291.765
3.8 8 291.644
3.8 8.2 291.535
3.8 8.4 291.436
3.8 8.6 291.35
3.8 8.8 291.275
3.8 9 291.213
3.8 9.2 291.162
3.8 9.4 291.125
3.8 9.6 291.1
3.8 9.8 291.087
3.8 10 291.087
4 0 297.521
4 0.2 297.521
4 0.4 297.509
4 0.6 297.485
4 0.8 297.45
4 1 297.403
4 1.2 297.344
4 1.4 297.274
4 1.6 297.192
4 1.8 297.098
4 2 296.993
4 2.2 296.876
4 2.4 296.747
4 2.6 296.608
4 2.8 296.457
4 3 296.296
4 3.2 296.124
4 3.4 295.944
4 3.6 295.754
4 3.8 295.557
4 4 295.353
4 4.2 295.143
4 4.4 294.928
4 4.6 294.709
4 4.8 294.488
4 5 294.264
4 5.2 294.041
4 5.4 293.818
4 5.6 293.597
4 5.8 293.379
4 6 293.166
4 6.2 292.957
4 6.4 292.755
4 6.6 292.559
4 6.8 292.371
4 7 292.192
4 7.2 292.022
4 7.4 291.863
4 7.6 291.713
4 7.8 291.575
4 8 291.448
4 8.2 291.332
4 8.4 291.229
4 8.6 291.139
4 8.8 291.06
4 9 290.995
4 9.2 290.943
4 9.4 290.903
4 9.6 290.877
4 9.8 290.864
4 10 290.864
4.2 0 297.639
4.2 0.2 297.639
4.2 0.4 297.627
4.2 0.6 297.603
4.2 0.8 297.567
4.2 1 297.518
4.2 1.2 297.458
4.2 1.4 297.385
4.2 1.6 297.301
4.2 1.8 297.203
4.2 2 297.094
4.2 2.2 296.972
4.2 2.4 296.838
4.2 2.6 296.691
4.2 2.8 296.533
4.2 3 296.364
4.2 3.2 296.184
4.2 3.4 295.993
4.2 3.6 295.794
4.2 3.8 295.585
4.2 4 295.369
4.2 4.2 295.147
4.2 4.4 294.919
4.2 4.6 294.686
4.2 4.8 294.451
4.2 5 294.215
4.2 5.2 293.977
4.2 5.4 293.741
4.2 5.6 293.507
4.2 5.8 293.276
4.2 6 293.05
4.2 6.2 292.829
4.2 6.4 292.615
4.2 6.6 292.408
4.2 6.8 292.21
4.2 7 292.021
4.2 7.2 291.842
4.2 7.4 291.673
4.2 7.6 291.516
4.2 7.8 291.37
4.2 8 291.237
4.2 8.2 291.116
4.2 8.4 291.008
4.2 8.6 290.913
4.2 8.8 290.831
4.2 9 290.762
4.2 9.2 290.707
4.2 9.4 290.666
4.2 9.6 290.638
4.2 9.8 290.625
4.2 10 290.625
4.4 0 297.767
4.4 0.2 297.767
4.4 0.4 297.755
4.4 0.6 297.73
4.4 0.8 297.693
4.4 1 297.643
4.4 1.2 297.581
4.4 1.4 297.506
4.4 1.6 297.419
4.4 1.8 297.318
4.4 2 297.204
4.4 2.2 297.077
4.4 2.4 296.937
4.4 2.6 296.784
4.4 2.8 296.619
4.4 3 296.441
4.4 3.2 296.251
4.4 3.4 296.05
4.4 3.6 295.839
4.4 3.8 295.618
4.4 4 295.389
4.4 4.2 295.153
4.4 4.4 294.911
4.4 4.6 294.664
4.4 4.8 294.414
4.4 5 294.163
4.4 5.2 293.911
4.4 5.4 293.66
4.4 5.6 293.411
4.4 5.8 293.166
4.4 6 292.926
4.4 6.2 292.692
4.4 6.4 292.465
4.4 6.6 292.246
4.4 6.8 292.037
4.4 7 291.837
4.4 7.2 291.648
4.4 7.4 291.47
4.4 7.6 291.305
4.4 7.8 291.152
4.4 8 291.011
4.4 8.2 290.884
4.4 8.4 290.771
4.4 8.6 290.671
4.4 8.8 290.585
4.4 9 290.514
4.4 9.2 290.456
4.4 9.4 290.413
4.4 9.6 290.384
4.4 9.8 290.37
4.4 10 290.37
4.6 0 297.905
4.6 0.2 297.905
4.6 0.4 297.892
4.6 0.6 297.867
4.6 0.8 297.829
4.6 1 297.778
4.6 1.2 297.714
4.6 1.4 297.638
4.6 1.6 297.547
4.6 1.8 297.443
4.6 2 297.325
4.6 2.2 297.193
4.6 2.4 297.047
4.6 2.6 296.887
4.6 2.8 296.714
4.6 3 296.527
4.6 3.2 296.326
4.6 3.4 296.114
4.6 3.6 295.891
4.6 3.8 295.657
4.6 4 295.414
4.6 4.2 295.163
4.6 4.4 294.905
4.6 4.6 294.643
4.6 4.8 294.377
4.6 5 294.109
4.6 5.2 293.841
4.6 5.4 293.574
4.6 5.6 293.309
4.6 5.8 293.049
4.6 6 292.794
4.6 6.2 292.545
4.6 6.4 292.305
4.6 6.6 292.073
4.6 6.8 291.851
4.6 7 291.64
4.6 7.2 291.441
4.6 7.4 291.253
4.6 7.6 291.079
4.6 7.8 290.918
4.6 8 290.77
4.6 8.2 290.637
4.6 8.4 290.518
4.6 8.6 290.413
4.6 8.8 290.324
4.6 9 290.249
4.6 9.2 290.189
4.6 9.4 290.143
4.6 9.6 290.113
4.6 9.8 290.098
4.6 10 290.098
4.8 0 298.052
4.8 0.2 298.052
4.8 0.4 298.039
4.8 0.6 298.013
4.8 0.8 297.975
4.8 1 297.923
4.8 1.2 297.858
4.8 1.4 297.78
4.8 1.6 297.687
4.8 1.8 297.58
4.8 2 297.458
4.8 2.2 297.321
4.8 2.4 297.169
4.8 2.6 297.002
4.8 2.8 296.82
4.8 3 296.623
4.8 3.2 296.412
4.8 3.4 296.187
4.8 3.6 295.951
4.8 3.8 295.702
4.8 4 295.444
4.8 4.2 295.177
4.8 4.4 294.902
4.8 4.6 294.623
4.8 4.8 294.339
4.8 5 294.053
4.8 5.2 293.767
4.8 5.4 293.483
4.8 5.6 293.201
4.8 5.8 292.924
4.8 6 292.652
4.8 6.2 292.388
4.8 6.4 292.133
4.8 6.6 291.887
4.8 6.8 291.653
4.8 7 291.43
4.8 7.2 291.219
4.8 7.4 291.021
4.8 7.6 290.838
4.8 7.8 290.668
4.8 8 290.513
4.8 8.2 290.373
4.8 8.4 290.248
4.8 8.6 290.139
4.8 8.8 290.045
4.8 9 289.967
4.8 9.2 289.904
4.8 9.4 289.857
4.8 9.6 289.825
4.8 9.8 289.81
4.8 10 289.81
5 0 298.209
5 0.2 298.209
5 0.4 298.196
5 0.6 298.17
5 0.8 298.131
5 1 298.079
5 1.2 298.013
5 1.4 297.933
5 1.6 297.838
5 1.8 297.728
5 2 297.603
5 2.2 297.461
5 2.4 297.303
5 2.6 297.129
5 2.8 296.938
5 3 296.731
5 3.2 296.508
5 3.4 296.271
5 3.6 296.019
5 3.8 295.755
5 4 295.48
5 4.2 295.195
5 4.4 294.903
5 4.6 294.604
5 4.8 294.301
5 5 293.996
5 5.2 293.69
5 5.4 293.386
5 5.6 293.086
5 5.8 292.79
5 6 292.502
5 6.2 292.221
5 6.4 291.95
5 6.6 291.689
5 6.8 291.44
5 7 291.204
5 7.2 290.982
5 7.4 290.773
5 7.6 290.58
5 7.8 290.402
5 8 290.239
5 8.2 290.092
5 8.4 289.961
5 8.6 289.847
5 8.8 289.749
5 9 289.667
5 9.2 289.601
5 9.4 289.552
5 9.6 289.52
5 9.8 289.503
5 10 289.503
5.2 0 298.376
5.2 0.2 298.376
5.2 0.4 298.363
5.2 0.6 298.337
5.2 0.8 298.298
5.2 1 298.246
5.2 1.2 298.179
5.2 1.4 298.099
5.2 1.6 298.002
5.2 1.8 297.89
5.2 2 297.761
5.2 2.2 297.615
5.2 2.4 297.452
5.2 2.6 297.27
5.2 2.8 297.07
5.2 3 296.852
5.2 3.2 296.618
5.2 3.4 296.366
5.2 3.6 296.099
5.2 3.8 295.818
5.2 4 295.524
5.2 4.2 295.22
5.2 4.4 294.907
5.2 4.6 294.587
5.2 4.8 294.263
5.2 5 293.936
5.2 5.2 293.609
5.2 5.4 293.285
5.2 5.6 292.964
5.2 5.8 292.648
5.2 6 292.34
5.2 6.2 292.042
5.2 6.4 291.753
5.2 6.6 291.477
5.2 6.8 291.213
5.2 7 290.963
5.2 7.2 290.728
5.2 7.4 290.509
5.2 7.6 290.305
5.2 7.8 290.118
5.2 8 289.947
5.2 8.2 289.793
5.2 8.4 289.656
5.2 8.6 289.537
5.2 8.8 289.434
5.2 9 289.349
5.2 9.2 289.281
5.2 9.4 289.23
5.2 9.6 289.196
5.2 9.8 289.179
5.2 10 289.179
5.4 0 298.553
5.4 0.2 298.553
5.4 0.4 298.54
5.4 0.6 298.515
5.4 0.8 298.476
5.4 1 298.424
5.4 1.2 298.358
5.4 1.4 298.277
5.4 1.6 298.18
5.4 1.8 298.067
5.4 2 297.935
5.4 2.2 297.785
5.4 2.4 297.616
5.4 2.6 297.427
5.4 2.8 297.218
5.4 3 296.99
5.4 3.2 296.742
5.4 3.4 296.475
5.4 3.6 296.191
5.4 3.8 295.891
5.4 4 295.577
5.4 4.2 295.251
5.4 4.4 294.916
5.4 4.6 294.573
5.4 4.8 294.225
5.4 5 293.875
5.4 5.2 293.525
5.4 5.4 293.177
5.4 5.6 292.833
5.4 5.8 292.497
5.4 6 292.168
5.4 6.2 291.85
5.4 6.4 291.543
5.4 6.6 291.25
5.4 6.8 290.97
5.4 7 290.706
5.4 7.2 290.457
5.4 7.4 290.226
5.4 7.6 290.011
5.4 7.8 289.815
5.4 8 289.636
5.4 8.2 289.475
5.4 8.4 289.332
5.4 8.6 289.207
5.4 8.8 289.1
5.4 9 289.012
5.4 9.2 288.941
5.4 9.4 288.888
5.4 9.6 288.852
5.4 9.8 288.835
5.4 10 288.835
5.6 0 298.74
5.6 0.2 298.74
5.6 0.4 298.727
5.6 0.6 298.702
5.6 0.8 298.665
5.6 1 298.614
5.6 1.2 298.549
5.6 1.4 298.469
5.6 1.6 298.373
5.6 1.8 298.259
5.6 2 298.126
5.6 2.2 297.973
5.6 2.4 297.799
5.6 2.6 297.603
5.6 2.8 297.385
5.6 3 297.145
5.6 3.2 296.883
5.6 3.4 296.601
5.6 3.6 296.298
5.6 3.8 295.977
5.6 4 295.641
5.6 4.2 295.291
5.6 4.4 294.931
5.6 4.6 294.562
5.6 4.8 294.188
5.6 5 293.812
5.6 5.2 293.436
5.6 5.4 293.063
5.6 5.6 292.695
5.6 5.8 292.334
5.6 6 291.984
5.6 6.2 291.644
5.6 6.4 291.318
5.6 6.6 291.006
5.6 6.8 290.71
5.6 7 290.43
5.6 7.2 290.168
5.6 7.4 289.924
5.6 7.6 289.698
5.6 7.8 289.492
5.6 8 289.305
5.6 8.2 289.136
5.6 8.4 288.987
5.6 8.6 288.857
5.6 8.8 288.747
5.6 9 288.654
5.6 9.2 288.581
5.6 9.4 288.526
5.6 9.6 288.49
5.6 9.8 288.471
5.6 10 288.471
5.8 0 298.936
5.8 0.2 298.936
5.8 0.4 298.924
5.8 0.6 298.9
5.8 0.8 298.865
5.8 1 298.816
5.8 1.2 298.754
5.8 1.4 298.676
5.8 1.6 298.582
5.8 1.8 298.469
5.8 2 298.336
5.8 2.2 298.181
5.8 2.4 298.004
5.8 2.6 297.802
5.8 2.8 297.575
5.8 3 297.323
5.8 3.2 297.047
5.8 3.4 296.746
5.8 3.6 296.423
5.8 3.8 296.08
5.8 4 295.718
5.8 4.2 295.342
5.8 4.4 294.953
5.8 4.6 294.556
5.8 4.8 294.153
5.8 5 293.747
5.8 5.2 293.343
5.8 5.4 292.942
5.8 5.6 292.547
5.8 5.8 292.161
5.8 6 291.786
5.8 6.2 291.424
5.8 6.4 291.076
5.8 6.6 290.745
5.8 6.8 290.431
5.8 7 290.135
5.8 7.2 289.858
5.8 7.4 289.601
5.8 7.6 289.365
5.8 7.8 289.148
5.8 8 288.952
5.8 8.2 288.777
5.8 8.4 288.622
5.8 8.6 288.487
5.8 8.8 288.372
5.8 9 288.277
5.8 9.2 288.201
5.8 9.4 288.144
5.8 9.6 288.107
5.8 9.8 288.088
5.8 10 288.088
6 0 299.141
6 0.2 299.141
6 0.4 299.13
6 0.6 299.108
6 0.8 299.076
6 1 299.031
6 1.2 298.972
6 1.4 298.899
6 1.6 298.808
6 1.8 298.699
6 2 298.568
6 2.2 298.414
6 2.4 298.234
6 2.6 298.027
6 2.8 297.792
6 3 297.529
6 3.2 297.237
6 3.4 296.917
6 3.6 296.571
6 3.8 296.202
6 4 295.813
6 4.2 295.406
6 4.4 294.985
6 4.6 294.555
6 4.8 294.119
6 5 293.681
6 5.2 293.245
6 5.4 292.813
6 5.6 292.389
6 5.8 291.975
6 6 291.573
6 6.2 291.187
6 6.4 290.817
6 6.6 290.464
6 6.8 290.131
6 7 289.819
6 7.2 289.527
6 7.4 289.257
6 7.6 289.008
6 7.8 288.782
6 8 288.578
6 8.2 288.395
6 8.4 288.234
6 8.6 288.095
6 8.8 287.976
6 9 287.878
6 9.2 287.8
6 9.4 287.742
6 9.6 287.703
6 9.8 287.684
6 10 287.684
6.2 0 299.354
6.2 0.2 299.354
6.2 0.4 299.345
6.2 0.6 299.326
6.2 0.8 299.297
6.2 1 299.257
6.2 1.2 299.205
6.2 1.4 299.139
6.2 1.6 299.055
6.2 1.8 298.953
6.2 2 298.827
6.2 2.2 298.676
6.2 2.4 298.497
6.2 2.6 298.287
6.2 2.8 298.045
6.2 3 297.769
6.2 3.2 297.461
6.2 3.4 297.12
6.2 3.6 296.749
6.2 3.8 296.35
6.2 4 295.928
6.2 4.2 295.486
6.2 4.4 295.029
6.2 4.6 294.561
6.2 4.8 294.088
6.2 5 293.614
6.2 5.2 293.142
6.2 5.4 292.676
6.2 5.6 292.219
6.2 5.8 291.775
6.2 6 291.345
6.2 6.2 290.932
6.2 6.4 290.537
6.2 6.6 290.163
6.2 6.8 289.81
6.2 7 289.48
6.2 7.2 289.172
6.2 7.4 288.888
6.2 7.6 288.628
6.2 7.8 288.392
6.2 8 288.18
6.2 8.2 287.99
6.2 8.4 287.824
6.2 8.6 287.68
6.2 8.8 287.558
6.2 9 287.457
6.2 9.2 287.377
6.2 9.4 287.318
6.2 9.6 287.278
6.2 9.8 287.259
6.2 10 287.259
6.4 0 299.574
6.4 0.2 299.574
6.4 0.4 299.567
6.4 0.6 299.552
6.4 0.8 299.529
6.4 1 299.497
6.4 1.2 299.454
6.4 1.4 299.398
6.4 1.6 299.326
6.4 1.8 299.234
6.4 2 299.119
6.4 2.2 298.976
6.4 2.4 298.8
6.4 2.6 298.59
6.4 2.8 298.341
6.4 3 298.054
6.4 3.2 297.728
6.4 3.4 297.364
6.4 3.6 296.964
6.4 3.8 296.532
6.4 4 296.071
6.4 4.2 295.588
6.4 4.4 295.088
6.4 4.6 294.578
6.4 4.8 294.062
6.4 5 293.545
6.4 5.2 293.033
6.4 5.4 292.529
6.4 5.6 292.037
6.4 5.8 291.559
6.4 6 291.098
6.4 6.2 290.657
6.4 6.4 290.236
6.4 6.6 289.838
6.4 6.8 289.465
6.4 7 289.116
6.4 7.2 288.792
6.4 7.4 288.495
6.4 7.6 288.223
6.4 7.8 287.977
6.4 8 287.756
6.4 8.2 287.561
6.4 8.4 287.389
6.4 8.6 287.241
6.4 8.8 287.116
6.4 9 287.014
6.4 9.2 286.933
6.4 9.4 286.872
6.4 9.6 286.832
6.4 9.8 286.812
6.4 10 286.812
6.6 0 299.8
6.6 0.2 299.8
6.6 0.4 299.795
6.6 0.6 299.785
6.6 0.8 299.77
6.6 1 299.748
6.6 1.2 299.719
6.6 1.4 299.678
6.6 1.6 299.624
6.6 1.8 299.55
6.6 2 299.451
6.6 2.2 299.322
6.6 2.4 299.156
6.6 2.6 298.948
6.6 2.8 298.696
6.6 3 298.398
6.6 3.2 298.053
6.6 3.4 297.663
6.6 3.6 297.229
6.6 3.8 296.757
6.6 4 296.251
6.6 4.2 295.718
6.6 4.4 295.168
6.6 4.6 294.606
6.6 4.8 294.04
6.6 5 293.476
6.6 5.2 292.919
6.6 5.4 292.372
6.6 5.6 291.84
6.6 5.8 291.326
6.6 6 290.831
6.6 6.2 290.359
6.6 6.4 289.911
6.6 6.6 289.488
6.6 6.8 289.093
6.6 7 288.725
6.6 7.2 288.385
6.6 7.4 288.073
6.6 7.6 287.79
6.6 7.8 287.534
6.6 8 287.306
6.6 8.2 287.105
6.6 8.4 286.929
6.6 8.6 286.778
6.6 8.8 286.651
6.6 9 286.547
6.6 9.2 286.465
6.6 9.4 286.405
6.6 9.6 286.364
6.6 9.8 286.344
6.6 10 286.344
6.8 0 300.029
6.8 0.2 300.029
6.8 0.4 300.028
6.8 0.6 300.025
6.8 0.8 300.02
6.8 1 300.012
6.8 1.2 300.001
6.8 1.4 299.983
6.8 1.6 299.954
6.8 1.8 299.907
6.8 2 299.835
6.8 2.2 299.728
6.8 2.4 299.578
6.8 2.6 299.38
6.8 2.8 299.127
6.8 3 298.819
6.8 3.2 298.454
6.8 3.4 298.033
6.8 3.6 297.559
6.8 3.8 297.038
6.8 4 296.477
6.8 4.2 295.884
6.8 4.4 295.272
6.8 4.6 294.649
6.8 4.8 294.025
6.8 5 293.405
6.8 5.2 292.797
6.8 5.4 292.203
6.8 5.6 291.627
6.8 5.8 291.073
6.8 6 290.542
6.8 6.2 290.037
6.8 6.4 289.559
6.8 6.6 289.11
6.8 6.8 288.692
6.8 7 288.304
6.8 7.2 287.947
6.8 7.4 287.622
6.8 7.6 287.327
6.8 7.8 287.063
6.8 8 286.828
6.8 8.2 286.622
6.8 8.4 286.443
6.8 8.6 286.29
6.8 8.8 286.162
6.8 9 286.057
6.8 9.2 285.975
6.8 9.4 285.915
6.8 9.6 285.875
6.8 9.8 285.855
6.8 10 285.855
7 0 300.26
7 0.2 300.26
7 0.4 300.263
7 0.6 300.268
7 0.8 300.277
7 1 300.288
7 1.2 300.301
7 1.4 300.314
7 1.6 300.321
7 1.8 300.315
7 2 300.283
7 2.2 300.213
7 2.4 300.09
7 2.6 299.907
7 2.8 299.659
7 3 299.341
7 3.2 298.954
7 3.4 298.498
7 3.6 297.976
7 3.8 297.395
7 4 296.764
7 4.2 296.096
7 4.4 295.406
7 4.6 294.709
7 4.8 294.016
7 5 293.333
7 5.2 292.666
7 5.4 292.019
7 5.6 291.395
7 5.8 290.797
7 6 290.227
7 6.2 289.686
7 6.4 289.177
7 6.6 288.701
7 6.8 288.259
7 7 287.851
7 7.2 287.477
7 7.4 287.138
7 7.6 286.833
7 7.8 286.561
7 8 286.32
7 8.2 286.11
7 8.4 285.928
7 8.6 285.775
7 8.8 285.647
7 9 285.543
7 9.2 285.462
7 9.4 285.403
7 9.6 285.364
7 9.8 285.344
7 10 285.344
7.2 0 300.49
7.2 0.2 300.49
7.2 0.4 300.498
7.2 0.6 300.513
7.2 0.8 300.538
7.2 1 300.572
7.2 1.2 300.618
7.2 1.4 300.673
7.2 1.6 300.732
7.2 1.8 300.786
7.2 2 300.816
7.2 2.2 300.8
7.2 2.4 300.719
7.2 2.6 300.562
7.2 2.8 300.323
7.2 3 299.998
7.2 3.2 299.586
7.2 3.4 299.089
7.2 3.6 298.508
7.2 3.8 297.852
7.2 4 297.13
7.2 4.2 296.364
7.2 4.4 295.577
7.2 4.6 294.789
7.2 4.8 294.013
7.2 5 293.256
7.2 5.2 292.523
7.2 5.4 291.817
7.2 5.6 291.141
7.2 5.8 290.495
7.2 6 289.882
7.2 6.2 289.304
7.2 6.4 288.762
7.2 6.6 288.257
7.2 6.8 287.79
7.2 7 287.361
7.2 7.2 286.971
7.2 7.4 286.619
7.2 7.6 286.304
7.2 7.8 286.025
7.2 8 285.78
7.2 8.2 285.567
7.2 8.4 285.385
7.2 8.6 285.232
7.2 8.8 285.106
7.2 9 285.005
7.2 9.2 284.926
7.2 9.4 284.869
7.2 9.6 284.831
7.2 9.8 284.813
7.2 10 284.813
7.4 0 300.715
7.4 0.2 300.715
7.4 0.4 300.728
7.4 0.6 300.756
7.4 0.8 300.799
7.4 1 300.862
7.4 1.2 300.948
7.4 1.4 301.059
7.4 1.6 301.191
7.4 1.8 301.332
7.4 2 301.457
7.4 2.2 301.524
7.4 2.4 301.504
7.4 2.6 301.386
7.4 2.8 301.162
7.4 3 300.831
7.4 3.2 300.393
7.4 3.4 299.847
7.4 3.6 299.195
7.4 3.8 298.442
7.4 4 297.602
7.4 4.2 296.703
7.4 4.4 295.789
7.4 4.6 294.887
7.4 4.8 294.012
7.4 5 293.171
7.4 5.2 292.365
7.4 5.4 291.594
7.4 5.6 290.86
7.4 5.8 290.163
7.4 6 289.505
7.4 6.2 288.886
7.4 6.4 288.308
7.4 6.6 287.773
7.4 6.8 287.281
7.4 7 286.833
7.4 7.2 286.426
7.4 7.4 286.062
7.4 7.6 285.738
7.4 7.8 285.454
7.4 8 285.206
7.4 8.2 284.993
7.4 8.4 284.812
7.4 8.6 284.662
7.4 8.8 284.539
7.4 9 284.442
7.4 9.2 284.367
7.4 9.4 284.313
7.4 9.6 284.279
7.4 9.8 284.261
7.4 10 284.261
7.6 0 300.931
7.6 0.2 300.931
7.6 0.4 300.951
7.6 0.6 300.991
7.6 0.8 301.055
7.6 1 301.151
7.6 1.2 301.285
7.6 1.4 301.464
7.6 1.6 301.694
7.6 1.8 301.966
7.6 2 302.242
7.6 2.2 302.433
7.6 2.4 302.5
7.6 2.6 302.433
7.6 2.8 302.231
7.6 3 301.896
7.6 3.2 301.429
7.6 3.4 300.828
7.6 3.6 300.09
7.6 3.8 299.215
7.6 4 298.213
7.6 4.2 297.124
7.6 4.4 296.039
7.6 4.6 294.996
7.6 4.8 294.007
7.6 5 293.072
7.6 5.2 292.185
7.6 5.4 291.345
7.6 5.6 290.549
7.6 5.8 289.797
7.6 6 289.089
7.6 6.2 288.428
7.6 6.4 287.813
7.6 6.6 287.247
7.6 6.8 286.729
7.6 7 286.26
7.6 7.2 285.838
7.6 7.4 285.463
7.6 7.6 285.133
7.6 7.8 284.844
7.6 8 284.596
7.6 8.2 284.384
7.6 8.4 284.208
7.6 8.6 284.063
7.6 8.8 283.946
7.6 9 283.855
7.6 9.2 283.787
7.6 9.4 283.738
7.6 9.6 283.707
7.6 9.8 283.692
7.6 10 283.692
7.8 0 301.135
7.8 0.2 301.135
7.8 0.4 301.161
7.8 0.6 301.213
7.8 0.8 301.299
7.8 1 301.428
7.8 1.2 301.613
7.8 1.4 301.873
7.8 1.6 302.227
7.8 1.8 302.688
7.8 2 303.226
7.8 2.2 303.601
7.8 2.4 303.781
7.8 2.6 303.777
7.8 2.8 303.601
7.8 3 303.263
7.8 3.2 302.765
7.8 3.4 302.105
7.8 3.6 301.269
7.8 3.8 300.245
7.8 4 299.021
7.8 4.2 297.63
7.8 4.4 296.313
7.8 4.6 295.101
7.8 4.8 293.985
7.8 5 292.948
7.8 5.2 291.977
7.8 5.4 291.063
7.8 5.6 290.201
7.8 5.8 289.391
7.8 6 288.631
7.8 6.2 287.923
7.8 6.4 287.27
7.8 6.6 286.671
7.8 6.8 286.128
7.8 7 285.639
7.8 7.2 285.203
7.8 7.4 284.819
7.8 7.6 284.483
7.8 7.8 284.193
7.8 8 283.947
7.8 8.2 283.74
7.8 8.4 283.57
7.8 8.6 283.433
7.8 8.8 283.326
7.8 9 283.244
7.8 9.2 283.185
7.8 9.4 283.144
7.8 9.6 283.118
7.8 9.8 283.106
7.8 10 283.106
8 0 301.322
8 0.2 301.322
8 0.4 301.353
8 0.6 301.416
8 0.8 301.52
8 1 301.68
8 1.2 301.914
8 1.4 302.253
8 1.6 302.741
8 1.8 303.452
8 2 304.529
8 2.2 305.15
8 2.4 305.455
8 2.6 305.513
8 2.8 305.361
8 3 305.019
8 3.2 304.492
8 3.4 303.773
8 3.6 302.84
8 3.8 301.654
8 4 300.147
8 4.2 298.176
8 4.4 296.565
8 4.6 295.172
8 4.8 293.926
8 5 292.788
8 5.2 291.732
8 5.4 290.742
8 5.6 289.812
8 5.8 288.939
8 6 288.123
8 6.2 287.367
8 6.4 286.672
8 6.6 286.04
8 6.8 285.471
8 7 284.964
8 7.2 284.516
8 7.4 284.124
8 7.6 283.786
8 7.8 283.498
8 8 283.257
8 8.2 283.058
8 8.4 282.898
8 8.6 282.773
8 8.8 282.679
8 9 282.611
8 9.2 282.563
8 9.4 282.532
8 9.6 282.514
8 9.8 282.506
8 10 282.506
8.2 0 301.489
8.2 0.2 301.489
8.2 0.4 301.523
8.2 0.6 301.594
8.2 0.8 301.712
8.2 1 301.893
8.2 1.2 302.162
8.2 1.4 302.557
8.2 1.6 303.139
8.2 1.8 304.002
8.2 2 305.3
8.2 2.2 306.068
8.2 2.4 306.458
8.2 2.6 306.557
8.2 2.8 306.42
8.2 3 306.071
8.2 3.2 305.518
8.2 3.4 304.751
8.2 3.6 303.741
8.2 3.8 302.434
8.2 4 300.74
8.2 4.2 298.506
8.2 4.4 296.698
8.2 4.6 295.164
8.2 4.8 293.81
8.2 5 292.581
8.2 5.2 291.443
8.2 5.4 290.378
8.2 5.6 289.376
8.2 5.8 288.436
8.2 6 287.56
8.2 6.2 286.751
8.2 6.4 286.013
8.2 6.6 285.347
8.2 6.8 284.753
8.2 7 284.228
8.2 7.2 283.771
8.2 7.4 283.376
8.2 7.6 283.039
8.2 7.8 282.756
8.2 8 282.523
8.2 8.2 282.336
8.2 8.4 282.191
8.2 8.6 282.082
8.2 8.8 282.005
8.2 9 281.954
8.2 9.2 281.924
8.2 9.4 281.908
8.2 9.6 281.9
8.2 9.8 281.897
8.2 10 281.897
8.4 0 301.633
8.4 0.2 301.633
8.4 0.4 301.669
8.4 0.6 301.744
8.4 0.8 301.867
8.4 1 302.057
8.4 1.2 302.34
8.4 1.4 302.756
8.4 1.6 303.371
8.4 1.8 304.284
8.4 2 305.645
8.4 2.2 306.459
8.4 2.4 306.874
8.4 2.6 306.984
8.4 2.8 306.845
8.4 3 306.484
8.4 3.2 305.91
8.4 3.4 305.111
8.4 3.6 304.057
8.4 3.8 302.689
8.4 4 300.911
8.4 4.2 298.572
8.4 4.4 296.669
8.4 4.6 295.051
8.4 4.8 293.621
8.4 5 292.318
8.4 5.2 291.106
8.4 5.4 289.966
8.4 5.6 288.889
8.4 5.8 287.877
8.4 6 286.934
8.4 6.2 286.068
8.4 6.4 285.283
8.4 6.6 284.582
8.4 6.8 283.964
8.4 7 283.426
8.4 7.2 282.962
8.4 7.4 282.568
8.4 7.6 282.236
8.4 7.8 281.963
8.4 8 281.743
8.4 8.2 281.572
8.4 8.4 281.445
8.4 8.6 281.358
8.4 8.8 281.304
8.4 9 281.277
8.4 9.2 281.27
8.4 9.4 281.273
8.4 9.6 281.28
8.4 9.8 281.285
8.4 10 281.285
8.6 0 301.752
8.6 0.2 301.752
8.6 0.4 301.788
8.6 0.6 301.862
8.6 0.8 301.983
8.6 1 302.169
8.6 1.2 302.442
8.6 1.4 302.842
8.6 1.6 303.427
8.6 1.8 304.292
8.6 2 305.589
8.6 2.2 306.353
8.6 2.4 306.732
8.6 2.6 306.817
8.6 2.8 306.659
8.6 3 306.282
8.6 3.2 305.693
8.6 3.4 304.882
8.6 3.6 303.82
8.6 3.8 302.452
8.6 4 300.686
8.6 4.2 298.371
8.6 4.4 296.47
8.6 4.6 294.831
8.6 4.8 293.361
8.6 5 292.003
8.6 5.2 290.724
8.6 5.4 289.507
8.6 5.6 288.349
8.6 5.8 287.255
8.6 6 286.236
8.6 6.2 285.305
8.6 6.4 284.47
8.6 6.6 283.735
8.6 6.8 283.097
8.6 7 282.549
8.6 7.2 282.084
8.6 7.4 281.695
8.6 7.6 281.375
8.6 7.8 281.115
8.6 8 280.913
8.6 8.2 280.762
8.6 8.4 280.659
8.6 8.6 280.599
8.6 8.8 280.575
8.6 9 280.58
8.6 9.2 280.604
8.6 9.4 280.634
8.6 9.6 280.661
8.6 9.8 280.676
8.6 10 280.676
8.8 0 301.848
8.8 0.2 301.848
8.8 0.4 301.882
8.8 0.6 301.95
8.8 0.8 302.062
8.8 1 302.231
8.8 1.2 302.475
8.8 1.4 302.823
8.8 1.6 303.319
8.8 1.8 304.034
8.8 2 305.11
8.8 2.2 305.722
8.8 2.4 306.009
8.8 2.6 306.038
8.8 2.8 305.845
8.8 3 305.448
8.8 3.2 304.851
8.8 3.4 304.044
8.8 3.6 303.007
8.8 3.8 301.699
8.8 4 300.049
8.8 4.2 297.916
8.8 4.4 296.121
8.8 4.6 294.52
8.8 4.8 293.042
8.8 5 291.645
8.8 5.2 290.304
8.8 5.4 289.008
8.8 5.6 287.757
8.8 5.8 286.566
8.8 6 285.455
8.8 6.2 284.449
8.8 6.4 283.56
8.8 6.6 282.792
8.8 6.8 282.138
8.8 7 281.588
8.8 7.2 281.131
8.8 7.4 280.755
8.8 7.6 280.45
8.8 7.8 280.211
8.8 8 280.03
8.8 8.2 279.904
8.8 8.4 279.829
8.8 8.6 279.802
8.8 8.8 279.816
8.8 9 279.863
8.8 9.2 279.93
8.8 9.4 279.998
8.8 9.6 280.052
8.8 9.8 280.082
8.8 10 280.082
9 0 301.921
9 0.2 301.921
9 0.4 301.951
9 0.6 302.012
9 0.8 302.11
9 1 302.254
9 1.2 302.455
9 1.4 302.731
9 1.6 303.098
9 1.8 303.567
9 2 304.105
9 2.2 304.47
9 2.4 304.626
9 2.6 304.58
9 2.8 304.344
9 3 303.925
9 3.2 303.324
9 3.4 302.534
9 3.6 301.543
9 3.8 300.337
9 4 298.901
9 4.2 297.269
9 4.4 295.678
9 4.6 294.156
9 4.8 292.692
9 5 291.266
9 5.2 289.863
9 5.4 288.478
9 5.6 287.118
9 5.8 285.804
9 6 284.575
9 6.2 283.477
9 6.4 282.53
9 6.6 281.734
9 6.8 281.075
9 7 280.535
9 7.2 280.095
9 7.4 279.741
9 7.6 279.461
9 7.8 279.247
9 8 279.092
9 8.2 278.994
9 8.4 278.952
9 8.6 278.963
9 8.8 279.024
9 9 279.127
9 9.2 279.253
9 9.4 279.374
9 9.6 279.467
9 9.8 279.517
9 10 279.517
9.2 0 301.974
9.2 0.2 301.974
9.2 0.4 302.001
9.2 0.6 302.053
9.2 0.8 302.135
9.2 1 302.252
9.2 1.2 302.409
9.2 1.4 302.613
9.2 1.6 302.864
9.2 1.8 303.15
9.2 2 303.431
9.2 2.2 303.612
9.2 2.4 303.652
9.2 2.6 303.534
9.2 2.8 303.256
9.2 3 302.817
9.2 3.2 302.214
9.2 3.4 301.443
9.2 3.6 300.501
9.2 3.8 299.386
9.2 4 298.105
9.2 4.2 296.698
9.2 4.4 295.251
9.2 4.6 293.799
9.2 4.8 292.35
9.2 5 290.895
9.2 5.2 289.427
9.2 5.4 287.94
9.2 5.6 286.442
9.2 5.8 284.962
9.2 6 283.569
9.2 6.2 282.355
9.2 6.4 281.351
9.2 6.6 280.541
9.2 6.8 279.895
9.2 7 279.381
9.2 7.2 278.974
9.2 7.4 278.653
9.2 7.6 278.406
9.2 7.8 278.222
9.2 8 278.097
9.2 8.2 278.029
9.2 8.4 278.02
9.2 8.6 278.072
9.2 8.8 278.19
9.2 9 278.368
9.2 9.2 278.58
9.2 9.4 278.778
9.2 9.6 278.925
9.2 9.8 279.002
9.2 10 279.002
9.4 0 302.011
9.4 0.2 302.011
9.4 0.4 302.033
9.4 0.6 302.077
9.4 0.8 302.145
9.4 1 302.238
9.4 1.2 302.358
9.4 1.4 302.503
9.4 1.6 302.668
9.4 1.8 302.836
9.4 2 302.974
9.4 2.2 303.037
9.4 2.4 302.991
9.4 2.6 302.816
9.4 2.8 302.504
9.4 3 302.047
9.4 3.2 301.444
9.4 3.4 300.69
9.4 3.6 299.787
9.4 3.8 298.736
9.4 4 297.552
9.4 4.2 296.26
9.4 4.4 294.9
9.4 4.6 293.495
9.4 4.8 292.052
9.4 5 290.568
9.4 5.2 289.03
9.4 5.4 287.428
9.4 5.6 285.756
9.4 5.8 284.042
9.4 6 282.388
9.4 6.2 281.027
9.4 6.4 279.979
9.4 6.6 279.185
9.4 6.8 278.582
9.4 7 278.12
9.4 7.2 277.765
9.4 7.4 277.492
9.4 7.6 277.286
9.4 7.8 277.138
9.4 8 277.044
9.4 8.2 277.004
9.4 8.4 277.025
9.4 8.6 277.117
9.4 8.8 277.296
9.4 9 277.572
9.4 9.2 277.922
9.4 9.4 278.232
9.4 9.6 278.451
9.4 9.8 278.563
9.4 10 278.563
9.6 0 302.033
9.6 0.2 302.033
9.6 0.4 302.053
9.6 0.6 302.091
9.6 0.8 302.147
9.6 1 302.223
9.6 1.2 302.316
9.6 1.4 302.422
9.6 1.6 302.532
9.6 1.8 302.629
9.6 2 302.689
9.6 2.2 302.681
9.6 2.4 302.58
9.6 2.6 302.368
9.6 2.8 302.031
9.6 3 301.563
9.6 3.2 300.959
9.6 3.4 300.218
9.6 3.6 299.339
9.6 3.8 298.329
9.6 4 297.199
9.6 4.2 295.967
9.6 4.4 294.654
9.6 4.6 293.275
9.6 4.8 291.832
9.6 5 290.319
9.6 5.2 288.717
9.6 5.4 286.998
9.6 5.6 285.123
9.6 5.8 283.066
9.6 6 280.917
9.6 6.2 279.389
9.6 6.4 278.354
9.6 6.6 277.638
9.6 6.8 277.128
9.6 7 276.754
9.6 7.2 276.474
9.6 7.4 276.263
9.6 7.6 276.108
9.6 7.8 276
9.6 8 275.936
9.6 8.2 275.919
9.6 8.4 275.958
9.6 8.6 276.074
9.6 8.8 276.304
9.6 9 276.703
9.6 9.2 277.302
9.6 9.4 277.776
9.6 9.6 278.084
9.6 9.8 278.234
9.6 10 278.234
9.8 0 302.044
9.8 0.2 302.044
9.8 0.4 302.062
9.8 0.6 302.096
9.8 0.8 302.147
9.8 1 302.214
9.8 1.2 302.293
9.8 1.4 302.379
9.8 1.6 302.463
9.8 1.8 302.527
9.8 2 302.551
9.8 2.2 302.511
9.8 2.4 302.384
9.8 2.6 302.152
9.8 2.8 301.803
9.8 3 301.329
9.8 3.2 300.725
9.8 3.4 299.989
9.8 3.6 299.123
9.8 3.8 298.132
9.8 4 297.027
9.8 4.2 295.82
9.8 4.4 294.528
9.8 4.6 293.159
9.8 4.8 291.715
9.8 5 290.184
9.8 5.2 288.54
9.8 5.4 286.735
9.8 5.6 284.68
9.8 5.8 282.189
9.8 6 278.827
9.8 6.2 277.261
9.8 6.4 276.41
9.8 6.6 275.887
9.8 6.8 275.538
9.8 7 275.292
9.8 7.2 275.112
9.8 7.4 274.98
9.8 7.6 274.883
9.8 7.8 274.818
9.8 8 274.781
9.8 8.2 274.777
9.8 8.4 274.814
9.8 8.6 274.917
9.8 8.8 275.142
9.8 9 275.632
9.8 9.2 276.807
9.8 9.4 277.487
9.8 9.6 277.876
9.8 9.8 278.055
9.8 10 278.055
10 0 302.044
10 0.2 302.044
10 0.4 302.062
10 0.6 302.096
10 0.8 302.147
10 1 302.214
10 1.2 302.293
10 1.4 302.379
10 1.6 302.463
10 1.8 302.527
10 2 302.551
10 2.2 302.511
10 2.4 302.384
10 2.6 302.152
10 2.8 301.803
10 3 301.329
10 3.2 300.725
10 3.4 299.989
10 3.6 299.123
10 3.8 298.132
10 4 297.027
10 4.2 295.82
10 4.4 294.528
10 4.6 293.159
10 4.8 291.715
10 5 290.184
10 5.2 288.54
10 5.4 286.735
10 5.6 284.68
10 5.8 282.189
10 6 274.942
10 6.2 274.42
10 6.4 274.137
10 6.6 273.962
10 6.8 273.846
10 7 273.764
10 7.2 273.704
10 7.4 273.66
10 7.6 273.628
10 7.8 273.606
10 8 273.594
10 8.2 273.592
10 8.4 273.605
10 8.6 273.639
10 8.8 273.714
10 9 273.877
10 9.2 276.807
10 9.4 277.487
10 9.6 277.876
10 9.8 278.055
10 10 278.055
