0 0 299.537
0 0.2 299.537
0 0.4 299.528
0 0.6 299.512
0 0.8 299.487
0 1 299.455
0 1.2 299.415
0 1.4 299.368
0 1.6 299.314
0 1.8 299.252
0 2 299.184
0 2.2 299.109
0 2.4 299.028
0 2.6 298.941
0 2.8 298.848
0 3 298.75
0 3.2 298.647
0 3.4 298.54
0 3.6 298.428
0 3.8 298.313
0 4 298.195
0 4.2 298.074
0 4.4 297.951
0 4.6 297.827
0 4.8 297.701
0 5 297.575
0 5.2 297.449
0 5.4 297.323
0 5.6 297.198
0 5.8 297.074
0 6 296.953
0 6.2 296.834
0 6.4 296.718
0 6.6 296.606
0 6.8 296.498
0 7 296.394
0 7.2 296.295
0 7.4 296.201
0 7.6 296.113
0 7.8 296.032
0 8 295.956
0 8.2 295.887
0 8.4 295.825
0 8.6 295.77
0 8.8 295.723
0 9 295.683
0 9.2 295.651
0 9.4 295.627
0 9.6 295.611
0 9.8 295.603
0 10 295.603
0.2 0 299.537
0.2 0.2 299.537
0.2 0.4 299.528
0.2 0.6 299.512
0.2 0.8 299.487
0.2 1 299.455
0.2 1.2 299.415
0.2 1.4 299.368
0.2 1.6 299.314
0.2 1.8 299.252
0.2 2 299.184
0.2 2.2 299.109
0.2 2.4 299.028
0.2 2.6 298.941
0.2 2.8 298.848
0.2 3 298.75
0.2 3.2 298.647
0.2 3.4 298.54
0.2 3.6 298.428
0.2 3.8 298.313
0.2 4 298.195
0.2 4.2 298.074
0.2 4.4 297.951
0.2 4.6 297.827
0.2 4.8 297.701
0.2 5 297.575
0.2 5.2 297.449
0.2 5.4 297.323
0.2 5.6 297.198
0.2 5.8 297.074
0.2 6 296.953
0.2 6.2 296.834
0.2 6.4 296.718
0.2 6.6 296.606
0.2 6.8 296.498
0.2 7 296.394
0.2 7.2 296.295
0.2 7.4 296.201
0.2 7.6 296.113
0.2 7.8 296.032
0.2 8 295.956
0.2 8.2 295.887
0.2 8.4 295.825
0.2 8.6 295.77
0.2 8.8 295.723
0.2 9 295.683
0.2 9.2 295.651
0.2 9.4 295.627
0.2 9.6 295.611
0.2 9.8 295.603
0.2 10 295.603
0.4 0 299.54
0.4 0.2 299.54
0.4 0.4 299.531
0.4 0.6 299.514
0.4 0.8 299.49
0.4 1 299.457
0.4 1.2 299.417
0.4 1.4 299.37
0.4 1.6 299.315
0.4 1.8 299.254
0.4 2 299.185
0.4 2.2 299.11
0.4 2.4 299.029
0.4 2.6 298.941
0.4 2.8 298.848
0.4 3 298.75
0.4 3.2 298.646
0.4 3.4 298.539
0.4 3.6 298.427
0.4 3.8 298.311
0.4 4 298.193
0.4 4.2 298.071
0.4 4.4 297.948
0.4 4.6 297.823
0.4 4.8 297.697
0.4 5 297.57
0.4 5.2 297.443
0.4 5.4 297.317
0.4 5.6 297.191
0.4 5.8 297.068
0.4 6 296.946
0.4 6.2 296.826
0.4 6.4 296.71
0.4 6.6 296.597
0.4 6.8 296.489
0.4 7 296.385
0.4 7.2 296.285
0.4 7.4 296.191
0.4 7.6 296.103
0.4 7.8 296.021
0.4 8 295.945
0.4 8.2 295.875
0.4 8.4 295.813
0.4 8.6 295.758
0.4 8.8 295.711
0.4 9 295.671
0.4 9.2 295.639
0.4 9.4 295.614
0.4 9.6 295.598
0.4 9.8 295.59
0.4 10 295.59
0.6 0 299.546
0.6 0.2 299.546
0.6 0.4 299.537
0.6 0.6 299.52
0.6 0.8 299.495
0.6 1 299.463
0.6 1.2 299.423
0.6 1.4 299.375
0.6 1.6 299.32
0.6 1.8 299.258
0.6 2 299.189
0.6 2.2 299.113
0.6 2.4 299.031
0.6 2.6 298.943
0.6 2.8 298.849
0.6 3 298.75
0.6 3.2 298.646
0.6 3.4 298.537
0.6 3.6 298.425
0.6 3.8 298.308
0.6 4 298.189
0.6 4.2 298.067
0.6 4.4 297.942
0.6 4.6 297.816
0.6 4.8 297.689
0.6 5 297.561
0.6 5.2 297.433
0.6 5.4 297.306
0.6 5.6 297.179
0.6 5.8 297.055
0.6 6 296.932
0.6 6.2 296.811
0.6 6.4 296.694
0.6 6.6 296.581
0.6 6.8 296.471
0.6 7 296.366
0.6 7.2 296.266
0.6 7.4 296.171
0.6 7.6 296.082
0.6 7.8 295.999
0.6 8 295.923
0.6 8.2 295.853
0.6 8.4 295.79
0.6 8.6 295.735
0.6 8.8 295.687
0.6 9 295.647
0.6 9.2 295.614
0.6 9.4 295.59
0.6 9.6 295.574
0.6 9.8 295.565
0.6 10 295.565
0.8 0 299.555
0.8 0.2 299.555
0.8 0.4 299.546
0.8 0.6 299.529
0.8 0.8 299.504
0.8 1 299.471
0.8 1.2 299.431
0.8 1.4 299.383
0.8 1.6 299.327
0.8 1.8 299.264
0.8 2 299.194
0.8 2.2 299.118
0.8 2.4 299.035
0.8 2.6 298.946
0.8 2.8 298.851
0.8 3 298.751
0.8 3.2 298.646
0.8 3.4 298.536
0.8 3.6 298.422
0.8 3.8 298.304
0.8 4 298.183
0.8 4.2 298.06
0.8 4.4 297.934
0.8 4.6 297.806
0.8 4.8 297.677
0.8 5 297.548
0.8 5.2 297.419
0.8 5.4 297.29
0.8 5.6 297.162
0.8 5.8 297.035
0.8 6 296.911
0.8 6.2 296.789
0.8 6.4 296.671
0.8 6.6 296.556
0.8 6.8 296.445
0.8 7 296.339
0.8 7.2 296.238
0.8 7.4 296.142
0.8 7.6 296.052
0.8 7.8 295.968
0.8 8 295.89
0.8 8.2 295.82
0.8 8.4 295.756
0.8 8.6 295.7
0.8 8.8 295.652
0.8 9 295.611
0.8 9.2 295.578
0.8 9.4 295.554
0.8 9.6 295.537
0.8 9.8 295.529
0.8 10 295.529
1 0 299.568
1 0.2 299.568
1 0.4 299.559
1 0.6 299.542
1 0.8 299.516
1 1 299.483
1 1.2 299.442
1 1.4 299.393
1 1.6 299.337
1 1.8 299.273
1 2 299.202
1 2.2 299.125
1 2.4 299.041
1 2.6 298.95
1 2.8 298.854
1 3 298.753
1 3.2 298.646
1 3.4 298.534
1 3.6 298.419
1 3.8 298.299
1 4 298.176
1 4.2 298.051
1 4.4 297.923
1 4.6 297.793
1 4.8 297.662
1 5 297.531
1 5.2 297.4
1 5.4 297.269
1 5.6 297.139
1 5.8 297.01
1 6 296.884
1 6.2 296.76
1 6.4 296.64
1 6.6 296.523
1 6.8 296.411
1 7 296.303
1 7.2 296.2
1 7.4 296.102
1 7.6 296.011
1 7.8 295.926
1 8 295.847
1 8.2 295.775
1 8.4 295.711
1 8.6 295.654
1 8.8 295.605
1 9 295.564
1 9.2 295.53
1 9.4 295.505
1 9.6 295.489
1 9.8 295.48
1 10 295.48
1.2 0 299.585
1.2 0.2 299.585
1.2 0.4 299.575
1.2 0.6 299.558
1.2 0.8 299.532
1.2 1 299.499
1.2 1.2 299.457
1.2 1.4 299.407
1.2 1.6 299.35
1.2 1.8 299.285
1.2 2 299.213
1.2 2.2 299.134
1.2 2.4 299.049
1.2 2.6 298.957
1.2 2.8 298.859
1.2 3 298.755
1.2 3.2 298.646
1.2 3.4 298.533
1.2 3.6 298.415
1.2 3.8 298.293
1.2 4 298.168
1.2 4.2 298.04
1.2 4.4 297.909
1.2 4.6 297.777
1.2 4.8 297.644
1.2 5 297.51
1.2 5.2 297.376
1.2 5.4 297.242
1.2 5.6 297.11
1.2 5.8 296.979
1.2 6 296.85
1.2 6.2 296.724
1.2 6.4 296.601
1.2 6.6 296.482
1.2 6.8 296.367
1.2 7 296.257
1.2 7.2 296.153
1.2 7.4 296.053
1.2 7.6 295.96
1.2 7.8 295.873
1.2 8 295.793
1.2 8.2 295.72
1.2 8.4 295.654
1.2 8.6 295.596
1.2 8.8 295.546
1.2 9 295.504
1.2 9.2 295.47
1.2 9.4 295.445
1.2 9.6 295.428
1.2 9.8 295.419
1.2 10 295.419
1.4 0 299.605
1.4 0.2 299.605
1.4 0.4 299.596
1.4 0.6 299.578
1.4 0.8 299.552
1.4 1 299.517
1.4 1.2 299.475
1.4 1.4 299.424
1.4 1.6 299.366
1.4 1.8 299.3
1.4 2 299.226
1.4 2.2 299.146
1.4 2.4 299.058
1.4 2.6 298.964
1.4 2.8 298.864
1.4 3 298.758
1.4 3.2 298.647
1.4 3.4 298.531
1.4 3.6 298.411
1.4 3.8 298.286
1.4 4 298.158
1.4 4.2 298.027
1.4 4.4 297.894
1.4 4.6 297.759
1.4 4.8 297.622
1.4 5 297.485
1.4 5.2 297.348
1.4 5.4 297.211
1.4 5.6 297.075
1.4 5.8 296.941
1.4 6 296.81
1.4 6.2 296.681
1.4 6.4 296.555
1.4 6.6 296.433
1.4 6.8 296.316
1.4 7 296.203
1.4 7.2 296.096
1.4 7.4 295.994
1.4 7.6 295.899
1.4 7.8 295.81
1.4 8 295.728
1.4 8.2 295.654
1.4 8.4 295.587
1.4 8.6 295.527
1.4 8.8 295.476
1.4 9 295.433
1.4 9.2 295.398
1.4 9.4 295.372
1.4 9.6 295.355
1.4 9.8 295.346
1.4 10 295.346
1.6 0 299.63
1.6 0.2 299.63
1.6 0.4 299.62
1.6 0.6 299.602
1.6 0.8 299.575
1.6 1 299.54
1.6 1.2 299.497
1.6 1.4 299.445
1.6 1.6 299.385
1.6 1.8 299.317
1.6 2 299.242
1.6 2.2 299.16
1.6 2.4 299.07
1.6 2.6 298.974
1.6 2.8 298.871
1.6 3 298.763
1.6 3.2 298.649
1.6 3.4 298.53
1.6 3.6 298.406
1.6 3.8 298.278
1.6 4 298.147
1.6 4.2 298.013
1.6 4.4 297.876
1.6 4.6 297.737
1.6 4.8 297.597
1.6 5 297.456
1.6 5.2 297.315
1.6 5.4 297.175
1.6 5.6 297.035
1.6 5.8 296.898
1.6 6 296.762
1.6 6.2 296.63
1.6 6.4 296.501
1.6 6.6 296.376
1.6 6.8 296.255
1.6 7 296.14
1.6 7.2 296.03
1.6 7.4 295.925
1.6 7.6 295.827
1.6 7.8 295.736
1.6 8 295.652
1.6 8.2 295.576
1.6 8.4 295.507
1.6 8.6 295.446
1.6 8.8 295.394
1.6 9 295.35
1.6 9.2 295.314
1.6 9.4 295.287
1.6 9.6 295.269
1.6 9.8 295.26
1.6 10 295.26
1.8 0 299.658
1.8 0.2 299.658
1.8 0.4 299.649
1.8 0.6 299.63
1.8 0.8 299.603
1.8 1 299.567
1.8 1.2 299.522
1.8 1.4 299.469
1.8 1.6 299.408
1.8 1.8 299.338
1.8 2 299.261
1.8 2.2 299.176
1.8 2.4 299.085
1.8 2.6 298.986
1.8 2.8 298.88
1.8 3 298.769
1.8 3.2 298.652
1.8 3.4 298.529
1.8 3.6 298.402
1.8 3.8 298.27
1.8 4 298.135
1.8 4.2 297.997
1.8 4.4 297.856
1.8 4.6 297.713
1.8 4.8 297.568
1.8 5 297.423
1.8 5.2 297.278
1.8 5.4 297.133
1.8 5.6 296.99
1.8 5.8 296.848
1.8 6 296.708
1.8 6.2 296.572
1.8 6.4 296.439
1.8 6.6 296.31
1.8 6.8 296.186
1.8 7 296.067
1.8 7.2 295.953
1.8 7.4 295.846
1.8 7.6 295.745
1.8 7.8 295.652
1.8 8 295.565
1.8 8.2 295.487
1.8 8.4 295.416
1.8 8.6 295.353
1.8 8.8 295.299
1.8 9 295.254
1.8 9.2 295.217
1.8 9.4 295.19
1.8 9.6 295.171
1.8 9.8 295.162
1.8 10 295.162
2 0 299.692
2 0.2 299.692
2 0.4 299.682
2 0.6 299.663
2 0.8 299.635
2 1 299.598
2 1.2 299.552
2 1.4 299.497
2 1.6 299.434
2 1.8 299.363
2 2 299.283
2 2.2 299.196
2 2.4 299.102
2 2.6 299
2 2.8 298.891
2 3 298.776
2 3.2 298.655
2 3.4 298.529
2 3.6 298.397
2 3.8 298.262
2 4 298.122
2 4.2 297.979
2 4.4 297.833
2 4.6 297.686
2 4.8 297.536
2 5 297.386
2 5.2 297.236
2 5.4 297.087
2 5.6 296.938
2 5.8 296.792
2 6 296.648
2 6.2 296.507
2 6.4 296.369
2 6.6 296.236
2 6.8 296.108
2 7 295.985
2 7.2 295.868
2 7.4 295.757
2 7.6 295.653
2 7.8 295.556
2 8 295.467
2 8.2 295.385
2 8.4 295.312
2 8.6 295.248
2 8.8 295.192
2 9 295.145
2 9.2 295.108
2 9.4 295.079
2 9.6 295.06
2 9.8 295.051
2 10 295.051
2.2 0 299.73
2.2 0.2 299.73
2.2 0.4 299.72
2.2 0.6 299.7
2.2 0.8 299.671
2.2 1 299.633
2.2 1.2 299.586
2.2 1.4 299.529
2.2 1.6 299.464
2.2 1.8 299.391
2.2 2 299.309
2.2 2.2 299.219
2.2 2.4 299.121
2.2 2.6 299.016
2.2 2.8 298.904
2.2 3 298.785
2.2 3.2 298.66
2.2 3.4 298.529
2.2 3.6 298.393
2.2 3.8 298.253
2.2 4 298.108
2.2 4.2 297.96
2.2 4.4 297.809
2.2 4.6 297.656
2.2 4.8 297.501
2.2 5 297.346
2.2 5.2 297.19
2.2 5.4 297.035
2.2 5.6 296.881
2.2 5.8 296.729
2.2 6 296.58
2.2 6.2 296.434
2.2 6.4 296.291
2.2 6.6 296.153
2.2 6.8 296.02
2.2 7 295.893
2.2 7.2 295.771
2.2 7.4 295.657
2.2 7.6 295.549
2.2 7.8 295.449
2.2 8 295.357
2.2 8.2 295.273
2.2 8.4 295.197
2.2 8.6 295.13
2.2 8.8 295.073
2.2 9 295.024
2.2 9.2 294.985
2.2 9.4 294.956
2.2 9.6 294.936
2.2 9.8 294.927
2.2 10 294.927
2.4 0 299.773
2.4 0.2 299.773
2.4 0.4 299.762
2.4 0.6 299.742
2.4 0.8 299.712
2.4 1 299.673
2.4 1.2 299.624
2.4 1.4 299.566
2.4 1.6 299.499
2.4 1.8 299.423
2.4 2 299.339
2.4 2.2 299.246
2.4 2.4 299.145
2.4 2.6 299.036
2.4 2.8 298.919
2.4 3 298.796
2.4 3.2 298.667
2.4 3.4 298.531
2.4 3.6 298.39
2.4 3.8 298.244
2.4 4 298.094
2.4 4.2 297.94
2.4 4.4 297.783
2.4 4.6 297.624
2.4 4.8 297.463
2.4 5 297.301
2.4 5.2 297.14
2.4 5.4 296.978
2.4 5.6 296.818
2.4 5.8 296.66
2.4 6 296.505
2.4 6.2 296.353
2.4 6.4 296.205
2.4 6.6 296.061
2.4 6.8 295.923
2.4 7 295.791
2.4 7.2 295.665
2.4 7.4 295.546
2.4 7.6 295.434
2.4 7.8 295.33
2.4 8 295.235
2.4 8.2 295.147
2.4 8.4 295.069
2.4 8.6 295
2.4 8.8 294.94
2.4 9 294.89
2.4 9.2 294.85
2.4 9.4 294.819
2.4 9.6 294.799
2.4 9.8 294.789
2.4 10 294.789
2.6 0 299.821
2.6 0.2 299.821
2.6 0.4 299.81
2.6 0.6 299.789
2.6 0.8 299.759
2.6 1 299.718
2.6 1.2 299.668
2.6 1.4 299.608
2.6 1.6 299.538
2.6 1.8 299.46
2.6 2 299.372
2.6 2.2 299.276
2.6 2.4 299.171
2.6 2.6 299.058
2.6 2.8 298.938
2.6 3 298.81
2.6 3.2 298.675
2.6 3.4 298.534
2.6 3.6 298.387
2.6 3.8 298.235
2.6 4 298.079
2.6 4.2 297.918
2.6 4.4 297.755
2.6 4.6 297.589
2.6 4.8 297.422
2.6 5 297.253
2.6 5.2 297.084
2.6 5.4 296.916
2.6 5.6 296.749
2.6 5.8 296.585
2.6 6 296.423
2.6 6.2 296.264
2.6 6.4 296.11
2.6 6.6 295.961
2.6 6.8 295.817
2.6 7 295.679
2.6 7.2 295.548
2.6 7.4 295.424
2.6 7.6 295.308
2.6 7.8 295.2
2.6 8 295.1
2.6 8.2 295.01
2.6 8.4 294.928
2.6 8.6 294.856
2.6 8.8 294.794
2.6 9 294.742
2.6 9.2 294.7
2.6 9.4 294.669
2.6 9.6 294.648
2.6 9.8 294.637
2.6 10 294.637
2.8 0 299.875
2.8 0.2 299.875
2.8 0.4 299.864
2.8 0.6 299.842
2.8 0.8 299.81
2.8 1 299.768
2.8 1.2 299.716
2.8 1.4 299.654
2.8 1.6 299.583
2.8 1.8 299.501
2.8 2 299.41
2.8 2.2 299.31
2.8 2.4 299.202
2.8 2.6 299.084
2.8 2.8 298.959
2.8 3 298.826
2.8 3.2 298.685
2.8 3.4 298.538
2.8 3.6 298.385
2.8 3.8 298.227
2.8 4 298.064
2.8 4.2 297.896
2.8 4.4 297.726
2.8 4.6 297.552
2.8 4.8 297.377
2.8 5 297.201
2.8 5.2 297.025
2.8 5.4 296.849
2.8 5.6 296.675
2.8 5.8 296.503
2.8 6 296.333
2.8 6.2 296.168
2.8 6.4 296.007
2.8 6.6 295.851
2.8 6.8 295.701
2.8 7 295.557
2.8 7.2 295.42
2.8 7.4 295.291
2.8 7.6 295.17
2.8 7.8 295.057
2.8 8 294.953
2.8 8.2 294.859
2.8 8.4 294.774
2.8 8.6 294.699
2.8 8.8 294.635
2.8 9 294.581
2.8 9.2 294.537
2.8 9.4 294.504
2.8 9.6 294.483
2.8 9.8 294.472
2.8 10 294.472
3 0 299.935
3 0.2 299.935
3 0.4 299.923
3 0.6 299.901
3 0.8 299.868
3 1 299.825
3 1.2 299.771
3 1.4 299.707
3 1.6 299.632
3 1.8 299.548
3 2 299.453
3 2.2 299.35
3 2.4 299.236
3 2.6 299.114
3 2.8 298.984
3 3 298.845
3 3.2 298.698
3 3.4 298.545
3 3.6 298.385
3 3.8 298.219
3 4 298.049
3 4.2 297.873
3 4.4 297.695
3 4.6 297.513
3 4.8 297.33
3 5 297.145
3 5.2 296.961
3 5.4 296.777
3 5.6 296.594
3 5.8 296.414
3 6 296.236
3 6.2 296.063
3 6.4 295.894
3 6.6 295.731
3 6.8 295.574
3 7 295.424
3 7.2 295.281
3 7.4 295.146
3 7.6 295.019
3 7.8 294.902
3 8 294.794
3 8.2 294.695
3 8.4 294.607
3 8.6 294.529
3 8.8 294.461
3 9 294.405
3 9.2 294.36
3 9.4 294.326
3 9.6 294.303
3 9.8 294.291
3 10 294.291
3.2 0 300.001
3.2 0.2 300.001
3.2 0.4 299.989
3.2 0.6 299.966
3.2 0.8 299.932
3.2 1 299.887
3.2 1.2 299.831
3.2 1.4 299.765
3.2 1.6 299.688
3.2 1.8 299.6
3.2 2 299.502
3.2 2.2 299.394
3.2 2.4 299.276
3.2 2.6 299.149
3.2 2.8 299.012
3.2 3 298.867
3.2 3.2 298.714
3.2 3.4 298.554
3.2 3.6 298.386
3.2 3.8 298.213
3.2 4 298.034
3.2 4.2 297.85
3.2 4.4 297.663
3.2 4.6 297.472
3.2 4.8 297.28
3.2 5 297.086
3.2 5.2 296.892
3.2 5.4 296.699
3.2 5.6 296.507
3.2 5.8 296.318
3.2 6 296.132
3.2 6.2 295.95
3.2 6.4 295.773
3.2 6.6 295.602
3.2 6.8 295.437
3.2 7 295.28
3.2 7.2 295.13
3.2 7.4 294.989
3.2 7.6 294.857
3.2 7.8 294.734
3.2 8 294.62
3.2 8.2 294.518
3.2 8.4 294.425
3.2 8.6 294.344
3.2 8.8 294.274
3.2 9 294.215
3.2 9.2 294.167
3.2 9.4 294.132
3.2 9.6 294.108
3.2 9.8 294.096
3.2 10 294.096
3.4 0 300.074
3.4 0.2 300.074
3.4 0.4 300.062
3.4 0.6 300.038
3.4 0.8 300.003
3.4 1 299.956
3.4 1.2 299.898
3.4 1.4 299.829
3.4 1.6 299.749
3.4 1.8 299.658
3.4 2 299.556
3.4 2.2 299.444
3.4 2.4 299.321
3.4 2.6 299.188
3.4 2.8 299.046
3.4 3 298.894
3.4 3.2 298.734
3.4 3.4 298.566
3.4 3.6 298.39
3.4 3.8 298.208
3.4 4 298.02
3.4 4.2 297.827
3.4 4.4 297.63
3.4 4.6 297.429
3.4 4.8 297.227
3.4 5 297.023
3.4 5.2 296.819
3.4 5.4 296.616
3.4 5.6 296.414
3.4 5.8 296.215
3.4 6 296.019
3.4 6.2 295.828
3.4 6.4 295.642
3.4 6.6 295.463
3.4 6.8 295.29
3.4 7 295.124
3.4 7.2 294.968
3.4 7.4 294.819
3.4 7.6 294.681
3.4 7.8 294.552
3.4 8 294.433
3.4 8.2 294.326
3.4 8.4 294.229
3.4 8.6 294.144
3.4 8.8 294.071
3.4 9 294.009
3.4 9.2 293.96
3.4 9.4 293.923
3.4 9.6 293.898
3.4 9.8 293.886
3.4 10 293.886
3.6 0 300.154
3.6 0.2 300.154
3.6 0.4 300.141
3.6 0.6 300.117
3.6 0.8 300.08
3.6 1 300.032
3.6 1.2 299.972
3.6 1.4 299.901
3.6 1.6 299.818
3.6 1.8 299.723
3.6 2 299.617
3.6 2.2 299.5
3.6 2.4 299.371
3.6 2.6 299.233
3.6 2.8 299.084
3.6 3 298.925
3.6 3.2 298.757
3.6 3.4 298.581
3.6 3.6 298.396
3.6 3.8 298.205
3.6 4 298.007
3.6 4.2 297.804
3.6 4.4 297.596
3.6 4.6 297.385
3.6 4.8 297.171
3.6 5 296.957
3.6 5.2 296.741
3.6 5.4 296.527
3.6 5.6 296.314
3.6 5.8 296.105
3.6 6 295.899
3.6 6.2 295.697
3.6 6.4 295.502
3.6 6.6 295.313
3.6 6.8 295.131
3.6 7 294.957
3.6 7.2 294.792
3.6 7.4 294.637
3.6 7.6 294.491
3.6 7.8 294.356
3.6 8 294.232
3.6 8.2 294.12
3.6 8.4 294.019
3.6 8.6 293.93
3.6 8.8 293.853
3.6 9 293.789
3.6 9.2 293.737
3.6 9.4 293.698
3.6 9.6 293.672
3.6 9.8 293.659
3.6 10 293.659
3.8 0 300.241
3.8 0.2 300.241
3.8 0.4 300.228
3.8 0.6 300.203
3.8 0.8 300.166
3.8 1 300.116
3.8 1.2 300.054
3.8 1.4 299.98
3.8 1.6 299.893
3.8 1.8 299.795
3.8 2 299.685
3.8 2.2 299.562
3.8 2.4 299.429
3.8 2.6 299.284
3.8 2.8 299.128
3.8 3 298.961
3.8 3.2 298.785
3.8 3.4 298.599
3.8 3.6 298.405
3.8 3.8 298.204
3.8 4 297.995
3.8 4.2 297.781
3.8 4.4 297.562
3.8 4.6 297.339
3.8 4.8 297.113
3.8 5 296.887
3.8 5.2 296.659
3.8 5.4 296.433
3.8 5.6 296.208
3.8 5.8 295.987
3.8 6 295.769
3.8 6.2 295.557
3.8 6.4 295.351
3.8 6.6 295.152
3.8 6.8 294.96
3.8 7 294.778
3.8 7.2 294.604
3.8 7.4 294.441
3.8 7.6 294.288
3.8 7.8 294.146
3.8 8 294.016
3.8 8.2 293.898
3.8 8.4 293.792
3.8 8.6 293.699
3.8 8.8 293.619
3.8 9 293.552
3.8 9.2 293.498
3.8 9.4 293.457
3.8 9.6 293.43
3.8 9.8 293.417
3.8 10 293.417
4 0 300.337
4 0.2 300.337
4 0.4 300.323
4 0.6 300.297
4 0.8 300.259
4 1 300.207
4 1.2 300.143
4 1.4 300.067
4 1.6 299.977
4 1.8 299.875
4 2 299.76
4 2.2 299.633
4 2.4 299.493
4 2.6 299.341
4 2.8 299.178
4 3 299.003
4 3.2 298.818
4 3.4 298.623
4 3.6 298.418
4 3.8 298.206
4 4 297.986
4 4.2 297.759
4 4.4 297.527
4 4.6 297.292
4 4.8 297.053
4 5 296.813
4 5.2 296.573
4 5.4 296.333
4 5.6 296.096
4 5.8 295.861
4 6 295.632
4 6.2 295.407
4 6.4 295.19
4 6.6 294.98
4 6.8 294.778
4 7 294.585
4 7.2 294.403
4 7.4 294.231
4 7.6 294.07
4 7.8 293.921
4 8 293.785
4 8.2 293.661
4 8.4 293.55
4 8.6 293.453
4 8.8 293.369
4 9 293.298
4 9.2 293.242
4 9.4 293.199
4 9.6 293.171
4 9.8 293.157
4 10 293.157
4.2 0 300.441
4.2 0.2 300.441
4.2 0.4 300.427
4.2 0.6 300.4
4.2 0.8 300.36
4.2 1 300.307
4.2 1.2 300.241
4.2 1.4 300.162
4.2 1.6 300.069
4.2 1.8 299.963
4.2 2 299.844
4.2 2.2 299.711
4.2 2.4 299.565
4.2 2.6 299.407
4.2 2.8 299.235
4.2 3 299.052
4.2 3.2 298.857
4.2 3.4 298.651
4.2 3.6 298.436
4.2 3.8 298.211
4.2 4 297.978
4.2 4.2 297.739
4.2 4.4 297.493
4.2 4.6 297.244
4.2 4.8 296.991
4.2 5 296.736
4.2 5.2 296.481
4.2 5.4 296.227
4.2 5.6 295.976
4.2 5.8 295.728
4.2 6 295.485
4.2 6.2 295.248
4.2 6.4 295.017
4.2 6.6 294.795
4.2 6.8 294.582
4.2 7 294.379
4.2 7.2 294.187
4.2 7.4 294.006
4.2 7.6 293.837
4.2 7.8 293.681
4.2 8 293.538
4.2 8.2 293.408
4.2 8.4 293.291
4.2 8.6 293.189
4.2 8.8 293.101
4.2 9 293.027
4.2 9.2 292.968
4.2 9.4 292.924
4.2 9.6 292.895
4.2 9.8 292.88
4.2 10 292.88
4.4 0 300.553
4.4 0.2 300.553
4.4 0.4 300.539
4.4 0.6 300.512
4.4 0.8 300.471
4.4 1 300.416
4.4 1.2 300.348
4.4 1.4 300.266
4.4 1.6 300.171
4.4 1.8 300.061
4.4 2 299.937
4.4 2.2 299.799
4.4 2.4 299.646
4.4 2.6 299.48
4.4 2.8 299.301
4.4 3 299.108
4.4 3.2 298.903
4.4 3.4 298.686
4.4 3.6 298.458
4.4 3.8 298.221
4.4 4 297.974
4.4 4.2 297.72
4.4 4.4 297.46
4.4 4.6 297.195
4.4 4.8 296.926
4.4 5 296.656
4.4 5.2 296.385
4.4 5.4 296.116
4.4 5.6 295.849
4.4 5.8 295.586
4.4 6 295.328
4.4 6.2 295.077
4.4 6.4 294.834
4.4 6.6 294.599
4.4 6.8 294.374
4.4 7 294.16
4.4 7.2 293.957
4.4 7.4 293.766
4.4 7.6 293.588
4.4 7.8 293.424
4.4 8 293.273
4.4 8.2 293.137
4.4 8.4 293.015
4.4 8.6 292.908
4.4 8.8 292.816
4.4 9 292.739
4.4 9.2 292.677
4.4 9.4 292.631
4.4 9.6 292.6
4.4 9.8 292.585
4.4 10 292.585
4.6 0 300.675
4.6 0.2 300.675
4.6 0.4 300.661
4.6 0.6 300.633
4.6 0.8 300.591
4.6 1 300.535
4.6 1.2 300.465
4.6 1.4 300.381
4.6 1.6 300.282
4.6 1.8 300.168
4.6 2 300.04
4.6 2.2 299.896
4.6 2.4 299.737
4.6 2.6 299.564
4.6 2.8 299.376
4.6 3 299.173
4.6 3.2 298.957
4.6 3.4 298.728
4.6 3.6 298.487
4.6 3.8 298.235
4.6 4 297.974
4.6 4.2 297.704
4.6 4.4 297.427
4.6 4.6 297.146
4.6 4.8 296.86
4.6 5 296.573
4.6 5.2 296.285
4.6 5.4 295.998
4.6 5.6 295.715
4.6 5.8 295.435
4.6 6 295.162
4.6 6.2 294.895
4.6 6.4 294.637
4.6 6.6 294.389
4.6 6.8 294.151
4.6 7 293.925
4.6 7.2 293.711
4.6 7.4 293.51
4.6 7.6 293.323
4.6 7.8 293.15
4.6 8 292.992
4.6 8.2 292.849
4.6 8.4 292.721
4.6 8.6 292.609
4.6 8.8 292.512
4.6 9 292.432
4.6 9.2 292.368
4.6 9.4 292.319
4.6 9.6 292.287
4.6 9.8 292.271
4.6 10 292.271
4.8 0 300.806
4.8 0.2 300.806
4.8 0.4 300.791
4.8 0.6 300.763
4.8 0.8 300.72
4.8 1 300.663
4.8 1.2 300.592
4.8 1.4 300.505
4.8 1.6 300.404
4.8 1.8 300.287
4.8 2 300.154
4.8 2.2 300.004
4.8 2.4 299.839
4.8 2.6 299.658
4.8 2.8 299.46
4.8 3 299.248
4.8 3.2 299.02
4.8 3.4 298.778
4.8 3.6 298.523
4.8 3.8 298.255
4.8 4 297.978
4.8 4.2 297.691
4.8 4.4 297.396
4.8 4.6 297.096
4.8 4.8 296.792
4.8 5 296.486
4.8 5.2 296.179
4.8 5.4 295.874
4.8 5.6 295.572
4.8 5.8 295.275
4.8 6 294.985
4.8 6.2 294.702
4.8 6.4 294.428
4.8 6.6 294.165
4.8 6.8 293.913
4.8 7 293.674
4.8 7.2 293.448
4.8 7.4 293.237
4.8 7.6 293.04
4.8 7.8 292.858
4.8 8 292.692
4.8 8.2 292.542
4.8 8.4 292.408
4.8 8.6 292.291
4.8 8.8 292.19
4.8 9 292.106
4.8 9.2 292.039
4.8 9.4 291.988
4.8 9.6 291.954
4.8 9.8 291.938
4.8 10 291.938
5 0 300.947
5 0.2 300.947
5 0.4 300.932
5 0.6 300.903
5 0.8 300.86
5 1 300.802
5 1.2 300.73
5 1.4 300.641
5 1.6 300.537
5 1.8 300.417
5 2 300.28
5 2.2 300.125
5 2.4 299.953
5 2.6 299.764
5 2.8 299.557
5 3 299.333
5 3.2 299.093
5 3.4 298.837
5 3.6 298.566
5 3.8 298.283
5 4 297.987
5 4.2 297.681
5 4.4 297.367
5 4.6 297.047
5 4.8 296.723
5 5 296.396
5 5.2 296.069
5 5.4 295.744
5 5.6 295.422
5 5.8 295.106
5 6 294.796
5 6.2 294.496
5 6.4 294.205
5 6.6 293.926
5 6.8 293.66
5 7 293.407
5 7.2 293.169
5 7.4 292.946
5 7.6 292.738
5 7.8 292.547
5 8 292.373
5 8.2 292.216
5 8.4 292.076
5 8.6 291.953
5 8.8 291.848
5 9 291.76
5 9.2 291.69
5 9.4 291.637
5 9.6 291.602
5 9.8 291.585
5 10 291.585
5.2 0 301.097
5.2 0.2 301.097
5.2 0.4 301.082
5.2 0.6 301.054
5.2 0.8 301.01
5.2 1 300.952
5.2 1.2 300.879
5.2 1.4 300.789
5.2 1.6 300.683
5.2 1.8 300.56
5.2 2 300.419
5.2 2.2 300.259
5.2 2.4 300.081
5.2 2.6 299.883
5.2 2.8 299.667
5.2 3 299.431
5.2 3.2 299.178
5.2 3.4 298.907
5.2 3.6 298.62
5.2 3.8 298.318
5.2 4 298.003
5.2 4.2 297.677
5.2 4.4 297.341
5.2 4.6 296.999
5.2 4.8 296.652
5.2 5 296.303
5.2 5.2 295.953
5.2 5.4 295.606
5.2 5.6 295.263
5.2 5.8 294.925
5.2 6 294.596
5.2 6.2 294.276
5.2 6.4 293.968
5.2 6.6 293.672
5.2 6.8 293.39
5.2 7 293.122
5.2 7.2 292.871
5.2 7.4 292.636
5.2 7.6 292.417
5.2 7.8 292.217
5.2 8 292.034
5.2 8.2 291.869
5.2 8.4 291.723
5.2 8.6 291.595
5.2 8.8 291.485
5.2 9 291.394
5.2 9.2 291.32
5.2 9.4 291.266
5.2 9.6 291.229
5.2 9.8 291.211
5.2 10 291.211
5.4 0 301.257
5.4 0.2 301.257
5.4 0.4 301.243
5.4 0.6 301.214
5.4 0.8 301.171
5.4 1 301.113
5.4 1.2 301.039
5.4 1.4 300.949
5.4 1.6 300.842
5.4 1.8 300.717
5.4 2 300.572
5.4 2.2 300.408
5.4 2.4 300.223
5.4 2.6 300.018
5.4 2.8 299.791
5.4 3 299.544
5.4 3.2 299.276
5.4 3.4 298.989
5.4 3.6 298.684
5.4 3.8 298.362
5.4 4 298.026
5.4 4.2 297.677
5.4 4.4 297.318
5.4 4.6 296.952
5.4 4.8 296.58
5.4 5 296.206
5.4 5.2 295.832
5.4 5.4 295.461
5.4 5.6 295.094
5.4 5.8 294.734
5.4 6 294.383
5.4 6.2 294.042
5.4 6.4 293.715
5.4 6.6 293.401
5.4 6.8 293.102
5.4 7 292.819
5.4 7.2 292.553
5.4 7.4 292.305
5.4 7.6 292.076
5.4 7.8 291.865
5.4 8 291.674
5.4 8.2 291.501
5.4 8.4 291.349
5.4 8.6 291.215
5.4 8.8 291.101
5.4 9 291.006
5.4 9.2 290.93
5.4 9.4 290.873
5.4 9.6 290.835
5.4 9.8 290.816
5.4 10 290.816
5.6 0 301.428
5.6 0.2 301.428
5.6 0.4 301.413
5.6 0.6 301.385
5.6 0.8 301.343
5.6 1 301.286
5.6 1.2 301.213
5.6 1.4 301.123
5.6 1.6 301.015
5.6 1.8 300.889
5.6 2 300.742
5.6 2.2 300.574
5.6 2.4 300.383
5.6 2.6 300.169
5.6 2.8 299.933
5.6 3 299.673
5.6 3.2 299.39
5.6 3.4 299.086
5.6 3.6 298.761
5.6 3.8 298.418
5.6 4 298.058
5.6 4.2 297.684
5.6 4.4 297.3
5.6 4.6 296.906
5.6 4.8 296.508
5.6 5 296.106
5.6 5.2 295.705
5.6 5.4 295.307
5.6 5.6 294.915
5.6 5.8 294.53
5.6 6 294.155
5.6 6.2 293.793
5.6 6.4 293.444
5.6 6.6 293.111
5.6 6.8 292.794
5.6 7 292.495
5.6 7.2 292.215
5.6 7.4 291.954
5.6 7.6 291.713
5.6 7.8 291.492
5.6 8 291.291
5.6 8.2 291.111
5.6 8.4 290.952
5.6 8.6 290.813
5.6 8.8 290.694
5.6 9 290.596
5.6 9.2 290.517
5.6 9.4 290.459
5.6 9.6 290.42
5.6 9.8 290.4
5.6 10 290.4
5.8 0 301.607
5.8 0.2 301.607
5.8 0.4 301.593
5.8 0.6 301.566
5.8 0.8 301.525
5.8 1 301.47
5.8 1.2 301.398
5.8 1.4 301.31
5.8 1.6 301.204
5.8 1.8 301.077
5.8 2 300.929
5.8 2.2 300.757
5.8 2.4 300.562
5.8 2.6 300.341
5.8 2.8 300.094
5.8 3 299.821
5.8 3.2 299.522
5.8 3.4 299.199
5.8 3.6 298.853
5.8 3.8 298.486
5.8 4 298.1
5.8 4.2 297.699
5.8 4.4 297.286
5.8 4.6 296.863
5.8 4.8 296.434
5.8 5 296.003
5.8 5.2 295.572
5.8 5.4 295.145
5.8 5.6 294.724
5.8 5.8 294.313
5.8 6 293.913
5.8 6.2 293.526
5.8 6.4 293.155
5.8 6.6 292.801
5.8 6.8 292.466
5.8 7 292.15
5.8 7.2 291.854
5.8 7.4 291.579
5.8 7.6 291.326
5.8 7.8 291.095
5.8 8 290.886
5.8 8.2 290.698
5.8 8.4 290.532
5.8 8.6 290.388
5.8 8.8 290.265
5.8 9 290.163
5.8 9.2 290.082
5.8 9.4 290.022
5.8 9.6 289.982
5.8 9.8 289.961
5.8 10 289.961
6 0 301.795
6 0.2 301.795
6 0.4 301.782
6 0.6 301.757
6 0.8 301.718
6 1 301.666
6 1.2 301.597
6 1.4 301.512
6 1.6 301.408
6 1.8 301.283
6 2 301.135
6 2.2 300.962
6 2.4 300.762
6 2.6 300.534
6 2.8 300.277
6 3 299.99
6 3.2 299.675
6 3.4 299.332
6 3.6 298.962
6 3.8 298.569
6 4 298.155
6 4.2 297.723
6 4.4 297.277
6 4.6 296.822
6 4.8 296.36
6 5 295.895
6 5.2 295.432
6 5.4 294.973
6 5.6 294.522
6 5.8 294.081
6 6 293.654
6 6.2 293.241
6 6.4 292.847
6 6.6 292.471
6 6.8 292.115
6 7 291.781
6 7.2 291.469
6 7.4 291.181
6 7.6 290.915
6 7.8 290.673
6 8 290.455
6 8.2 290.26
6 8.4 290.088
6 8.6 289.939
6 8.8 289.812
6 9 289.707
6 9.2 289.624
6 9.4 289.562
6 9.6 289.521
6 9.8 289.5
6 10 289.5
6.2 0 301.992
6.2 0.2 301.992
6.2 0.4 301.98
6.2 0.6 301.957
6.2 0.8 301.922
6.2 1 301.873
6.2 1.2 301.809
6.2 1.4 301.729
6.2 1.6 301.629
6.2 1.8 301.508
6.2 2 301.362
6.2 2.2 301.189
6.2 2.4 300.986
6.2 2.6 300.752
6.2 2.8 300.485
6.2 3 300.185
6.2 3.2 299.852
6.2 3.4 299.487
6.2 3.6 299.092
6.2 3.8 298.669
6.2 4 298.223
6.2 4.2 297.757
6.2 4.4 297.276
6.2 4.6 296.783
6.2 4.8 296.284
6.2 5 295.783
6.2 5.2 295.284
6.2 5.4 294.79
6.2 5.6 294.306
6.2 5.8 293.833
6.2 6 293.376
6.2 6.2 292.936
6.2 6.4 292.516
6.2 6.6 292.117
6.2 6.8 291.74
6.2 7 291.387
6.2 7.2 291.059
6.2 7.4 290.756
6.2 7.6 290.478
6.2 7.8 290.226
6.2 8 289.999
6.2 8.2 289.796
6.2 8.4 289.619
6.2 8.6 289.465
6.2 8.8 289.335
6.2 9 289.227
6.2 9.2 289.142
6.2 9.4 289.078
6.2 9.6 289.036
6.2 9.8 289.015
6.2 10 289.015
6.4 0 302.195
6.4 0.2 302.195
6.4 0.4 302.185
6.4 0.6 302.165
6.4 0.8 302.134
6.4 1 302.091
6.4 1.2 302.034
6.4 1.4 301.961
6.4 1.6 301.868
6.4 1.8 301.753
6.4 2 301.612
6.4 2.2 301.442
6.4 2.4 301.238
6.4 2.6 301
6.4 2.8 300.724
6.4 3 300.409
6.4 3.2 300.057
6.4 3.4 299.669
6.4 3.6 299.245
6.4 3.8 298.79
6.4 4 298.308
6.4 4.2 297.804
6.4 4.4 297.282
6.4 4.6 296.748
6.4 4.8 296.208
6.4 5 295.666
6.4 5.2 295.127
6.4 5.4 294.595
6.4 5.6 294.074
6.4 5.8 293.568
6.4 6 293.078
6.4 6.2 292.609
6.4 6.4 292.161
6.4 6.6 291.737
6.4 6.8 291.338
6.4 7 290.966
6.4 7.2 290.621
6.4 7.4 290.303
6.4 7.6 290.013
6.4 7.8 289.75
6.4 8 289.514
6.4 8.2 289.305
6.4 8.4 289.123
6.4 8.6 288.965
6.4 8.8 288.832
6.4 9 288.722
6.4 9.2 288.635
6.4 9.4 288.571
6.4 9.6 288.529
6.4 9.8 288.507
6.4 10 288.507
6.6 0 302.404
6.6 0.2 302.404
6.6 0.4 302.396
6.6 0.6 302.38
6.6 0.8 302.355
6.6 1 302.319
6.6 1.2 302.271
6.6 1.4 302.208
6.6 1.6 302.126
6.6 1.8 302.021
6.6 2 301.889
6.6 2.2 301.724
6.6 2.4 301.522
6.6 2.6 301.281
6.6 2.8 300.996
6.6 3 300.668
6.6 3.2 300.296
6.6 3.4 299.881
6.6 3.6 299.426
6.6 3.8 298.935
6.6 4 298.412
6.6 4.2 297.864
6.6 4.4 297.296
6.6 4.6 296.716
6.6 4.8 296.13
6.6 5 295.543
6.6 5.2 294.96
6.6 5.4 294.386
6.6 5.6 293.826
6.6 5.8 293.282
6.6 6 292.758
6.6 6.2 292.256
6.6 6.4 291.779
6.6 6.6 291.329
6.6 6.8 290.908
6.6 7 290.515
6.6 7.2 290.152
6.6 7.4 289.82
6.6 7.6 289.517
6.6 7.8 289.245
6.6 8 289.001
6.6 8.2 288.786
6.6 8.4 288.599
6.6 8.6 288.438
6.6 8.8 288.303
6.6 9 288.192
6.6 9.2 288.104
6.6 9.4 288.04
6.6 9.6 287.997
6.6 9.8 287.976
6.6 10 287.976
6.8 0 302.617
6.8 0.2 302.617
6.8 0.4 302.611
6.8 0.6 302.6
6.8 0.8 302.582
6.8 1 302.556
6.8 1.2 302.52
6.8 1.4 302.47
6.8 1.6 302.403
6.8 1.8 302.313
6.8 2 302.193
6.8 2.2 302.039
6.8 2.4 301.842
6.8 2.6 301.6
6.8 2.8 301.309
6.8 3 300.967
6.8 3.2 300.574
6.8 3.4 300.13
6.8 3.6 299.64
6.8 3.8 299.107
6.8 4 298.538
6.8 4.2 297.94
6.8 4.4 297.32
6.8 4.6 296.688
6.8 4.8 296.049
6.8 5 295.412
6.8 5.2 294.781
6.8 5.4 294.161
6.8 5.6 293.557
6.8 5.8 292.973
6.8 6 292.412
6.8 6.2 291.876
6.8 6.4 291.368
6.8 6.6 290.891
6.8 6.8 290.445
6.8 7 290.032
6.8 7.2 289.651
6.8 7.4 289.304
6.8 7.6 288.99
6.8 7.8 288.708
6.8 8 288.457
6.8 8.2 288.237
6.8 8.4 288.046
6.8 8.6 287.883
6.8 8.8 287.747
6.8 9 287.635
6.8 9.2 287.548
6.8 9.4 287.484
6.8 9.6 287.441
6.8 9.8 287.42
6.8 10 287.42
7 0 302.83
7 0.2 302.83
7 0.4 302.827
7 0.6 302.822
7 0.8 302.813
7 1 302.799
7 1.2 302.778
7 1.4 302.746
7 1.6 302.699
7 1.8 302.629
7 2 302.53
7 2.2 302.391
7 2.4 302.205
7 2.6 301.966
7 2.8 301.669
7 3 301.313
7 3.2 300.897
7 3.4 300.423
7 3.6 299.893
7 3.8 299.313
7 4 298.69
7 4.2 298.034
7 4.4 297.354
7 4.6 296.662
7 4.8 295.965
7 5 295.272
7 5.2 294.587
7 5.4 293.918
7 5.6 293.267
7 5.8 292.639
7 6 292.037
7 6.2 291.465
7 6.4 290.925
7 6.6 290.418
7 6.8 289.947
7 7 289.513
7 7.2 289.114
7 7.4 288.753
7 7.6 288.427
7 7.8 288.137
7 8 287.88
7 8.2 287.656
7 8.4 287.463
7 8.6 287.299
7 8.8 287.163
7 9 287.053
7 9.2 286.967
7 9.4 286.904
7 9.6 286.862
7 9.8 286.842
7 10 286.842
7.2 0 303.042
7.2 0.2 303.042
7.2 0.4 303.042
7.2 0.6 303.043
7.2 0.8 303.045
7.2 1 303.045
7.2 1.2 303.043
7.2 1.4 303.034
7.2 1.6 303.013
7.2 1.8 302.973
7.2 2 302.901
7.2 2.2 302.787
7.2 2.4 302.617
7.2 2.6 302.385
7.2 2.8 302.085
7.2 3 301.716
7.2 3.2 301.276
7.2 3.4 300.767
7.2 3.6 300.193
7.2 3.8 299.558
7.2 4 298.872
7.2 4.2 298.147
7.2 4.4 297.398
7.2 4.6 296.637
7.2 4.8 295.875
7.2 5 295.119
7.2 5.2 294.377
7.2 5.4 293.652
7.2 5.6 292.95
7.2 5.8 292.275
7.2 6 291.63
7.2 6.2 291.019
7.2 6.4 290.444
7.2 6.6 289.908
7.2 6.8 289.411
7.2 7 288.955
7.2 7.2 288.539
7.2 7.4 288.163
7.2 7.6 287.827
7.2 7.8 287.529
7.2 8 287.268
7.2 8.2 287.042
7.2 8.4 286.848
7.2 8.6 286.686
7.2 8.8 286.551
7.2 9 286.444
7.2 9.2 286.36
7.2 9.4 286.3
7.2 9.6 286.26
7.2 9.8 286.241
7.2 10 286.241
7.4 0 303.249
7.4 0.2 303.249
7.4 0.4 303.252
7.4 0.6 303.261
7.4 0.8 303.274
7.4 1 303.29
7.4 1.2 303.31
7.4 1.4 303.329
7.4 1.6 303.343
7.4 1.8 303.343
7.4 2 303.313
7.4 2.2 303.233
7.4 2.4 303.088
7.4 2.6 302.868
7.4 2.8 302.568
7.4 3 302.186
7.4 3.2 301.721
7.4 3.4 301.175
7.4 3.6 300.549
7.4 3.8 299.851
7.4 4 299.09
7.4 4.2 298.282
7.4 4.4 297.45
7.4 4.6 296.61
7.4 4.8 295.775
7.4 5 294.951
7.4 5.2 294.145
7.4 5.4 293.361
7.4 5.6 292.604
7.4 5.8 291.879
7.4 6 291.188
7.4 6.2 290.535
7.4 6.4 289.923
7.4 6.6 289.355
7.4 6.8 288.832
7.4 7 288.354
7.4 7.2 287.921
7.4 7.4 287.532
7.4 7.6 287.187
7.4 7.8 286.883
7.4 8 286.619
7.4 8.2 286.393
7.4 8.4 286.201
7.4 8.6 286.041
7.4 8.8 285.911
7.4 9 285.808
7.4 9.2 285.729
7.4 9.4 285.673
7.4 9.6 285.636
7.4 9.8 285.618
7.4 10 285.618
7.6 0 303.447
7.6 0.2 303.447
7.6 0.4 303.454
7.6 0.6 303.47
7.6 0.8 303.495
7.6 1 303.529
7.6 1.2 303.573
7.6 1.4 303.626
7.6 1.6 303.684
7.6 1.8 303.74
7.6 2 303.772
7.6 2.2 303.742
7.6 2.4 303.63
7.6 2.6 303.427
7.6 2.8 303.129
7.6 3 302.735
7.6 3.2 302.244
7.6 3.4 301.658
7.6 3.6 300.976
7.6 3.8 300.205
7.6 4 299.351
7.6 4.2 298.439
7.6 4.4 297.507
7.6 4.6 296.576
7.6 4.8 295.66
7.6 5 294.762
7.6 5.2 293.888
7.6 5.4 293.041
7.6 5.6 292.225
7.6 5.8 291.445
7.6 6 290.704
7.6 6.2 290.007
7.6 6.4 289.357
7.6 6.6 288.756
7.6 6.8 288.205
7.6 7 287.705
7.6 7.2 287.256
7.6 7.4 286.856
7.6 7.6 286.503
7.6 7.8 286.196
7.6 8 285.931
7.6 8.2 285.707
7.6 8.4 285.519
7.6 8.6 285.365
7.6 8.8 285.242
7.6 9 285.146
7.6 9.2 285.074
7.6 9.4 285.024
7.6 9.6 284.991
7.6 9.8 284.975
7.6 10 284.975
7.8 0 303.632
7.8 0.2 303.632
7.8 0.4 303.643
7.8 0.6 303.667
7.8 0.8 303.703
7.8 1 303.755
7.8 1.2 303.824
7.8 1.4 303.913
7.8 1.6 304.025
7.8 1.8 304.156
7.8 2 304.286
7.8 2.2 304.327
7.8 2.4 304.258
7.8 2.6 304.076
7.8 2.8 303.781
7.8 3 303.375
7.8 3.2 302.858
7.8 3.4 302.229
7.8 3.6 301.488
7.8 3.8 300.633
7.8 4 299.667
7.8 4.2 298.613
7.8 4.4 297.558
7.8 4.6 296.527
7.8 4.8 295.522
7.8 5 294.547
7.8 5.2 293.6
7.8 5.4 292.686
7.8 5.6 291.807
7.8 5.8 290.969
7.8 6 290.175
7.8 6.2 289.43
7.8 6.4 288.739
7.8 6.6 288.103
7.8 6.8 287.525
7.8 7 287.004
7.8 7.2 286.54
7.8 7.4 286.13
7.8 7.6 285.772
7.8 7.8 285.464
7.8 8 285.201
7.8 8.2 284.982
7.8 8.4 284.802
7.8 8.6 284.657
7.8 8.8 284.544
7.8 9 284.459
7.8 9.2 284.397
7.8 9.4 284.354
7.8 9.6 284.328
7.8 9.8 284.315
7.8 10 284.315
8 0 303.803
8 0.2 303.803
8 0.4 303.817
8 0.6 303.846
8 0.8 303.892
8 1 303.959
8 1.2 304.051
8 1.4 304.175
8 1.6 304.341
8 1.8 304.565
8 2 304.894
8 2.2 305.023
8 2.4 305
8 2.6 304.837
8 2.8 304.545
8 3 304.127
8 3.2 303.584
8 3.4 302.915
8 3.6 302.115
8 3.8 301.173
8 4 300.076
8 4.2 298.779
8 4.4 297.584
8 4.6 296.447
8 4.8 295.354
8 5 294.299
8 5.2 293.279
8 5.4 292.294
8 5.6 291.347
8 5.8 290.445
8 6 289.594
8 6.2 288.798
8 6.4 288.063
8 6.6 287.392
8 6.8 286.786
8 7 286.245
8 7.2 285.767
8 7.4 285.35
8 7.6 284.99
8 7.8 284.683
8 8 284.426
8 8.2 284.216
8 8.4 284.047
8 8.6 283.916
8 8.8 283.817
8 9 283.746
8 9.2 283.698
8 9.4 283.667
8 9.6 283.649
8 9.8 283.64
8 10 283.64
8.2 0 303.955
8.2 0.2 303.955
8.2 0.4 303.97
8.2 0.6 304.004
8.2 0.8 304.057
8.2 1 304.134
8.2 1.2 304.242
8.2 1.4 304.39
8.2 1.6 304.594
8.2 1.8 304.876
8.2 2 305.283
8.2 2.2 305.467
8.2 2.4 305.472
8.2 2.6 305.321
8.2 2.8 305.027
8.2 3 304.595
8.2 3.2 304.029
8.2 3.4 303.325
8.2 3.6 302.474
8.2 3.8 301.463
8.2 4 300.271
8.2 4.2 298.849
8.2 4.4 297.547
8.2 4.6 296.32
8.2 4.8 295.146
8.2 5 294.014
8.2 5.2 292.919
8.2 5.4 291.86
8.2 5.6 290.841
8.2 5.8 289.87
8.2 6 288.954
8.2 6.2 288.102
8.2 6.4 287.321
8.2 6.6 286.613
8.2 6.8 285.98
8.2 7 285.421
8.2 7.2 284.933
8.2 7.4 284.511
8.2 7.6 284.152
8.2 7.8 283.851
8.2 8 283.604
8.2 8.2 283.406
8.2 8.4 283.253
8.2 8.6 283.14
8.2 8.8 283.06
8.2 9 283.009
8.2 9.2 282.98
8.2 9.4 282.964
8.2 9.6 282.958
8.2 9.8 282.956
8.2 10 282.956
8.4 0 304.086
8.4 0.2 304.086
8.4 0.4 304.103
8.4 0.6 304.138
8.4 0.8 304.194
8.4 1 304.276
8.4 1.2 304.389
8.4 1.4 304.546
8.4 1.6 304.762
8.4 1.8 305.063
8.4 2 305.491
8.4 2.2 305.689
8.4 2.4 305.7
8.4 2.6 305.547
8.4 2.8 305.244
8.4 3 304.798
8.4 3.2 304.211
8.4 3.4 303.479
8.4 3.6 302.594
8.4 3.8 301.538
8.4 4 300.288
8.4 4.2 298.8
8.4 4.4 297.43
8.4 4.6 296.136
8.4 4.8 294.894
8.4 5 293.691
8.4 5.2 292.52
8.4 5.4 291.383
8.4 5.6 290.285
8.4 5.8 289.236
8.4 6 288.249
8.4 6.2 287.335
8.4 6.4 286.503
8.4 6.6 285.757
8.4 6.8 285.099
8.4 7 284.524
8.4 7.2 284.029
8.4 7.4 283.608
8.4 7.6 283.255
8.4 7.8 282.964
8.4 8 282.731
8.4 8.2 282.55
8.4 8.4 282.418
8.4 8.6 282.328
8.4 8.8 282.274
8.4 9 282.25
8.4 9.2 282.245
8.4 9.4 282.252
8.4 9.6 282.262
8.4 9.8 282.268
8.4 10 282.268
8.6 0 304.196
8.6 0.2 304.196
8.6 0.4 304.213
8.6 0.6 304.247
8.6 0.8 304.302
8.6 1 304.381
8.6 1.2 304.49
8.6 1.4 304.638
8.6 1.6 304.841
8.6 1.8 305.12
8.6 2 305.522
8.6 2.2 305.696
8.6 2.4 305.688
8.6 2.6 305.518
8.6 2.8 305.199
8.6 3 304.737
8.6 3.2 304.133
8.6 3.4 303.383
8.6 3.6 302.478
8.6 3.8 301.404
8.6 4 300.138
8.6 4.2 298.631
8.6 4.4 297.234
8.6 4.6 295.897
8.6 4.8 294.601
8.6 5 293.332
8.6 5.2 292.086
8.6 5.4 290.864
8.6 5.6 289.677
8.6 5.8 288.539
8.6 6 287.468
8.6 6.2 286.483
8.6 6.4 285.597
8.6 6.6 284.813
8.6 6.8 284.132
8.6 7 283.547
8.6 7.2 283.051
8.6 7.4 282.635
8.6 7.6 282.293
8.6 7.8 282.018
8.6 8 281.803
8.6 8.2 281.645
8.6 8.4 281.539
8.6 8.6 281.478
8.6 8.8 281.458
8.6 9 281.468
8.6 9.2 281.499
8.6 9.4 281.535
8.6 9.6 281.567
8.6 9.8 281.585
8.6 10 281.585
8.8 0 304.285
8.8 0.2 304.285
8.8 0.4 304.301
8.8 0.6 304.332
8.8 0.8 304.382
8.8 1 304.452
8.8 1.2 304.547
8.8 1.4 304.672
8.8 1.6 304.837
8.8 1.8 305.057
8.8 2 305.374
8.8 2.2 305.486
8.8 2.4 305.436
8.8 2.6 305.237
8.8 2.8 304.897
8.8 3 304.417
8.8 3.2 303.8
8.8 3.4 303.04
8.8 3.6 302.132
8.8 3.8 301.064
8.8 4 299.822
8.8 4.2 298.357
8.8 4.4 296.97
8.8 4.6 295.616
8.8 4.8 294.278
8.8 5 292.948
8.8 5.2 291.624
8.8 5.4 290.31
8.8 5.6 289.018
8.8 5.8 287.772
8.8 6 286.6
8.8 6.2 285.532
8.8 6.4 284.586
8.8 6.6 283.766
8.8 6.8 283.067
8.8 7 282.479
8.8 7.2 281.99
8.8 7.4 281.588
8.8 7.6 281.264
8.8 7.8 281.009
8.8 8 280.819
8.8 8.2 280.687
8.8 8.4 280.612
8.8 8.6 280.588
8.8 8.8 280.609
8.8 9 280.666
8.8 9.2 280.744
8.8 9.4 280.822
8.8 9.6 280.885
8.8 9.8 280.919
8.8 10 280.919
9 0 304.355
9 0.2 304.355
9 0.4 304.368
9 0.6 304.396
9 0.8 304.438
9 1 304.496
9 1.2 304.57
9 1.4 304.663
9 1.6 304.774
9 1.8 304.899
9 2 305.015
9 2.2 305.032
9 2.4 304.925
9 2.6 304.69
9 2.8 304.325
9 3 303.829
9 3.2 303.201
9 3.4 302.438
9 3.6 301.537
9 3.8 300.495
9 4 299.312
9 4.2 298.009
9 4.4 296.671
9 4.6 295.316
9 4.8 293.945
9 5 292.557
9 5.2 291.15
9 5.4 289.73
9 5.6 288.313
9 5.8 286.93
9 6 285.627
9 6.2 284.457
9 6.4 283.446
9 6.6 282.595
9 6.8 281.89
9 7 281.311
9 7.2 280.84
9 7.4 280.462
9 7.6 280.163
9 7.8 279.936
9 8 279.773
9 8.2 279.672
9 8.4 279.632
9 8.6 279.65
9 8.8 279.724
9 9 279.843
9 9.2 279.987
9 9.4 280.124
9 9.6 280.23
9 9.8 280.286
9 10 280.286
9.2 0 304.407
9.2 0.2 304.407
9.2 0.4 304.418
9.2 0.6 304.44
9.2 0.8 304.474
9.2 1 304.518
9.2 1.2 304.572
9.2 1.4 304.632
9.2 1.6 304.693
9.2 1.8 304.744
9.2 2 304.761
9.2 2.2 304.702
9.2 2.4 304.543
9.2 2.6 304.273
9.2 2.8 303.885
9.2 3 303.374
9.2 3.2 302.738
9.2 3.4 301.975
9.2 3.6 301.084
9.2 3.8 300.067
9.2 4 298.929
9.2 4.2 297.69
9.2 4.4 296.384
9.2 4.6 295.029
9.2 4.8 293.628
9.2 5 292.181
9.2 5.2 290.686
9.2 5.4 289.145
9.2 5.6 287.572
9.2 5.8 286.004
9.2 6 284.52
9.2 6.2 283.222
9.2 6.4 282.146
9.2 6.6 281.278
9.2 6.8 280.585
9.2 7 280.034
9.2 7.2 279.598
9.2 7.4 279.255
9.2 7.6 278.991
9.2 7.8 278.796
9.2 8 278.665
9.2 8.2 278.597
9.2 8.4 278.592
9.2 8.6 278.657
9.2 8.8 278.792
9.2 9 278.994
9.2 9.2 279.234
9.2 9.4 279.457
9.2 9.6 279.622
9.2 9.8 279.709
9.2 10 279.709
9.4 0 304.443
9.4 0.2 304.443
9.4 0.4 304.452
9.4 0.6 304.47
9.4 0.8 304.496
9.4 1 304.528
9.4 1.2 304.563
9.4 1.4 304.596
9.4 1.6 304.619
9.4 1.8 304.619
9.4 2 304.576
9.4 2.2 304.465
9.4 2.4 304.267
9.4 2.6 303.969
9.4 2.8 303.562
9.4 3 303.039
9.4 3.2 302.397
9.4 3.4 301.635
9.4 3.6 300.753
9.4 3.8 299.753
9.4 4 298.642
9.4 4.2 297.434
9.4 4.4 296.145
9.4 4.6 294.784
9.4 4.8 293.355
9.4 5 291.852
9.4 5.2 290.266
9.4 5.4 288.59
9.4 5.6 286.823
9.4 5.8 284.995
9.4 6 283.224
9.4 6.2 281.763
9.4 6.4 280.638
9.4 6.6 279.785
9.4 6.8 279.137
9.4 7 278.642
9.4 7.2 278.26
9.4 7.4 277.968
9.4 7.6 277.749
9.4 7.8 277.592
9.4 8 277.494
9.4 8.2 277.456
9.4 8.4 277.484
9.4 8.6 277.591
9.4 8.8 277.794
9.4 9 278.105
9.4 9.2 278.498
9.4 9.4 278.846
9.4 9.6 279.092
9.4 9.8 279.218
9.4 10 279.218
9.6 0 304.466
9.6 0.2 304.466
9.6 0.4 304.473
9.6 0.6 304.488
9.6 0.8 304.508
9.6 1 304.531
9.6 1.2 304.553
9.6 1.4 304.567
9.6 1.6 304.565
9.6 1.8 304.533
9.6 2 304.455
9.6 2.2 304.312
9.6 2.4 304.089
9.6 2.6 303.772
9.6 2.8 303.35
9.6 3 302.819
9.6 3.2 302.174
9.6 3.4 301.413
9.6 3.6 300.536
9.6 3.8 299.547
9.6 4 298.451
9.6 4.2 297.257
9.6 4.4 295.974
9.6 4.6 294.607
9.6 4.8 293.153
9.6 5 291.602
9.6 5.2 289.936
9.6 5.4 288.125
9.6 5.6 286.132
9.6 5.8 283.929
9.6 6 281.615
9.6 6.2 279.97
9.6 6.4 278.855
9.6 6.6 278.085
9.6 6.8 277.536
9.6 7 277.134
9.6 7.2 276.834
9.6 7.4 276.609
9.6 7.6 276.443
9.6 7.8 276.329
9.6 8 276.262
9.6 8.2 276.247
9.6 8.4 276.295
9.6 8.6 276.428
9.6 8.8 276.687
9.6 9 277.135
9.6 9.2 277.806
9.6 9.4 278.337
9.6 9.6 278.683
9.6 9.8 278.85
9.6 10 278.85
9.8 0 304.477
9.8 0.2 304.477
9.8 0.4 304.483
9.8 0.6 304.496
9.8 0.8 304.513
9.8 1 304.531
9.8 1.2 304.546
9.8 1.4 304.551
9.8 1.6 304.536
9.8 1.8 304.489
9.8 2 304.395
9.8 2.2 304.238
9.8 2.4 304.001
9.8 2.6 303.674
9.8 2.8 303.246
9.8 3 302.711
9.8 3.2 302.064
9.8 3.4 301.303
9.8 3.6 300.429
9.8 3.8 299.445
9.8 4 298.355
9.8 4.2 297.167
9.8 4.4 295.886
9.8 4.6 294.513
9.8 4.8 293.045
9.8 5 291.466
9.8 5.2 289.748
9.8 5.4 287.841
9.8 5.6 285.649
9.8 5.8 282.971
9.8 6 279.336
9.8 6.2 277.645
9.8 6.4 276.727
9.8 6.6 276.164
9.8 6.8 275.788
9.8 7 275.524
9.8 7.2 275.331
9.8 7.4 275.189
9.8 7.6 275.086
9.8 7.8 275.016
9.8 8 274.979
9.8 8.2 274.977
9.8 8.4 275.021
9.8 8.6 275.138
9.8 8.8 275.39
9.8 9 275.94
9.8 9.2 277.253
9.8 9.4 278.013
9.8 9.6 278.449
9.8 9.8 278.65
9.8 10 278.65
10 0 304.477
10 0.2 304.477
10 0.4 304.483
10 0.6 304.496
10 0.8 304.513
10 1 304.531
10 1.2 304.546
10 1.4 304.551
10 1.6 304.536
10 1.8 304.489
10 2 304.395
10 2.2 304.238
10 2.4 304.001
10 2.6 303.674
10 2.8 303.246
10 3 302.711
10 3.2 302.064
10 3.4 301.303
10 3.6 300.429
10 3.8 299.445
10 4 298.355
10 4.2 297.167
10 4.4 295.886
10 4.6 294.513
10 4.8 293.045
10 5 291.466
10 5.2 289.748
10 5.4 287.841
10 5.6 285.649
10 5.8 282.971
10 6 275.112
10 6.2 274.548
10 6.4 274.242
10 6.6 274.055
10 6.8 273.929
10 7 273.841
10 7.2 273.777
10 7.4 273.73
10 7.6 273.695
10 7.8 273.672
10 8 273.66
10 8.2 273.659
10 8.4 273.674
10 8.6 273.713
10 8.8 273.797
10 9 273.98
10 9.2 277.253
10 9.4 278.013
10 9.6 278.449
10 9.8 278.65
10 10 278.65
