0 0 299.7
0 0.2 299.7
0 0.4 299.691
0 0.6 299.674
0 0.8 299.65
0 1 299.617
0 1.2 299.577
0 1.4 299.53
0 1.6 299.475
0 1.8 299.413
0 2 299.344
0 2.2 299.269
0 2.4 299.187
0 2.6 299.1
0 2.8 299.006
0 3 298.908
0 3.2 298.804
0 3.4 298.696
0 3.6 298.584
0 3.8 298.469
0 4 298.35
0 4.2 298.228
0 4.4 298.105
0 4.6 297.979
0 4.8 297.853
0 5 297.726
0 5.2 297.599
0 5.4 297.472
0 5.6 297.347
0 5.8 297.222
0 6 297.1
0 6.2 296.981
0 6.4 296.865
0 6.6 296.752
0 6.8 296.643
0 7 296.538
0 7.2 296.439
0 7.4 296.345
0 7.6 296.256
0 7.8 296.174
0 8 296.098
0 8.2 296.028
0 8.4 295.966
0 8.6 295.911
0 8.8 295.863
0 9 295.823
0 9.2 295.791
0 9.4 295.767
0 9.6 295.75
0 9.8 295.742
0 10 295.742
0.2 0 299.7
0.2 0.2 299.7
0.2 0.4 299.691
0.2 0.6 299.674
0.2 0.8 299.65
0.2 1 299.617
0.2 1.2 299.577
0.2 1.4 299.53
0.2 1.6 299.475
0.2 1.8 299.413
0.2 2 299.344
0.2 2.2 299.269
0.2 2.4 299.187
0.2 2.6 299.1
0.2 2.8 299.006
0.2 3 298.908
0.2 3.2 298.804
0.2 3.4 298.696
0.2 3.6 298.584
0.2 3.8 298.469
0.2 4 298.35
0.2 4.2 298.228
0.2 4.4 298.105
0.2 4.6 297.979
0.2 4.8 297.853
0.2 5 297.726
0.2 5.2 297.599
0.2 5.4 297.472
0.2 5.6 297.347
0.2 5.8 297.222
0.2 6 297.1
0.2 6.2 296.981
0.2 6.4 296.865
0.2 6.6 296.752
0.2 6.8 296.643
0.2 7 296.538
0.2 7.2 296.439
0.2 7.4 296.345
0.2 7.6 296.256
0.2 7.8 296.174
0.2 8 296.098
0.2 8.2 296.028
0.2 8.4 295.966
0.2 8.6 295.911
0.2 8.8 295.863
0.2 9 295.823
0.2 9.2 295.791
0.2 9.4 295.767
0.2 9.6 295.75
0.2 9.8 295.742
0.2 10 295.742
0.4 0 299.702
0.4 0.2 299.702
0.4 0.4 299.694
0.4 0.6 299.677
0.4 0.8 299.652
0.4 1 299.619
0.4 1.2 299.579
0.4 1.4 299.532
0.4 1.6 299.477
0.4 1.8 299.415
0.4 2 299.346
0.4 2.2 299.27
0.4 2.4 299.188
0.4 2.6 299.1
0.4 2.8 299.006
0.4 3 298.908
0.4 3.2 298.804
0.4 3.4 298.695
0.4 3.6 298.583
0.4 3.8 298.467
0.4 4 298.347
0.4 4.2 298.225
0.4 4.4 298.101
0.4 4.6 297.975
0.4 4.8 297.849
0.4 5 297.721
0.4 5.2 297.593
0.4 5.4 297.466
0.4 5.6 297.34
0.4 5.8 297.216
0.4 6 297.093
0.4 6.2 296.973
0.4 6.4 296.856
0.4 6.6 296.743
0.4 6.8 296.634
0.4 7 296.529
0.4 7.2 296.429
0.4 7.4 296.334
0.4 7.6 296.245
0.4 7.8 296.163
0.4 8 296.086
0.4 8.2 296.017
0.4 8.4 295.954
0.4 8.6 295.899
0.4 8.8 295.851
0.4 9 295.811
0.4 9.2 295.778
0.4 9.4 295.754
0.4 9.6 295.738
0.4 9.8 295.73
0.4 10 295.73
0.6 0 299.708
0.6 0.2 299.708
0.6 0.4 299.699
0.6 0.6 299.682
0.6 0.8 299.658
0.6 1 299.625
0.6 1.2 299.584
0.6 1.4 299.536
0.6 1.6 299.481
0.6 1.8 299.418
0.6 2 299.349
0.6 2.2 299.273
0.6 2.4 299.19
0.6 2.6 299.102
0.6 2.8 299.007
0.6 3 298.908
0.6 3.2 298.803
0.6 3.4 298.694
0.6 3.6 298.58
0.6 3.8 298.463
0.6 4 298.343
0.6 4.2 298.22
0.6 4.4 298.095
0.6 4.6 297.968
0.6 4.8 297.84
0.6 5 297.712
0.6 5.2 297.583
0.6 5.4 297.455
0.6 5.6 297.328
0.6 5.8 297.202
0.6 6 297.079
0.6 6.2 296.958
0.6 6.4 296.84
0.6 6.6 296.726
0.6 6.8 296.616
0.6 7 296.51
0.6 7.2 296.409
0.6 7.4 296.314
0.6 7.6 296.225
0.6 7.8 296.141
0.6 8 296.064
0.6 8.2 295.994
0.6 8.4 295.931
0.6 8.6 295.875
0.6 8.8 295.827
0.6 9 295.787
0.6 9.2 295.754
0.6 9.4 295.729
0.6 9.6 295.713
0.6 9.8 295.705
0.6 10 295.705
0.8 0 299.717
0.8 0.2 299.717
0.8 0.4 299.708
0.8 0.6 299.691
0.8 0.8 299.666
0.8 1 299.633
0.8 1.2 299.592
0.8 1.4 299.544
0.8 1.6 299.488
0.8 1.8 299.425
0.8 2 299.355
0.8 2.2 299.278
0.8 2.4 299.194
0.8 2.6 299.105
0.8 2.8 299.009
0.8 3 298.908
0.8 3.2 298.803
0.8 3.4 298.692
0.8 3.6 298.577
0.8 3.8 298.459
0.8 4 298.337
0.8 4.2 298.213
0.8 4.4 298.087
0.8 4.6 297.958
0.8 4.8 297.829
0.8 5 297.699
0.8 5.2 297.569
0.8 5.4 297.439
0.8 5.6 297.31
0.8 5.8 297.183
0.8 6 297.058
0.8 6.2 296.936
0.8 6.4 296.817
0.8 6.6 296.701
0.8 6.8 296.589
0.8 7 296.483
0.8 7.2 296.381
0.8 7.4 296.284
0.8 7.6 296.194
0.8 7.8 296.109
0.8 8 296.031
0.8 8.2 295.96
0.8 8.4 295.897
0.8 8.6 295.84
0.8 8.8 295.792
0.8 9 295.751
0.8 9.2 295.718
0.8 9.4 295.693
0.8 9.6 295.676
0.8 9.8 295.668
0.8 10 295.668
1 0 299.73
1 0.2 299.73
1 0.4 299.721
1 0.6 299.704
1 0.8 299.678
1 1 299.645
1 1.2 299.604
1 1.4 299.554
1 1.6 299.498
1 1.8 299.434
1 2 299.363
1 2.2 299.284
1 2.4 299.2
1 2.6 299.109
1 2.8 299.012
1 3 298.91
1 3.2 298.803
1 3.4 298.69
1 3.6 298.574
1 3.8 298.454
1 4 298.33
1 4.2 298.204
1 4.4 298.075
1 4.6 297.945
1 4.8 297.814
1 5 297.681
1 5.2 297.549
1 5.4 297.417
1 5.6 297.287
1 5.8 297.158
1 6 297.031
1 6.2 296.906
1 6.4 296.785
1 6.6 296.668
1 6.8 296.555
1 7 296.446
1 7.2 296.343
1 7.4 296.245
1 7.6 296.153
1 7.8 296.067
1 8 295.988
1 8.2 295.916
1 8.4 295.851
1 8.6 295.794
1 8.8 295.744
1 9 295.703
1 9.2 295.669
1 9.4 295.644
1 9.6 295.627
1 9.8 295.619
1 10 295.619
1.2 0 299.747
1.2 0.2 299.747
1.2 0.4 299.738
1.2 0.6 299.72
1.2 0.8 299.694
1.2 1 299.66
1.2 1.2 299.618
1.2 1.4 299.568
1.2 1.6 299.51
1.2 1.8 299.445
1.2 2 299.373
1.2 2.2 299.293
1.2 2.4 299.207
1.2 2.6 299.115
1.2 2.8 299.016
1.2 3 298.912
1.2 3.2 298.803
1.2 3.4 298.688
1.2 3.6 298.57
1.2 3.8 298.447
1.2 4 298.322
1.2 4.2 298.193
1.2 4.4 298.062
1.2 4.6 297.929
1.2 4.8 297.795
1.2 5 297.66
1.2 5.2 297.525
1.2 5.4 297.391
1.2 5.6 297.258
1.2 5.8 297.126
1.2 6 296.996
1.2 6.2 296.87
1.2 6.4 296.746
1.2 6.6 296.626
1.2 6.8 296.511
1.2 7 296.4
1.2 7.2 296.295
1.2 7.4 296.195
1.2 7.6 296.101
1.2 7.8 296.014
1.2 8 295.934
1.2 8.2 295.86
1.2 8.4 295.794
1.2 8.6 295.736
1.2 8.8 295.685
1.2 9 295.643
1.2 9.2 295.609
1.2 9.4 295.583
1.2 9.6 295.566
1.2 9.8 295.558
1.2 10 295.558
1.4 0 299.767
1.4 0.2 299.767
1.4 0.4 299.758
1.4 0.6 299.74
1.4 0.8 299.713
1.4 1 299.679
1.4 1.2 299.636
1.4 1.4 299.585
1.4 1.6 299.526
1.4 1.8 299.46
1.4 2 299.386
1.4 2.2 299.305
1.4 2.4 299.217
1.4 2.6 299.122
1.4 2.8 299.022
1.4 3 298.915
1.4 3.2 298.803
1.4 3.4 298.687
1.4 3.6 298.565
1.4 3.8 298.44
1.4 4 298.311
1.4 4.2 298.18
1.4 4.4 298.046
1.4 4.6 297.91
1.4 4.8 297.773
1.4 5 297.635
1.4 5.2 297.497
1.4 5.4 297.359
1.4 5.6 297.223
1.4 5.8 297.088
1.4 6 296.956
1.4 6.2 296.826
1.4 6.4 296.699
1.4 6.6 296.577
1.4 6.8 296.459
1.4 7 296.346
1.4 7.2 296.238
1.4 7.4 296.136
1.4 7.6 296.04
1.4 7.8 295.95
1.4 8 295.868
1.4 8.2 295.793
1.4 8.4 295.726
1.4 8.6 295.666
1.4 8.8 295.614
1.4 9 295.571
1.4 9.2 295.536
1.4 9.4 295.51
1.4 9.6 295.493
1.4 9.8 295.484
1.4 10 295.484
1.6 0 299.791
1.6 0.2 299.791
1.6 0.4 299.782
1.6 0.6 299.763
1.6 0.8 299.737
1.6 1 299.701
1.6 1.2 299.657
1.6 1.4 299.605
1.6 1.6 299.545
1.6 1.8 299.477
1.6 2 299.401
1.6 2.2 299.318
1.6 2.4 299.228
1.6 2.6 299.132
1.6 2.8 299.029
1.6 3 298.919
1.6 3.2 298.805
1.6 3.4 298.685
1.6 3.6 298.561
1.6 3.8 298.432
1.6 4 298.3
1.6 4.2 298.165
1.6 4.4 298.027
1.6 4.6 297.888
1.6 4.8 297.747
1.6 5 297.605
1.6 5.2 297.464
1.6 5.4 297.322
1.6 5.6 297.182
1.6 5.8 297.044
1.6 6 296.908
1.6 6.2 296.775
1.6 6.4 296.645
1.6 6.6 296.519
1.6 6.8 296.398
1.6 7 296.282
1.6 7.2 296.171
1.6 7.4 296.066
1.6 7.6 295.968
1.6 7.8 295.876
1.6 8 295.792
1.6 8.2 295.715
1.6 8.4 295.645
1.6 8.6 295.584
1.6 8.8 295.532
1.6 9 295.487
1.6 9.2 295.451
1.6 9.4 295.425
1.6 9.6 295.407
1.6 9.8 295.398
1.6 10 295.398
1.8 0 299.82
1.8 0.2 299.82
1.8 0.4 299.81
1.8 0.6 299.791
1.8 0.8 299.764
1.8 1 299.727
1.8 1.2 299.683
1.8 1.4 299.629
1.8 1.6 299.567
1.8 1.8 299.498
1.8 2 299.42
1.8 2.2 299.335
1.8 2.4 299.242
1.8 2.6 299.143
1.8 2.8 299.037
1.8 3 298.925
1.8 3.2 298.807
1.8 3.4 298.684
1.8 3.6 298.556
1.8 3.8 298.424
1.8 4 298.288
1.8 4.2 298.148
1.8 4.4 298.007
1.8 4.6 297.863
1.8 4.8 297.718
1.8 5 297.572
1.8 5.2 297.426
1.8 5.4 297.28
1.8 5.6 297.136
1.8 5.8 296.993
1.8 6 296.853
1.8 6.2 296.716
1.8 6.4 296.582
1.8 6.6 296.453
1.8 6.8 296.328
1.8 7 296.208
1.8 7.2 296.094
1.8 7.4 295.986
1.8 7.6 295.885
1.8 7.8 295.791
1.8 8 295.704
1.8 8.2 295.625
1.8 8.4 295.553
1.8 8.6 295.491
1.8 8.8 295.436
1.8 9 295.391
1.8 9.2 295.354
1.8 9.4 295.326
1.8 9.6 295.308
1.8 9.8 295.299
1.8 10 295.299
2 0 299.853
2 0.2 299.853
2 0.4 299.843
2 0.6 299.824
2 0.8 299.795
2 1 299.758
2 1.2 299.712
2 1.4 299.657
2 1.6 299.594
2 1.8 299.522
2 2 299.442
2 2.2 299.354
2 2.4 299.259
2 2.6 299.157
2 2.8 299.047
2 3 298.932
2 3.2 298.81
2 3.4 298.683
2 3.6 298.551
2 3.8 298.414
2 4 298.274
2 4.2 298.13
2 4.4 297.984
2 4.6 297.835
2 4.8 297.685
2 5 297.534
2 5.2 297.384
2 5.4 297.233
2 5.6 297.084
2 5.8 296.937
2 6 296.792
2 6.2 296.65
2 6.4 296.512
2 6.6 296.378
2 6.8 296.249
2 7 296.125
2 7.2 296.007
2 7.4 295.896
2 7.6 295.792
2 7.8 295.694
2 8 295.605
2 8.2 295.523
2 8.4 295.449
2 8.6 295.385
2 8.8 295.329
2 9 295.281
2 9.2 295.244
2 9.4 295.215
2 9.6 295.196
2 9.8 295.187
2 10 295.187
2.2 0 299.89
2.2 0.2 299.89
2.2 0.4 299.88
2.2 0.6 299.86
2.2 0.8 299.831
2.2 1 299.793
2.2 1.2 299.745
2.2 1.4 299.689
2.2 1.6 299.624
2.2 1.8 299.55
2.2 2 299.467
2.2 2.2 299.377
2.2 2.4 299.278
2.2 2.6 299.173
2.2 2.8 299.06
2.2 3 298.94
2.2 3.2 298.815
2.2 3.4 298.683
2.2 3.6 298.546
2.2 3.8 298.405
2.2 4 298.26
2.2 4.2 298.111
2.2 4.4 297.959
2.2 4.6 297.805
2.2 4.8 297.65
2.2 5 297.493
2.2 5.2 297.337
2.2 5.4 297.181
2.2 5.6 297.026
2.2 5.8 296.873
2.2 6 296.723
2.2 6.2 296.576
2.2 6.4 296.433
2.2 6.6 296.294
2.2 6.8 296.161
2.2 7 296.032
2.2 7.2 295.911
2.2 7.4 295.795
2.2 7.6 295.687
2.2 7.8 295.586
2.2 8 295.493
2.2 8.2 295.409
2.2 8.4 295.333
2.2 8.6 295.266
2.2 8.8 295.208
2.2 9 295.159
2.2 9.2 295.12
2.2 9.4 295.091
2.2 9.6 295.071
2.2 9.8 295.061
2.2 10 295.061
2.4 0 299.933
2.4 0.2 299.933
2.4 0.4 299.922
2.4 0.6 299.902
2.4 0.8 299.872
2.4 1 299.832
2.4 1.2 299.783
2.4 1.4 299.725
2.4 1.6 299.658
2.4 1.8 299.581
2.4 2 299.496
2.4 2.2 299.403
2.4 2.4 299.301
2.4 2.6 299.192
2.4 2.8 299.075
2.4 3 298.951
2.4 3.2 298.821
2.4 3.4 298.684
2.4 3.6 298.542
2.4 3.8 298.396
2.4 4 298.245
2.4 4.2 298.09
2.4 4.4 297.932
2.4 4.6 297.772
2.4 4.8 297.611
2.4 5 297.448
2.4 5.2 297.285
2.4 5.4 297.123
2.4 5.6 296.962
2.4 5.8 296.804
2.4 6 296.647
2.4 6.2 296.495
2.4 6.4 296.346
2.4 6.6 296.202
2.4 6.8 296.063
2.4 7 295.93
2.4 7.2 295.803
2.4 7.4 295.683
2.4 7.6 295.571
2.4 7.8 295.467
2.4 8 295.37
2.4 8.2 295.283
2.4 8.4 295.204
2.4 8.6 295.135
2.4 8.8 295.074
2.4 9 295.024
2.4 9.2 294.984
2.4 9.4 294.953
2.4 9.6 294.933
2.4 9.8 294.922
2.4 10 294.922
2.6 0 299.981
2.6 0.2 299.981
2.6 0.4 299.97
2.6 0.6 299.949
2.6 0.8 299.918
2.6 1 299.877
2.6 1.2 299.827
2.6 1.4 299.766
2.6 1.6 299.697
2.6 1.8 299.617
2.6 2 299.529
2.6 2.2 299.433
2.6 2.4 299.327
2.6 2.6 299.214
2.6 2.8 299.092
2.6 3 298.964
2.6 3.2 298.828
2.6 3.4 298.687
2.6 3.6 298.539
2.6 3.8 298.386
2.6 4 298.229
2.6 4.2 298.068
2.6 4.4 297.904
2.6 4.6 297.737
2.6 4.8 297.568
2.6 5 297.399
2.6 5.2 297.229
2.6 5.4 297.06
2.6 5.6 296.893
2.6 5.8 296.727
2.6 6 296.564
2.6 6.2 296.405
2.6 6.4 296.25
2.6 6.6 296.1
2.6 6.8 295.955
2.6 7 295.817
2.6 7.2 295.685
2.6 7.4 295.561
2.6 7.6 295.444
2.6 7.8 295.335
2.6 8 295.235
2.6 8.2 295.144
2.6 8.4 295.062
2.6 8.6 294.99
2.6 8.8 294.928
2.6 9 294.875
2.6 9.2 294.833
2.6 9.4 294.802
2.6 9.6 294.78
2.6 9.8 294.77
2.6 10 294.77
2.8 0 300.034
2.8 0.2 300.034
2.8 0.4 300.023
2.8 0.6 300.001
2.8 0.8 299.969
2.8 1 299.927
2.8 1.2 299.875
2.8 1.4 299.812
2.8 1.6 299.74
2.8 1.8 299.658
2.8 2 299.567
2.8 2.2 299.467
2.8 2.4 299.357
2.8 2.6 299.239
2.8 2.8 299.113
2.8 3 298.979
2.8 3.2 298.838
2.8 3.4 298.69
2.8 3.6 298.537
2.8 3.8 298.377
2.8 4 298.213
2.8 4.2 298.045
2.8 4.4 297.873
2.8 4.6 297.699
2.8 4.8 297.523
2.8 5 297.346
2.8 5.2 297.169
2.8 5.4 296.992
2.8 5.6 296.817
2.8 5.8 296.644
2.8 6 296.474
2.8 6.2 296.308
2.8 6.4 296.146
2.8 6.6 295.989
2.8 6.8 295.838
2.8 7 295.694
2.8 7.2 295.556
2.8 7.4 295.426
2.8 7.6 295.304
2.8 7.8 295.191
2.8 8 295.087
2.8 8.2 294.992
2.8 8.4 294.907
2.8 8.6 294.832
2.8 8.8 294.767
2.8 9 294.713
2.8 9.2 294.669
2.8 9.4 294.636
2.8 9.6 294.614
2.8 9.8 294.603
2.8 10 294.603
3 0 300.093
3 0.2 300.093
3 0.4 300.082
3 0.6 300.06
3 0.8 300.027
3 1 299.983
3 1.2 299.929
3 1.4 299.864
3 1.6 299.789
3 1.8 299.704
3 2 299.61
3 2.2 299.505
3 2.4 299.391
3 2.6 299.269
3 2.8 299.137
3 3 298.998
3 3.2 298.85
3 3.4 298.696
3 3.6 298.535
3 3.8 298.369
3 4 298.197
3 4.2 298.021
3 4.4 297.842
3 4.6 297.659
3 4.8 297.475
3 5 297.289
3 5.2 297.104
3 5.4 296.919
3 5.6 296.735
3 5.8 296.554
3 6 296.376
3 6.2 296.202
3 6.4 296.032
3 6.6 295.868
3 6.8 295.711
3 7 295.559
3 7.2 295.416
3 7.4 295.28
3 7.6 295.153
3 7.8 295.035
3 8 294.926
3 8.2 294.827
3 8.4 294.738
3 8.6 294.66
3 8.8 294.592
3 9 294.536
3 9.2 294.49
3 9.4 294.456
3 9.6 294.433
3 9.8 294.421
3 10 294.421
3.2 0 300.159
3.2 0.2 300.159
3.2 0.4 300.147
3.2 0.6 300.124
3.2 0.8 300.09
3.2 1 300.045
3.2 1.2 299.989
3.2 1.4 299.922
3.2 1.6 299.844
3.2 1.8 299.756
3.2 2 299.657
3.2 2.2 299.549
3.2 2.4 299.43
3.2 2.6 299.302
3.2 2.8 299.165
3.2 3 299.019
3.2 3.2 298.866
3.2 3.4 298.704
3.2 3.6 298.536
3.2 3.8 298.362
3.2 4 298.182
3.2 4.2 297.997
3.2 4.4 297.809
3.2 4.6 297.617
3.2 4.8 297.424
3.2 5 297.229
3.2 5.2 297.034
3.2 5.4 296.84
3.2 5.6 296.647
3.2 5.8 296.457
3.2 6 296.27
3.2 6.2 296.087
3.2 6.4 295.91
3.2 6.6 295.738
3.2 6.8 295.572
3.2 7 295.414
3.2 7.2 295.264
3.2 7.4 295.122
3.2 7.6 294.989
3.2 7.8 294.865
3.2 8 294.752
3.2 8.2 294.648
3.2 8.4 294.555
3.2 8.6 294.474
3.2 8.8 294.403
3.2 9 294.344
3.2 9.2 294.296
3.2 9.4 294.261
3.2 9.6 294.237
3.2 9.8 294.225
3.2 10 294.225
3.4 0 300.231
3.4 0.2 300.231
3.4 0.4 300.219
3.4 0.6 300.195
3.4 0.8 300.16
3.4 1 300.113
3.4 1.2 300.055
3.4 1.4 299.986
3.4 1.6 299.905
3.4 1.8 299.813
3.4 2 299.711
3.4 2.2 299.598
3.4 2.4 299.474
3.4 2.6 299.341
3.4 2.8 299.198
3.4 3 299.045
3.4 3.2 298.884
3.4 3.4 298.715
3.4 3.6 298.539
3.4 3.8 298.356
3.4 4 298.167
3.4 4.2 297.973
3.4 4.4 297.775
3.4 4.6 297.573
3.4 4.8 297.37
3.4 5 297.165
3.4 5.2 296.96
3.4 5.4 296.756
3.4 5.6 296.553
3.4 5.8 296.353
3.4 6 296.156
3.4 6.2 295.964
3.4 6.4 295.778
3.4 6.6 295.597
3.4 6.8 295.424
3.4 7 295.257
3.4 7.2 295.1
3.4 7.4 294.951
3.4 7.6 294.812
3.4 7.8 294.682
3.4 8 294.563
3.4 8.2 294.455
3.4 8.4 294.358
3.4 8.6 294.273
3.4 8.8 294.199
3.4 9 294.137
3.4 9.2 294.087
3.4 9.4 294.05
3.4 9.6 294.025
3.4 9.8 294.013
3.4 10 294.013
3.6 0 300.311
3.6 0.2 300.311
3.6 0.4 300.298
3.6 0.6 300.274
3.6 0.8 300.237
3.6 1 300.189
3.6 1.2 300.128
3.6 1.4 300.057
3.6 1.6 299.973
3.6 1.8 299.878
3.6 2 299.771
3.6 2.2 299.653
3.6 2.4 299.524
3.6 2.6 299.385
3.6 2.8 299.235
3.6 3 299.076
3.6 3.2 298.907
3.6 3.4 298.729
3.6 3.6 298.544
3.6 3.8 298.352
3.6 4 298.153
3.6 4.2 297.949
3.6 4.4 297.74
3.6 4.6 297.528
3.6 4.8 297.313
3.6 5 297.097
3.6 5.2 296.881
3.6 5.4 296.666
3.6 5.6 296.452
3.6 5.8 296.241
3.6 6 296.035
3.6 6.2 295.832
3.6 6.4 295.636
3.6 6.6 295.446
3.6 6.8 295.263
3.6 7 295.089
3.6 7.2 294.923
3.6 7.4 294.767
3.6 7.6 294.621
3.6 7.8 294.485
3.6 8 294.36
3.6 8.2 294.247
3.6 8.4 294.146
3.6 8.6 294.056
3.6 8.8 293.979
3.6 9 293.915
3.6 9.2 293.863
3.6 9.4 293.824
3.6 9.6 293.798
3.6 9.8 293.785
3.6 10 293.785
3.8 0 300.398
3.8 0.2 300.398
3.8 0.4 300.385
3.8 0.6 300.359
3.8 0.8 300.322
3.8 1 300.272
3.8 1.2 300.209
3.8 1.4 300.135
3.8 1.6 300.048
3.8 1.8 299.949
3.8 2 299.838
3.8 2.2 299.715
3.8 2.4 299.581
3.8 2.6 299.435
3.8 2.8 299.278
3.8 3 299.111
3.8 3.2 298.934
3.8 3.4 298.747
3.8 3.6 298.552
3.8 3.8 298.35
3.8 4 298.14
3.8 4.2 297.925
3.8 4.4 297.705
3.8 4.6 297.481
3.8 4.8 297.254
3.8 5 297.026
3.8 5.2 296.798
3.8 5.4 296.57
3.8 5.6 296.345
3.8 5.8 296.122
3.8 6 295.904
3.8 6.2 295.691
3.8 6.4 295.484
3.8 6.6 295.284
3.8 6.8 295.091
3.8 7 294.908
3.8 7.2 294.734
3.8 7.4 294.569
3.8 7.6 294.416
3.8 7.8 294.274
3.8 8 294.143
3.8 8.2 294.024
3.8 8.4 293.918
3.8 8.6 293.824
3.8 8.8 293.744
3.8 9 293.676
3.8 9.2 293.622
3.8 9.4 293.581
3.8 9.6 293.554
3.8 9.8 293.54
3.8 10 293.54
4 0 300.493
4 0.2 300.493
4 0.4 300.479
4 0.6 300.453
4 0.8 300.414
4 1 300.363
4 1.2 300.298
4 1.4 300.221
4 1.6 300.131
4 1.8 300.028
4 2 299.913
4 2.2 299.785
4 2.4 299.644
4 2.6 299.492
4 2.8 299.328
4 3 299.152
4 3.2 298.966
4 3.4 298.77
4 3.6 298.564
4 3.8 298.351
4 4 298.129
4 4.2 297.902
4 4.4 297.669
4 4.6 297.432
4 4.8 297.193
4 5 296.952
4 5.2 296.71
4 5.4 296.469
4 5.6 296.231
4 5.8 295.996
4 6 295.765
4 6.2 295.54
4 6.4 295.321
4 6.6 295.11
4 6.8 294.907
4 7 294.714
4 7.2 294.53
4 7.4 294.358
4 7.6 294.196
4 7.8 294.047
4 8 293.91
4 8.2 293.785
4 8.4 293.674
4 8.6 293.576
4 8.8 293.491
4 9 293.421
4 9.2 293.364
4 9.4 293.321
4 9.6 293.293
4 9.8 293.279
4 10 293.279
4.2 0 300.596
4.2 0.2 300.596
4.2 0.4 300.582
4.2 0.6 300.555
4.2 0.8 300.515
4.2 1 300.462
4.2 1.2 300.395
4.2 1.4 300.316
4.2 1.6 300.222
4.2 1.8 300.116
4.2 2 299.996
4.2 2.2 299.862
4.2 2.4 299.716
4.2 2.6 299.556
4.2 2.8 299.384
4.2 3 299.2
4.2 3.2 299.004
4.2 3.4 298.798
4.2 3.6 298.581
4.2 3.8 298.355
4.2 4 298.121
4.2 4.2 297.88
4.2 4.4 297.634
4.2 4.6 297.383
4.2 4.8 297.129
4.2 5 296.873
4.2 5.2 296.617
4.2 5.4 296.362
4.2 5.6 296.11
4.2 5.8 295.861
4.2 6 295.616
4.2 6.2 295.378
4.2 6.4 295.147
4.2 6.6 294.924
4.2 6.8 294.71
4.2 7 294.506
4.2 7.2 294.313
4.2 7.4 294.131
4.2 7.6 293.962
4.2 7.8 293.804
4.2 8 293.66
4.2 8.2 293.53
4.2 8.4 293.413
4.2 8.6 293.31
4.2 8.8 293.222
4.2 9 293.148
4.2 9.2 293.089
4.2 9.4 293.044
4.2 9.6 293.015
4.2 9.8 293
4.2 10 293
4.4 0 300.708
4.4 0.2 300.708
4.4 0.4 300.694
4.4 0.6 300.666
4.4 0.8 300.625
4.4 1 300.57
4.4 1.2 300.502
4.4 1.4 300.419
4.4 1.6 300.323
4.4 1.8 300.212
4.4 2 300.088
4.4 2.2 299.949
4.4 2.4 299.796
4.4 2.6 299.629
4.4 2.8 299.449
4.4 3 299.255
4.4 3.2 299.049
4.4 3.4 298.831
4.4 3.6 298.602
4.4 3.8 298.363
4.4 4 298.116
4.4 4.2 297.861
4.4 4.4 297.599
4.4 4.6 297.333
4.4 4.8 297.063
4.4 5 296.792
4.4 5.2 296.52
4.4 5.4 296.249
4.4 5.6 295.981
4.4 5.8 295.717
4.4 6 295.458
4.4 6.2 295.206
4.4 6.4 294.961
4.4 6.6 294.726
4.4 6.8 294.5
4.4 7 294.284
4.4 7.2 294.081
4.4 7.4 293.889
4.4 7.6 293.711
4.4 7.8 293.546
4.4 8 293.394
4.4 8.2 293.257
4.4 8.4 293.135
4.4 8.6 293.027
4.4 8.8 292.935
4.4 9 292.858
4.4 9.2 292.796
4.4 9.4 292.749
4.4 9.6 292.718
4.4 9.8 292.702
4.4 10 292.702
4.6 0 300.829
4.6 0.2 300.829
4.6 0.4 300.814
4.6 0.6 300.786
4.6 0.8 300.744
4.6 1 300.688
4.6 1.2 300.618
4.6 1.4 300.533
4.6 1.6 300.433
4.6 1.8 300.319
4.6 2 300.19
4.6 2.2 300.046
4.6 2.4 299.886
4.6 2.6 299.712
4.6 2.8 299.523
4.6 3 299.319
4.6 3.2 299.102
4.6 3.4 298.872
4.6 3.6 298.63
4.6 3.8 298.377
4.6 4 298.114
4.6 4.2 297.843
4.6 4.4 297.565
4.6 4.6 297.282
4.6 4.8 296.996
4.6 5 296.707
4.6 5.2 296.418
4.6 5.4 296.13
4.6 5.6 295.845
4.6 5.8 295.565
4.6 6 295.29
4.6 6.2 295.022
4.6 6.4 294.763
4.6 6.6 294.514
4.6 6.8 294.275
4.6 7 294.048
4.6 7.2 293.833
4.6 7.4 293.631
4.6 7.6 293.443
4.6 7.8 293.27
4.6 8 293.111
4.6 8.2 292.967
4.6 8.4 292.839
4.6 8.6 292.726
4.6 8.8 292.629
4.6 9 292.548
4.6 9.2 292.484
4.6 9.4 292.435
4.6 9.6 292.403
4.6 9.8 292.386
4.6 10 292.386
4.8 0 300.959
4.8 0.2 300.959
4.8 0.4 300.945
4.8 0.6 300.916
4.8 0.8 300.873
4.8 1 300.816
4.8 1.2 300.744
4.8 1.4 300.657
4.8 1.6 300.555
4.8 1.8 300.437
4.8 2 300.303
4.8 2.2 300.153
4.8 2.4 299.987
4.8 2.6 299.805
4.8 2.8 299.606
4.8 3 299.393
4.8 3.2 299.164
4.8 3.4 298.921
4.8 3.6 298.664
4.8 3.8 298.396
4.8 4 298.117
4.8 4.2 297.829
4.8 4.4 297.533
4.8 4.6 297.232
4.8 4.8 296.926
4.8 5 296.619
4.8 5.2 296.311
4.8 5.4 296.005
4.8 5.6 295.701
4.8 5.8 295.403
4.8 6 295.111
4.8 6.2 294.827
4.8 6.4 294.552
4.8 6.6 294.288
4.8 6.8 294.035
4.8 7 293.795
4.8 7.2 293.568
4.8 7.4 293.356
4.8 7.6 293.158
4.8 7.8 292.975
4.8 8 292.809
4.8 8.2 292.658
4.8 8.4 292.524
4.8 8.6 292.406
4.8 8.8 292.305
4.8 9 292.22
4.8 9.2 292.152
4.8 9.4 292.102
4.8 9.6 292.068
4.8 9.8 292.051
4.8 10 292.051
5 0 301.099
5 0.2 301.099
5 0.4 301.084
5 0.6 301.055
5 0.8 301.012
5 1 300.954
5 1.2 300.881
5 1.4 300.792
5 1.6 300.687
5 1.8 300.566
5 2 300.428
5 2.2 300.273
5 2.4 300.1
5 2.6 299.91
5 2.8 299.702
5 3 299.477
5 3.2 299.236
5 3.4 298.979
5 3.6 298.707
5 3.8 298.422
5 4 298.125
5 4.2 297.818
5 4.4 297.503
5 4.6 297.181
5 4.8 296.855
5 5 296.527
5 5.2 296.199
5 5.4 295.872
5 5.6 295.549
5 5.8 295.231
5 6 294.921
5 6.2 294.619
5 6.4 294.328
5 6.6 294.047
5 6.8 293.78
5 7 293.526
5 7.2 293.287
5 7.4 293.062
5 7.6 292.854
5 7.8 292.662
5 8 292.487
5 8.2 292.329
5 8.4 292.189
5 8.6 292.066
5 8.8 291.96
5 9 291.872
5 9.2 291.801
5 9.4 291.748
5 9.6 291.713
5 9.8 291.696
5 10 291.696
5.2 0 301.249
5.2 0.2 301.249
5.2 0.4 301.234
5.2 0.6 301.205
5.2 0.8 301.161
5.2 1 301.103
5.2 1.2 301.029
5.2 1.4 300.939
5.2 1.6 300.832
5.2 1.8 300.708
5.2 2 300.566
5.2 2.2 300.406
5.2 2.4 300.227
5.2 2.6 300.028
5.2 2.8 299.811
5.2 3 299.574
5.2 3.2 299.319
5.2 3.4 299.047
5.2 3.6 298.759
5.2 3.8 298.456
5.2 4 298.139
5.2 4.2 297.812
5.2 4.4 297.475
5.2 4.6 297.131
5.2 4.8 296.783
5.2 5 296.432
5.2 5.2 296.081
5.2 5.4 295.733
5.2 5.6 295.388
5.2 5.8 295.049
5.2 6 294.719
5.2 6.2 294.398
5.2 6.4 294.088
5.2 6.6 293.791
5.2 6.8 293.507
5.2 7 293.239
5.2 7.2 292.986
5.2 7.4 292.75
5.2 7.6 292.531
5.2 7.8 292.329
5.2 8 292.146
5.2 8.2 291.98
5.2 8.4 291.833
5.2 8.6 291.705
5.2 8.8 291.595
5.2 9 291.503
5.2 9.2 291.429
5.2 9.4 291.375
5.2 9.6 291.338
5.2 9.8 291.32
5.2 10 291.32
5.4 0 301.409
5.4 0.2 301.409
5.4 0.4 301.394
5.4 0.6 301.365
5.4 0.8 301.322
5.4 1 301.263
5.4 1.2 301.189
5.4 1.4 301.098
5.4 1.6 300.991
5.4 1.8 300.864
5.4 2 300.719
5.4 2.2 300.554
5.4 2.4 300.368
5.4 2.6 300.162
5.4 2.8 299.934
5.4 3 299.686
5.4 3.2 299.417
5.4 3.4 299.128
5.4 3.6 298.822
5.4 3.8 298.499
5.4 4 298.161
5.4 4.2 297.811
5.4 4.4 297.451
5.4 4.6 297.083
5.4 4.8 296.71
5.4 5 296.334
5.4 5.2 295.958
5.4 5.4 295.585
5.4 5.6 295.217
5.4 5.8 294.856
5.4 6 294.503
5.4 6.2 294.162
5.4 6.4 293.832
5.4 6.6 293.517
5.4 6.8 293.217
5.4 7 292.933
5.4 7.2 292.666
5.4 7.4 292.417
5.4 7.6 292.187
5.4 7.8 291.976
5.4 8 291.783
5.4 8.2 291.61
5.4 8.4 291.457
5.4 8.6 291.322
5.4 8.8 291.208
5.4 9 291.112
5.4 9.2 291.036
5.4 9.4 290.979
5.4 9.6 290.941
5.4 9.8 290.922
5.4 10 290.922
5.6 0 301.578
5.6 0.2 301.578
5.6 0.4 301.563
5.6 0.6 301.535
5.6 0.8 301.492
5.6 1 301.435
5.6 1.2 301.361
5.6 1.4 301.271
5.6 1.6 301.163
5.6 1.8 301.036
5.6 2 300.888
5.6 2.2 300.719
5.6 2.4 300.527
5.6 2.6 300.312
5.6 2.8 300.075
5.6 3 299.813
5.6 3.2 299.53
5.6 3.4 299.224
5.6 3.6 298.898
5.6 3.8 298.553
5.6 4 298.192
5.6 4.2 297.817
5.6 4.4 297.43
5.6 4.6 297.035
5.6 4.8 296.635
5.6 5 296.232
5.6 5.2 295.83
5.6 5.4 295.43
5.6 5.6 295.036
5.6 5.8 294.65
5.6 6 294.274
5.6 6.2 293.91
5.6 6.4 293.56
5.6 6.6 293.225
5.6 6.8 292.907
5.6 7 292.607
5.6 7.2 292.325
5.6 7.4 292.063
5.6 7.6 291.821
5.6 7.8 291.599
5.6 8 291.398
5.6 8.2 291.217
5.6 8.4 291.057
5.6 8.6 290.918
5.6 8.8 290.799
5.6 9 290.7
5.6 9.2 290.621
5.6 9.4 290.562
5.6 9.6 290.523
5.6 9.8 290.503
5.6 10 290.503
5.8 0 301.757
5.8 0.2 301.757
5.8 0.4 301.743
5.8 0.6 301.715
5.8 0.8 301.674
5.8 1 301.618
5.8 1.2 301.547
5.8 1.4 301.458
5.8 1.6 301.35
5.8 1.8 301.223
5.8 2 301.074
5.8 2.2 300.901
5.8 2.4 300.705
5.8 2.6 300.483
5.8 2.8 300.234
5.8 3 299.96
5.8 3.2 299.66
5.8 3.4 299.336
5.8 3.6 298.988
5.8 3.8 298.62
5.8 4 298.233
5.8 4.2 297.83
5.8 4.4 297.415
5.8 4.6 296.99
5.8 4.8 296.56
5.8 5 296.127
5.8 5.2 295.694
5.8 5.4 295.266
5.8 5.6 294.844
5.8 5.8 294.431
5.8 6 294.029
5.8 6.2 293.641
5.8 6.4 293.268
5.8 6.6 292.913
5.8 6.8 292.576
5.8 7 292.259
5.8 7.2 291.962
5.8 7.4 291.686
5.8 7.6 291.432
5.8 7.8 291.2
5.8 8 290.99
5.8 8.2 290.801
5.8 8.4 290.635
5.8 8.6 290.49
5.8 8.8 290.367
5.8 9 290.264
5.8 9.2 290.183
5.8 9.4 290.122
5.8 9.6 290.082
5.8 9.8 290.062
5.8 10 290.062
6 0 301.944
6 0.2 301.944
6 0.4 301.931
6 0.6 301.906
6 0.8 301.867
6 1 301.813
6 1.2 301.745
6 1.4 301.659
6 1.6 301.554
6 1.8 301.428
6 2 301.279
6 2.2 301.105
6 2.4 300.904
6 2.6 300.675
6 2.8 300.416
6 3 300.129
6 3.2 299.812
6 3.4 299.467
6 3.6 299.096
6 3.8 298.701
6 4 298.286
6 4.2 297.852
6 4.4 297.405
6 4.6 296.947
6 4.8 296.483
6 5 296.017
6 5.2 295.552
6 5.4 295.092
6 5.6 294.639
6 5.8 294.197
6 6 293.767
6 6.2 293.354
6 6.4 292.957
6 6.6 292.58
6 6.8 292.223
6 7 291.887
6 7.2 291.575
6 7.4 291.285
6 7.6 291.018
6 7.8 290.775
6 8 290.556
6 8.2 290.36
6 8.4 290.188
6 8.6 290.038
6 8.8 289.911
6 9 289.805
6 9.2 289.722
6 9.4 289.659
6 9.6 289.618
6 9.8 289.597
6 10 289.597
6.2 0 302.14
6.2 0.2 302.14
6.2 0.4 302.128
6.2 0.6 302.105
6.2 0.8 302.069
6.2 1 302.02
6.2 1.2 301.956
6.2 1.4 301.875
6.2 1.6 301.774
6.2 1.8 301.652
6.2 2 301.505
6.2 2.2 301.331
6.2 2.4 301.127
6.2 2.6 300.892
6.2 2.8 300.624
6.2 3 300.322
6.2 3.2 299.988
6.2 3.4 299.621
6.2 3.6 299.224
6.2 3.8 298.8
6.2 4 298.352
6.2 4.2 297.885
6.2 4.4 297.401
6.2 4.6 296.907
6.2 4.8 296.406
6.2 5 295.903
6.2 5.2 295.402
6.2 5.4 294.907
6.2 5.6 294.42
6.2 5.8 293.946
6.2 6 293.487
6.2 6.2 293.046
6.2 6.4 292.624
6.2 6.6 292.223
6.2 6.8 291.845
6.2 7 291.491
6.2 7.2 291.161
6.2 7.4 290.857
6.2 7.6 290.578
6.2 7.8 290.325
6.2 8 290.097
6.2 8.2 289.894
6.2 8.4 289.715
6.2 8.6 289.561
6.2 8.8 289.43
6.2 9 289.322
6.2 9.2 289.237
6.2 9.4 289.173
6.2 9.6 289.131
6.2 9.8 289.11
6.2 10 289.11
6.4 0 302.343
6.4 0.2 302.343
6.4 0.4 302.332
6.4 0.6 302.312
6.4 0.8 302.281
6.4 1 302.237
6.4 1.2 302.18
6.4 1.4 302.106
6.4 1.6 302.013
6.4 1.8 301.897
6.4 2 301.755
6.4 2.2 301.583
6.4 2.4 301.378
6.4 2.6 301.138
6.4 2.8 300.861
6.4 3 300.545
6.4 3.2 300.192
6.4 3.4 299.801
6.4 3.6 299.376
6.4 3.8 298.92
6.4 4 298.436
6.4 4.2 297.929
6.4 4.4 297.406
6.4 4.6 296.87
6.4 4.8 296.328
6.4 5 295.784
6.4 5.2 295.243
6.4 5.4 294.709
6.4 5.6 294.187
6.4 5.8 293.678
6.4 6 293.187
6.4 6.2 292.715
6.4 6.4 292.266
6.4 6.6 291.84
6.4 6.8 291.44
6.4 7 291.066
6.4 7.2 290.72
6.4 7.4 290.401
6.4 7.6 290.109
6.4 7.8 289.846
6.4 8 289.609
6.4 8.2 289.4
6.4 8.4 289.216
6.4 8.6 289.058
6.4 8.8 288.924
6.4 9 288.814
6.4 9.2 288.727
6.4 9.4 288.662
6.4 9.6 288.62
6.4 9.8 288.598
6.4 10 288.598
6.6 0 302.551
6.6 0.2 302.551
6.6 0.4 302.543
6.6 0.6 302.526
6.6 0.8 302.501
6.6 1 302.465
6.6 1.2 302.416
6.6 1.4 302.352
6.6 1.6 302.269
6.6 1.8 302.164
6.6 2 302.03
6.6 2.2 301.864
6.6 2.4 301.661
6.6 2.6 301.418
6.6 2.8 301.133
6.6 3 300.803
6.6 3.2 300.429
6.6 3.4 300.013
6.6 3.6 299.556
6.6 3.8 299.063
6.6 4 298.538
6.6 4.2 297.988
6.6 4.4 297.418
6.6 4.6 296.836
6.6 4.8 296.248
6.6 5 295.659
6.6 5.2 295.074
6.6 5.4 294.498
6.6 5.6 293.935
6.6 5.8 293.389
6.6 6 292.863
6.6 6.2 292.36
6.6 6.4 291.881
6.6 6.6 291.43
6.6 6.8 291.006
6.6 7 290.612
6.6 7.2 290.248
6.6 7.4 289.914
6.6 7.6 289.611
6.6 7.8 289.337
6.6 8 289.093
6.6 8.2 288.877
6.6 8.4 288.689
6.6 8.6 288.527
6.6 8.8 288.391
6.6 9 288.28
6.6 9.2 288.192
6.6 9.4 288.127
6.6 9.6 288.085
6.6 9.8 288.063
6.6 10 288.063
6.8 0 302.763
6.8 0.2 302.763
6.8 0.4 302.757
6.8 0.6 302.745
6.8 0.8 302.727
6.8 1 302.701
6.8 1.2 302.664
6.8 1.4 302.614
6.8 1.6 302.545
6.8 1.8 302.454
6.8 2 302.334
6.8 2.2 302.178
6.8 2.4 301.981
6.8 2.6 301.737
6.8 2.8 301.444
6.8 3 301.101
6.8 3.2 300.705
6.8 3.4 300.26
6.8 3.6 299.768
6.8 3.8 299.234
6.8 4 298.663
6.8 4.2 298.062
6.8 4.4 297.441
6.8 4.6 296.806
6.8 4.8 296.165
6.8 5 295.526
6.8 5.2 294.892
6.8 5.4 294.271
6.8 5.6 293.664
6.8 5.8 293.078
6.8 6 292.515
6.8 6.2 291.977
6.8 6.4 291.467
6.8 6.6 290.988
6.8 6.8 290.541
6.8 7 290.126
6.8 7.2 289.744
6.8 7.4 289.395
6.8 7.6 289.08
6.8 7.8 288.797
6.8 8 288.545
6.8 8.2 288.324
6.8 8.4 288.132
6.8 8.6 287.969
6.8 8.8 287.832
6.8 9 287.72
6.8 9.2 287.633
6.8 9.4 287.568
6.8 9.6 287.526
6.8 9.8 287.505
6.8 10 287.505
7 0 302.976
7 0.2 302.976
7 0.4 302.972
7 0.6 302.967
7 0.8 302.957
7 1 302.943
7 1.2 302.921
7 1.4 302.889
7 1.6 302.841
7 1.8 302.77
7 2 302.669
7 2.2 302.529
7 2.4 302.342
7 2.6 302.101
7 2.8 301.803
7 3 301.446
7 3.2 301.028
7 3.4 300.552
7 3.6 300.02
7 3.8 299.438
7 4 298.813
7 4.2 298.154
7 4.4 297.473
7 4.6 296.778
7 4.8 296.079
7 5 295.383
7 5.2 294.696
7 5.4 294.024
7 5.6 293.371
7 5.8 292.741
7 6 292.137
7 6.2 291.563
7 6.4 291.021
7 6.6 290.512
7 6.8 290.04
7 7 289.603
7 7.2 289.204
7 7.4 288.841
7 7.6 288.514
7 7.8 288.222
7 8 287.964
7 8.2 287.739
7 8.4 287.546
7 8.6 287.381
7 8.8 287.245
7 9 287.134
7 9.2 287.048
7 9.4 286.984
7 9.6 286.943
7 9.8 286.922
7 10 286.922
7.2 0 303.187
7.2 0.2 303.187
7.2 0.4 303.187
7.2 0.6 303.188
7.2 0.8 303.189
7.2 1 303.188
7.2 1.2 303.185
7.2 1.4 303.176
7.2 1.6 303.154
7.2 1.8 303.113
7.2 2 303.04
7.2 2.2 302.924
7.2 2.4 302.753
7.2 2.6 302.519
7.2 2.8 302.218
7.2 3 301.847
7.2 3.2 301.406
7.2 3.4 300.895
7.2 3.6 300.318
7.2 3.8 299.681
7.2 4 298.993
7.2 4.2 298.266
7.2 4.4 297.514
7.2 4.6 296.751
7.2 4.8 295.986
7.2 5 295.228
7.2 5.2 294.483
7.2 5.4 293.756
7.2 5.6 293.052
7.2 5.8 292.374
7.2 6 291.727
7.2 6.2 291.114
7.2 6.4 290.537
7.2 6.6 289.998
7.2 6.8 289.5
7.2 7 289.042
7.2 7.2 288.624
7.2 7.4 288.247
7.2 7.6 287.91
7.2 7.8 287.611
7.2 8 287.349
7.2 8.2 287.122
7.2 8.4 286.927
7.2 8.6 286.764
7.2 8.8 286.629
7.2 9 286.521
7.2 9.2 286.438
7.2 9.4 286.377
7.2 9.6 286.337
7.2 9.8 286.318
7.2 10 286.318
7.4 0 303.393
7.4 0.2 303.393
7.4 0.4 303.396
7.4 0.6 303.405
7.4 0.8 303.417
7.4 1 303.433
7.4 1.2 303.452
7.4 1.4 303.47
7.4 1.6 303.484
7.4 1.8 303.482
7.4 2 303.451
7.4 2.2 303.37
7.4 2.4 303.223
7.4 2.6 303.001
7.4 2.8 302.7
7.4 3 302.316
7.4 3.2 301.849
7.4 3.4 301.301
7.4 3.6 300.673
7.4 3.8 299.973
7.4 4 299.209
7.4 4.2 298.399
7.4 4.4 297.564
7.4 4.6 296.722
7.4 4.8 295.884
7.4 5 295.057
7.4 5.2 294.249
7.4 5.4 293.462
7.4 5.6 292.703
7.4 5.8 291.975
7.4 6 291.281
7.4 6.2 290.626
7.4 6.4 290.012
7.4 6.6 289.442
7.4 6.8 288.917
7.4 7 288.437
7.4 7.2 288.002
7.4 7.4 287.612
7.4 7.6 287.266
7.4 7.8 286.961
7.4 8 286.696
7.4 8.2 286.468
7.4 8.4 286.276
7.4 8.6 286.116
7.4 8.8 285.985
7.4 9 285.882
7.4 9.2 285.803
7.4 9.4 285.746
7.4 9.6 285.709
7.4 9.8 285.691
7.4 10 285.691
7.6 0 303.59
7.6 0.2 303.59
7.6 0.4 303.597
7.6 0.6 303.613
7.6 0.8 303.638
7.6 1 303.671
7.6 1.2 303.715
7.6 1.4 303.766
7.6 1.6 303.824
7.6 1.8 303.878
7.6 2 303.909
7.6 2.2 303.878
7.6 2.4 303.765
7.6 2.6 303.56
7.6 2.8 303.26
7.6 3 302.864
7.6 3.2 302.371
7.6 3.4 301.783
7.6 3.6 301.099
7.6 3.8 300.325
7.6 4 299.469
7.6 4.2 298.554
7.6 4.4 297.619
7.6 4.6 296.686
7.6 4.8 295.767
7.6 5 294.866
7.6 5.2 293.989
7.6 5.4 293.139
7.6 5.6 292.32
7.6 5.8 291.538
7.6 6 290.794
7.6 6.2 290.095
7.6 6.4 289.442
7.6 6.6 288.839
7.6 6.8 288.286
7.6 7 287.784
7.6 7.2 287.333
7.6 7.4 286.932
7.6 7.6 286.578
7.6 7.8 286.269
7.6 8 286.004
7.6 8.2 285.778
7.6 8.4 285.59
7.6 8.6 285.436
7.6 8.8 285.312
7.6 9 285.216
7.6 9.2 285.144
7.6 9.4 285.093
7.6 9.6 285.06
7.6 9.8 285.044
7.6 10 285.044
7.8 0 303.775
7.8 0.2 303.775
7.8 0.4 303.786
7.8 0.6 303.809
7.8 0.8 303.845
7.8 1 303.896
7.8 1.2 303.965
7.8 1.4 304.053
7.8 1.6 304.163
7.8 1.8 304.294
7.8 2 304.422
7.8 2.2 304.462
7.8 2.4 304.392
7.8 2.6 304.207
7.8 2.8 303.911
7.8 3 303.503
7.8 3.2 302.984
7.8 3.4 302.353
7.8 3.6 301.609
7.8 3.8 300.751
7.8 4 299.783
7.8 4.2 298.726
7.8 4.4 297.669
7.8 4.6 296.634
7.8 4.8 295.627
7.8 5 294.648
7.8 5.2 293.699
7.8 5.4 292.782
7.8 5.6 291.9
7.8 5.8 291.058
7.8 6 290.261
7.8 6.2 289.514
7.8 6.4 288.82
7.8 6.6 288.182
7.8 6.8 287.602
7.8 7 287.079
7.8 7.2 286.613
7.8 7.4 286.201
7.8 7.6 285.842
7.8 7.8 285.533
7.8 8 285.269
7.8 8.2 285.049
7.8 8.4 284.868
7.8 8.6 284.723
7.8 8.8 284.61
7.8 9 284.524
7.8 9.2 284.462
7.8 9.4 284.419
7.8 9.6 284.393
7.8 9.8 284.38
7.8 10 284.38
8 0 303.945
8 0.2 303.945
8 0.4 303.959
8 0.6 303.988
8 0.8 304.034
8 1 304.1
8 1.2 304.191
8 1.4 304.314
8 1.6 304.479
8 1.8 304.702
8 2 305.03
8 2.2 305.158
8 2.4 305.133
8 2.6 304.968
8 2.8 304.674
8 3 304.254
8 3.2 303.709
8 3.4 303.038
8 3.6 302.235
8 3.8 301.291
8 4 300.191
8 4.2 298.891
8 4.4 297.693
8 4.6 296.552
8 4.8 295.457
8 5 294.398
8 5.2 293.374
8 5.4 292.386
8 5.6 291.437
8 5.8 290.531
8 6 289.676
8 6.2 288.878
8 6.4 288.14
8 6.6 287.466
8 6.8 286.858
8 7 286.315
8 7.2 285.836
8 7.4 285.417
8 7.6 285.055
8 7.8 284.748
8 8 284.49
8 8.2 284.279
8 8.4 284.109
8 8.6 283.977
8 8.8 283.879
8 9 283.807
8 9.2 283.759
8 9.4 283.728
8 9.6 283.71
8 9.8 283.702
8 10 283.702
8.2 0 304.096
8.2 0.2 304.096
8.2 0.4 304.112
8.2 0.6 304.145
8.2 0.8 304.198
8.2 1 304.275
8.2 1.2 304.381
8.2 1.4 304.529
8.2 1.6 304.732
8.2 1.8 305.012
8.2 2 305.419
8.2 2.2 305.6
8.2 2.4 305.604
8.2 2.6 305.451
8.2 2.8 305.155
8.2 3 304.721
8.2 3.2 304.153
8.2 3.4 303.446
8.2 3.6 302.593
8.2 3.8 301.579
8.2 4 300.384
8.2 4.2 298.958
8.2 4.4 297.654
8.2 4.6 296.423
8.2 4.8 295.246
8.2 5 294.111
8.2 5.2 293.012
8.2 5.4 291.949
8.2 5.6 290.927
8.2 5.8 289.952
8.2 6 289.033
8.2 6.2 288.178
8.2 6.4 287.393
8.2 6.6 286.683
8.2 6.8 286.048
8.2 7 285.487
8.2 7.2 284.996
8.2 7.4 284.573
8.2 7.6 284.213
8.2 7.8 283.911
8.2 8 283.663
8.2 8.2 283.464
8.2 8.4 283.311
8.2 8.6 283.197
8.2 8.8 283.118
8.2 9 283.066
8.2 9.2 283.037
8.2 9.4 283.021
8.2 9.6 283.015
8.2 9.8 283.013
8.2 10 283.013
8.4 0 304.227
8.4 0.2 304.227
8.4 0.4 304.244
8.4 0.6 304.279
8.4 0.8 304.335
8.4 1 304.415
8.4 1.2 304.528
8.4 1.4 304.684
8.4 1.6 304.9
8.4 1.8 305.198
8.4 2 305.626
8.4 2.2 305.822
8.4 2.4 305.832
8.4 2.6 305.676
8.4 2.8 305.371
8.4 3 304.923
8.4 3.2 304.333
8.4 3.4 303.599
8.4 3.6 302.711
8.4 3.8 301.652
8.4 4 300.4
8.4 4.2 298.908
8.4 4.4 297.536
8.4 4.6 296.237
8.4 4.8 294.992
8.4 5 293.785
8.4 5.2 292.61
8.4 5.4 291.469
8.4 5.6 290.367
8.4 5.8 289.314
8.4 6 288.323
8.4 6.2 287.406
8.4 6.4 286.571
8.4 6.6 285.823
8.4 6.8 285.161
8.4 7 284.585
8.4 7.2 284.088
8.4 7.4 283.665
8.4 7.6 283.31
8.4 7.8 283.018
8.4 8 282.784
8.4 8.2 282.603
8.4 8.4 282.47
8.4 8.6 282.38
8.4 8.8 282.327
8.4 9 282.302
8.4 9.2 282.298
8.4 9.4 282.305
8.4 9.6 282.315
8.4 9.8 282.321
8.4 10 282.321
8.6 0 304.337
8.6 0.2 304.337
8.6 0.4 304.354
8.6 0.6 304.388
8.6 0.8 304.442
8.6 1 304.52
8.6 1.2 304.628
8.6 1.4 304.776
8.6 1.6 304.978
8.6 1.8 305.255
8.6 2 305.656
8.6 2.2 305.828
8.6 2.4 305.818
8.6 2.6 305.647
8.6 2.8 305.326
8.6 3 304.861
8.6 3.2 304.255
8.6 3.4 303.502
8.6 3.6 302.595
8.6 3.8 301.517
8.6 4 300.248
8.6 4.2 298.738
8.6 4.4 297.337
8.6 4.6 295.997
8.6 4.8 294.696
8.6 5 293.423
8.6 5.2 292.173
8.6 5.4 290.947
8.6 5.6 289.756
8.6 5.8 288.613
8.6 6 287.539
8.6 6.2 286.55
8.6 6.4 285.66
8.6 6.6 284.873
8.6 6.8 284.189
8.6 7 283.602
8.6 7.2 283.104
8.6 7.4 282.687
8.6 7.6 282.343
8.6 7.8 282.067
8.6 8 281.852
8.6 8.2 281.693
8.6 8.4 281.586
8.6 8.6 281.526
8.6 8.8 281.506
8.6 9 281.516
8.6 9.2 281.547
8.6 9.4 281.584
8.6 9.6 281.616
8.6 9.8 281.634
8.6 10 281.634
8.8 0 304.426
8.8 0.2 304.426
8.8 0.4 304.441
8.8 0.6 304.473
8.8 0.8 304.522
8.8 1 304.591
8.8 1.2 304.685
8.8 1.4 304.81
8.8 1.6 304.974
8.8 1.8 305.191
8.8 2 305.508
8.8 2.2 305.618
8.8 2.4 305.566
8.8 2.6 305.365
8.8 2.8 305.023
8.8 3 304.541
8.8 3.2 303.921
8.8 3.4 303.158
8.8 3.6 302.247
8.8 3.8 301.177
8.8 4 299.931
8.8 4.2 298.462
8.8 4.4 297.072
8.8 4.6 295.714
8.8 4.8 294.372
8.8 5 293.037
8.8 5.2 291.708
8.8 5.4 290.389
8.8 5.6 289.093
8.8 5.8 287.842
8.8 6 286.666
8.8 6.2 285.593
8.8 6.4 284.643
8.8 6.6 283.82
8.8 6.8 283.118
8.8 7 282.528
8.8 7.2 282.037
8.8 7.4 281.634
8.8 7.6 281.308
8.8 7.8 281.053
8.8 8 280.861
8.8 8.2 280.73
8.8 8.4 280.654
8.8 8.6 280.63
8.8 8.8 280.652
8.8 9 280.71
8.8 9.2 280.788
8.8 9.4 280.867
8.8 9.6 280.93
8.8 9.8 280.965
8.8 10 280.965
9 0 304.495
9 0.2 304.495
9 0.4 304.508
9 0.6 304.535
9 0.8 304.577
9 1 304.634
9 1.2 304.708
9 1.4 304.8
9 1.6 304.91
9 1.8 305.034
9 2 305.148
9 2.2 305.163
9 2.4 305.054
9 2.6 304.817
9 2.8 304.45
9 3 303.952
9 3.2 303.321
9 3.4 302.555
9 3.6 301.651
9 3.8 300.606
9 4 299.42
9 4.2 298.113
9 4.4 296.771
9 4.6 295.412
9 4.8 294.037
9 5 292.643
9 5.2 291.231
9 5.4 289.806
9 5.6 288.384
9 5.8 286.995
9 6 285.687
9 6.2 284.513
9 6.4 283.498
9 6.6 282.643
9 6.8 281.935
9 7 281.354
9 7.2 280.881
9 7.4 280.501
9 7.6 280.202
9 7.8 279.973
9 8 279.81
9 8.2 279.709
9 8.4 279.669
9 8.6 279.688
9 8.8 279.762
9 9 279.882
9 9.2 280.026
9 9.4 280.165
9 9.6 280.271
9 9.8 280.328
9 10 280.328
9.2 0 304.547
9.2 0.2 304.547
9.2 0.4 304.558
9.2 0.6 304.58
9.2 0.8 304.613
9.2 1 304.657
9.2 1.2 304.71
9.2 1.4 304.769
9.2 1.6 304.829
9.2 1.8 304.878
9.2 2 304.893
9.2 2.2 304.833
9.2 2.4 304.673
9.2 2.6 304.4
9.2 2.8 304.01
9.2 3 303.497
9.2 3.2 302.858
9.2 3.4 302.092
9.2 3.6 301.198
9.2 3.8 300.177
9.2 4 299.036
9.2 4.2 297.793
9.2 4.4 296.483
9.2 4.6 295.123
9.2 4.8 293.718
9.2 5 292.266
9.2 5.2 290.765
9.2 5.4 289.218
9.2 5.6 287.638
9.2 5.8 286.065
9.2 6 284.574
9.2 6.2 283.271
9.2 6.4 282.191
9.2 6.6 281.319
9.2 6.8 280.623
9.2 7 280.07
9.2 7.2 279.632
9.2 7.4 279.288
9.2 7.6 279.023
9.2 7.8 278.828
9.2 8 278.696
9.2 8.2 278.627
9.2 8.4 278.623
9.2 8.6 278.688
9.2 8.8 278.825
9.2 9 279.028
9.2 9.2 279.27
9.2 9.4 279.494
9.2 9.6 279.66
9.2 9.8 279.747
9.2 10 279.747
9.4 0 304.583
9.4 0.2 304.583
9.4 0.4 304.592
9.4 0.6 304.609
9.4 0.8 304.635
9.4 1 304.666
9.4 1.2 304.701
9.4 1.4 304.733
9.4 1.6 304.754
9.4 1.8 304.753
9.4 2 304.708
9.4 2.2 304.596
9.4 2.4 304.396
9.4 2.6 304.096
9.4 2.8 303.686
9.4 3 303.161
9.4 3.2 302.517
9.4 3.4 301.752
9.4 3.6 300.866
9.4 3.8 299.863
9.4 4 298.749
9.4 4.2 297.536
9.4 4.4 296.243
9.4 4.6 294.878
9.4 4.8 293.443
9.4 5 291.934
9.4 5.2 290.343
9.4 5.4 288.66
9.4 5.6 286.886
9.4 5.8 285.051
9.4 6 283.272
9.4 6.2 281.805
9.4 6.4 280.675
9.4 6.6 279.818
9.4 6.8 279.168
9.4 7 278.67
9.4 7.2 278.288
9.4 7.4 277.994
9.4 7.6 277.774
9.4 7.8 277.617
9.4 8 277.518
9.4 8.2 277.48
9.4 8.4 277.508
9.4 8.6 277.616
9.4 8.8 277.821
9.4 9 278.134
9.4 9.2 278.529
9.4 9.4 278.88
9.4 9.6 279.127
9.4 9.8 279.253
9.4 10 279.253
9.6 0 304.606
9.6 0.2 304.606
9.6 0.4 304.613
9.6 0.6 304.627
9.6 0.8 304.647
9.6 1 304.669
9.6 1.2 304.69
9.6 1.4 304.704
9.6 1.6 304.7
9.6 1.8 304.667
9.6 2 304.587
9.6 2.2 304.443
9.6 2.4 304.218
9.6 2.6 303.898
9.6 2.8 303.475
9.6 3 302.941
9.6 3.2 302.293
9.6 3.4 301.529
9.6 3.6 300.649
9.6 3.8 299.656
9.6 4 298.557
9.6 4.2 297.359
9.6 4.4 296.072
9.6 4.6 294.699
9.6 4.8 293.24
9.6 5 291.684
9.6 5.2 290.011
9.6 5.4 288.193
9.6 5.6 286.191
9.6 5.8 283.979
9.6 6 281.655
9.6 6.2 280.003
9.6 6.4 278.883
9.6 6.6 278.11
9.6 6.8 277.559
9.6 7 277.155
9.6 7.2 276.853
9.6 7.4 276.627
9.6 7.6 276.461
9.6 7.8 276.346
9.6 8 276.28
9.6 8.2 276.265
9.6 8.4 276.313
9.6 8.6 276.447
9.6 8.8 276.708
9.6 9 277.158
9.6 9.2 277.833
9.6 9.4 278.368
9.6 9.6 278.715
9.6 9.8 278.884
9.6 10 278.884
9.8 0 304.616
9.8 0.2 304.616
9.8 0.4 304.623
9.8 0.6 304.635
9.8 0.8 304.652
9.8 1 304.669
9.8 1.2 304.684
9.8 1.4 304.687
9.8 1.6 304.671
9.8 1.8 304.623
9.8 2 304.527
9.8 2.2 304.368
9.8 2.4 304.13
9.8 2.6 303.801
9.8 2.8 303.371
9.8 3 302.833
9.8 3.2 302.183
9.8 3.4 301.419
9.8 3.6 300.542
9.8 3.8 299.554
9.8 4 298.461
9.8 4.2 297.268
9.8 4.4 295.983
9.8 4.6 294.605
9.8 4.8 293.131
9.8 5 291.546
9.8 5.2 289.822
9.8 5.4 287.908
9.8 5.6 285.706
9.8 5.8 283.017
9.8 6 279.365
9.8 6.2 277.667
9.8 6.4 276.745
9.8 6.6 276.179
9.8 6.8 275.802
9.8 7 275.536
9.8 7.2 275.343
9.8 7.4 275.2
9.8 7.6 275.097
9.8 7.8 275.027
9.8 8 274.99
9.8 8.2 274.987
9.8 8.4 275.032
9.8 8.6 275.15
9.8 8.8 275.404
9.8 9 275.956
9.8 9.2 277.277
9.8 9.4 278.042
9.8 9.6 278.48
9.8 9.8 278.682
9.8 10 278.682
10 0 304.616
10 0.2 304.616
10 0.4 304.623
10 0.6 304.635
10 0.8 304.652
10 1 304.669
10 1.2 304.684
10 1.4 304.687
10 1.6 304.671
10 1.8 304.623
10 2 304.527
10 2.2 304.368
10 2.4 304.13
10 2.6 303.801
10 2.8 303.371
10 3 302.833
10 3.2 302.183
10 3.4 301.419
10 3.6 300.542
10 3.8 299.554
10 4 298.461
10 4.2 297.268
10 4.4 295.983
10 4.6 294.605
10 4.8 293.131
10 5 291.546
10 5.2 289.822
10 5.4 287.908
10 5.6 285.706
10 5.8 283.017
10 6 275.122
10 6.2 274.556
10 6.4 274.248
10 6.6 274.06
10 6.8 273.934
10 7 273.845
10 7.2 273.781
10 7.4 273.733
10 7.6 273.699
10 7.8 273.676
10 8 273.663
10 8.2 273.662
10 8.4 273.677
10 8.6 273.717
10 8.8 273.801
10 9 273.985
10 9.2 277.277
10 9.4 278.042
10 9.6 278.48
10 9.8 278.682
10 10 278.682
