0.0288321 2.03874 2.03874
0.0576642 4.07453 4.06638
0.0864962 6.10741 6.08295
0.115328 8.13737 8.08848
0.14416 10.1644 10.083
0.172992 12.1886 12.0665
0.201825 14.2099 14.0391
0.230657 16.2284 16.0007
0.259489 18.244 17.9514
0.288321 20.2568 19.8912
0.317153 22.2668 21.8202
0.345985 24.274 23.7383
0.374817 26.2784 25.6456
0.403649 28.28 27.542
0.432481 30.2788 29.4278
0.461313 32.275 31.3027
0.490145 34.2683 33.167
0.518977 36.259 35.0206
0.54781 38.2469 36.8634
0.576642 40.2322 38.6957
0.605474 42.2148 40.5173
0.634306 44.1947 42.3283
0.663138 46.1719 44.1287
0.69197 48.1466 45.9185
0.720802 50.1185 47.6978
0.749634 52.0879 49.4666
0.778466 54.0546 51.2249
0.807298 56.0188 52.9727
0.83613 57.9804 54.7101
0.864962 59.9394 56.437
0.893795 61.8958 58.1535
0.922627 63.8497 59.8597
0.951459 65.8011 61.5554
0.980291 67.7499 63.2408
1.00912 69.6963 64.9159
1.03795 71.6401 66.5807
1.06679 73.5815 68.2352
1.09562 75.5203 69.8795
1.12445 77.4567 71.5134
1.15328 79.3907 73.1372
1.18212 81.3222 74.7508
1.21095 83.2513 76.3541
1.23978 85.178 77.9474
1.26861 87.1022 79.5304
1.29744 89.0241 81.1034
1.32628 90.9435 82.6662
1.35511 92.8606 84.2189
1.38394 94.7754 85.7616
1.41277 96.6877 87.2942
1.4416 98.5978 88.8168
1.47044 100.505 90.3294
1.49927 102.411 91.8319
1.5281 104.314 93.3245
1.55693 106.215 94.8072
1.58576 108.113 96.2799
1.6146 110.009 97.7426
1.64343 111.903 99.1955
1.67226 113.795 100.638
1.70109 115.684 102.072
1.72992 117.572 103.495
1.75876 119.456 104.908
1.78759 121.339 106.312
1.81642 123.22 107.706
1.84525 125.098 109.09
1.87409 126.974 110.464
1.90292 128.848 111.828
1.93175 130.72 113.183
1.96058 132.589 114.528
1.98941 134.457 115.863
2.01825 136.322 117.189
2.04708 138.185 118.505
2.07591 140.046 119.811
2.10474 141.905 121.108
2.13357 143.762 122.395
2.16241 145.617 123.672
2.19124 147.47 124.94
2.22007 149.32 126.199
2.2489 151.169 127.447
2.27773 153.015 128.686
2.30657 154.859 129.916
2.3354 156.702 131.136
2.36423 158.542 132.347
2.39306 160.38 133.548
2.42189 162.216 134.739
2.45073 164.051 135.922
2.47956 165.883 137.094
2.50839 167.713 138.258
2.53722 169.541 139.412
2.56606 171.368 140.556
2.59489 173.192 141.691
2.62372 175.014 142.817
2.65255 176.835 143.933
2.68138 178.653 145.04
2.71022 180.47 146.138
2.73905 182.284 147.226
2.76788 184.097 148.305
2.79671 185.908 149.375
2.82554 187.717 150.435
2.85438 189.524 151.487
2.88321 191.329 152.529
2.91204 193.132 153.561
2.94087 194.933 154.585
2.9697 196.733 155.599
2.99854 198.53 156.604
3.02737 200.326 157.6
3.0562 202.12 158.587
3.08503 203.912 159.564
3.11386 205.702 160.533
3.1427 207.491 161.492
3.17153 209.277 162.442
3.20036 211.062 163.383
3.22919 212.845 164.315
3.25803 214.626 165.238
3.28686 216.406 166.152
3.31569 218.183 167.056
3.34452 219.959 167.952
3.37335 221.733 168.838
3.40219 223.506 169.716
3.43102 225.276 170.584
3.45985 227.045 171.444
3.48868 228.812 172.294
3.51751 230.577 173.136
3.54635 232.341 173.968
3.57518 234.103 174.792
3.60401 235.863 175.606
3.63284 237.622 176.412
3.66167 239.379 177.209
3.69051 241.134 177.997
3.71934 242.887 178.775
3.74817 244.639 179.545
3.777 246.389 180.307
3.80583 248.137 181.059
3.83467 249.884 181.802
3.8635 251.629 182.537
3.89233 253.372 183.262
3.92116 255.114 183.979
3.95 256.854 184.687
3.97883 258.593 185.386
4.00766 260.33 186.076
4.03649 262.065 186.758
4.06532 263.798 187.431
4.09416 265.531 188.095
4.12299 267.261 188.75
4.15182 268.99 189.396
4.18065 270.717 190.034
4.20948 272.443 190.663
4.23832 274.167 191.283
4.26715 275.889 191.894
4.29598 277.61 192.497
4.32481 279.329 193.091
4.35364 281.047 193.677
4.38248 282.763 194.253
4.41131 284.478 194.821
4.44014 286.191 195.381
4.46897 287.902 195.931
4.4978 289.612 196.473
4.52664 291.321 197.007
4.55547 293.028 197.531
4.5843 294.733 198.048
4.61313 296.437 198.555
4.64197 298.14 199.054
4.6708 299.84 199.544
4.69963 301.54 200.026
4.72846 303.238 200.499
4.75729 304.934 200.964
4.78613 306.629 201.42
4.81496 308.322 201.867
4.84379 310.014 202.306
4.87262 311.705 202.736
4.90145 313.394 203.158
4.93029 315.081 203.572
4.95912 316.767 203.976
4.98795 318.452 204.373
5.01678 320.135 204.76
5.04561 321.816 205.14
5.07445 323.497 205.51
5.10328 325.175 205.873
5.13211 326.853 206.227
5.16094 328.528 206.572
5.18977 330.203 206.909
5.21861 331.876 207.238
5.24744 333.547 207.558
5.27627 335.218 207.869
5.3051 336.886 208.173
5.33393 338.554 208.467
5.36277 340.22 208.754
5.3916 341.884 209.032
5.42043 343.547 209.302
5.44926 345.209 209.563
5.4781 346.869 209.816
5.50693 348.528 210.06
5.53576 350.186 210.296
5.56459 351.842 210.524
5.59342 353.497 210.744
5.62226 355.15 210.955
5.65109 356.802 211.158
5.67992 358.453 211.352
5.70875 360.102 211.538
5.73758 361.75 211.716
5.76642 363.396 211.886
5.79525 365.041 212.047
5.82408 366.685 212.2
5.85291 368.327 212.344
5.88174 369.969 212.481
5.91058 371.608 212.609
5.93941 373.247 212.729
5.96824 374.884 212.84
5.99707 376.519 212.944
6.0259 378.154 213.039
6.05474 379.787 213.126
6.08357 381.418 213.204
6.1124 383.049 213.275
6.14123 384.678 213.337
6.17007 386.305 213.391
6.1989 387.932 213.437
6.22773 389.557 213.475
6.25656 391.18 213.504
6.28539 392.803 213.525
6.31423 394.424 213.539
6.34306 396.044 213.543
6.37189 397.662 213.54
6.40072 399.279 213.529
6.42955 400.895 213.509
6.45839 402.51 213.482
6.48722 404.123 213.446
6.51605 405.735 213.402
6.54488 407.345 213.35
6.57371 408.955 213.29
6.60255 410.563 213.222
6.63138 412.17 213.145
6.66021 413.775 213.061
6.68904 415.379 212.968
6.71787 416.982 212.868
6.74671 418.584 212.759
6.77554 420.184 212.642
6.80437 421.783 212.517
6.8332 423.381 212.384
6.86204 424.977 212.244
6.89087 426.572 212.095
6.9197 428.166 211.938
6.94853 429.759 211.773
6.97736 431.35 211.6
7.0062 432.94 211.418
7.03503 434.529 211.229
7.06386 436.116 211.032
7.09269 437.703 210.827
7.12152 439.288 210.614
7.15036 440.871 210.393
7.17919 442.454 210.164
7.20802 444.035 209.927
7.23685 445.615 209.682
7.26568 447.194 209.429
7.29452 448.771 209.168
7.32335 450.347 208.899
7.35218 451.922 208.623
7.38101 453.496 208.338
7.40984 455.068 208.045
7.43868 456.639 207.745
7.46751 458.209 207.436
7.49634 459.777 207.12
7.52517 461.345 206.796
7.55401 462.911 206.464
7.58284 464.476 206.123
7.61167 466.039 205.776
7.6405 467.602 205.42
7.66933 469.163 205.056
7.69817 470.722 204.684
7.727 472.281 204.305
7.75583 473.838 203.918
7.78466 475.394 203.523
7.81349 476.949 203.12
7.84233 478.503 202.709
7.87116 480.055 202.29
7.89999 481.606 201.864
7.92882 483.156 201.43
7.95765 484.705 200.988
7.98649 486.252 200.538
8.01532 487.798 200.08
8.04415 489.343 199.615
8.07298 490.886 199.142
8.10181 492.429 198.661
8.13065 493.97 198.172
8.15948 495.51 197.676
8.18831 497.048 197.171
8.21714 498.586 196.659
8.24598 500.122 196.14
8.27481 501.657 195.612
8.30364 503.19 195.077
8.33247 504.723 194.534
8.3613 506.254 193.983
8.39014 507.784 193.425
8.41897 509.312 192.859
8.4478 510.84 192.285
8.47663 512.366 191.704
8.50546 513.891 191.115
8.5343 515.414 190.518
8.56313 516.937 189.914
8.59196 518.458 189.301
8.62079 519.978 188.682
8.64962 521.497 188.054
8.67846 523.014 187.419
8.70729 524.53 186.777
8.73612 526.045 186.126
8.76495 527.559 185.468
8.79378 529.071 184.803
8.82262 530.582 184.13
8.85145 532.092 183.449
8.88028 533.601 182.761
8.90911 535.108 182.065
8.93795 536.615 181.361
8.96678 538.119 180.65
8.99561 539.623 179.932
9.02444 541.126 179.206
9.05327 542.627 178.472
9.08211 544.127 177.731
9.11094 545.625 176.982
9.13977 547.123 176.226
9.1686 548.619 175.462
9.19743 550.114 174.69
9.22627 551.607 173.911
9.2551 553.1 173.125
9.28393 554.591 172.331
9.31276 556.081 171.53
9.34159 557.569 170.721
9.37043 559.057 169.905
9.39926 560.543 169.081
9.42809 562.027 168.25
9.45692 563.511 167.411
9.48575 564.993 166.565
9.51459 566.474 165.712
9.54342 567.954 164.851
9.57225 569.432 163.982
9.60108 570.91 163.107
9.62991 572.386 162.223
9.65875 573.86 161.333
9.68758 575.334 160.435
9.71641 576.806 159.53
9.74524 578.277 158.617
9.77408 579.746 157.697
9.80291 581.215 156.769
9.83174 582.682 155.835
9.86057 584.147 154.892
9.8894 585.612 153.943
9.91824 587.075 152.986
9.94707 588.537 152.022
9.9759 589.998 151.051
10.0047 591.457 150.072
10.0336 592.915 149.086
10.0624 594.372 148.093
10.0912 595.828 147.092
10.1201 597.282 146.084
10.1489 598.735 145.069
10.1777 600.186 144.047
10.2066 601.637 143.017
10.2354 603.086 141.98
10.2642 604.534 140.936
10.2931 605.98 139.885
10.3219 607.425 138.826
10.3507 608.869 137.761
10.3795 610.312 136.688
10.4084 611.753 135.607
10.4372 613.193 134.52
10.466 614.632 133.426
10.4949 616.069 132.324
10.5237 617.505 131.215
10.5525 618.94 130.099
10.5814 620.374 128.976
10.6102 621.806 127.846
10.639 623.237 126.709
10.6679 624.666 125.564
10.6967 626.095 124.413
10.7255 627.522 123.254
10.7544 628.947 122.088
10.7832 630.372 120.915
10.812 631.795 119.735
10.8409 633.217 118.548
10.8697 634.637 117.354
10.8985 636.056 116.153
10.9274 637.474 114.945
10.9562 638.89 113.73
10.985 640.305 112.508
11.0139 641.719 111.279
11.0427 643.132 110.043
11.0715 644.543 108.799
11.1004 645.953 107.549
11.1292 647.361 106.292
11.158 648.768 105.028
11.1868 650.174 103.757
11.2157 651.579 102.479
11.2445 652.982 101.194
11.2733 654.384 99.902
11.3022 655.784 98.6032
11.331 657.183 97.2974
11.3598 658.581 95.9848
11.3887 659.978 94.6653
11.4175 661.373 93.3388
11.4463 662.767 92.0055
11.4752 664.159 90.6654
11.504 665.55 89.3183
11.5328 666.94 87.9645
11.5617 668.328 86.6037
11.5905 669.715 85.2362
11.6193 671.101 83.8618
11.6482 672.485 82.4806
11.677 673.868 81.0926
11.7058 675.25 79.6978
11.7347 676.63 78.2963
11.7635 678.009 76.8879
11.7923 679.387 75.4728
11.8212 680.763 74.0509
11.85 682.138 72.6223
11.8788 683.511 71.1869
11.9076 684.884 69.7448
11.9365 686.254 68.296
11.9653 687.624 66.8405
11.9941 688.992 65.3783
12.023 690.358 63.9093
12.0518 691.724 62.4337
12.0806 693.088 60.9515
12.1095 694.45 59.4626
12.1383 695.811 57.967
12.1671 697.171 56.4647
12.196 698.53 54.9559
12.2248 699.887 53.4404
12.2536 701.242 51.9183
12.2825 702.596 50.3896
12.3113 703.949 48.8543
12.3401 705.301 47.3124
12.369 706.651 45.764
12.3978 708 44.209
12.4266 709.347 42.6474
12.4555 710.693 41.0793
12.4843 712.038 39.5046
12.5131 713.381 37.9235
12.542 714.723 36.3358
12.5708 716.063 34.7416
12.5996 717.402 33.1409
12.6285 718.74 31.5337
12.6573 720.076 29.9201
12.6861 721.411 28.3
12.7149 722.744 26.6734
12.7438 724.076 25.0404
12.7726 725.406 23.4009
12.8014 726.736 21.7551
12.8303 728.063 20.1028
12.8591 729.39 18.4441
12.8879 730.715 16.779
12.9168 732.038 15.1076
12.9456 733.36 13.4297
12.9744 734.681 11.7455
13.0033 736.001 10.055
13.0321 737.318 8.35808
13.0609 738.635 6.65485
13.0898 739.95 4.94531
13.1186 741.264 3.22945
13.1474 742.576 1.50728
13.1726 743.719 0
