1 18.7142 17.7142
2 18.8903 0.00940694
3 18.9955 0.00556998
4 19.0827 0.00459157
5 19.1535 0.00371152
6 19.2097 0.00293248
7 19.2535 0.00228077
8 19.2873 0.00175568
9 19.3132 0.00134279
10 19.333 0.00102284
11 19.348 0.000777109
12 19.3594 0.000589335
13 19.368 0.000446248
14 19.3746 0.000337362
15 19.3795 0.00025455
16 19.3832 0.000191583
17 19.386 0.000143711
18 19.3881 0.000107328
19 19.3896 7.96965e-05
20 19.3907 5.87361e-05
21 19.3916 4.28658e-05
22 19.3922 3.08817e-05
23 19.3926 2.18651e-05
24 19.3929 1.51141e-05
25 19.3931 1.00916e-05
26 19.3932 6.38588e-06
27 19.3933 3.6813e-06
28 19.3933 1.73557e-06
29 19.3933 3.62751e-07
30 19.3933 5.79783e-07
31 19.3933 1.20133e-06
32 19.3933 1.58552e-06
33 19.3932 1.79617e-06
34 19.3932 1.88184e-06
35 19.3932 1.87933e-06
36 19.3931 1.81634e-06
37 19.3931 1.71363e-06
38 19.3931 1.58657e-06
39 19.393 1.44644e-06
40 19.393 1.30139e-06
41 19.393 1.15717e-06
42 19.393 1.01775e-06
43 19.3929 8.85719e-07
44 19.3929 7.62689e-07
45 19.3929 6.49517e-07
46 19.3929 5.46524e-07
47 19.3929 4.53655e-07
48 19.3929 3.70587e-07
49 19.3929 2.96826e-07
50 19.3929 2.31769e-07
51 19.3929 1.74755e-07
52 19.3929 1.25097e-07
53 19.3929 8.21133e-08
54 19.3929 4.51405e-08
55 19.3929 1.35471e-08
56 19.3929 1.32592e-08
57 19.3929 3.58277e-08
58 19.3929 5.46624e-08
59 19.3929 7.02225e-08
60 19.3929 8.29233e-08
61 19.3929 9.31378e-08
62 19.3929 1.012e-07
63 19.3929 1.07407e-07
64 19.3929 1.12022e-07
65 19.3929 1.15277e-07
66 19.3929 1.17376e-07
67 19.3929 1.185e-07
68 19.3929 1.18803e-07
69 19.3929 1.18423e-07
70 19.3929 1.17477e-07
71 19.3929 1.16067e-07
72 19.3929 1.14282e-07
73 19.3929 1.12197e-07
74 19.3929 1.09878e-07
75 19.3929 1.07378e-07
76 19.3929 1.04746e-07
77 19.3929 1.0202e-07
78 19.3929 9.92348e-08
79 19.3929 9.64176e-08
80 19.3929 9.35918e-08
81 19.3929 9.07765e-08
82 19.3929 8.79874e-08
83 19.3929 8.52372e-08
84 19.3929 8.25361e-08
85 19.3929 7.98921e-08
86 19.3929 7.73113e-08
87 19.3929 7.47982e-08
88 19.3929 7.23563e-08
89 19.3929 6.99877e-08
90 19.3929 6.76935e-08
91 19.3929 6.54745e-08
92 19.3929 6.33305e-08
93 19.3929 6.12608e-08
94 19.3929 5.92644e-08
95 19.3929 5.73401e-08
96 19.3929 5.54862e-08
97 19.3929 5.3701e-08
98 19.3929 5.19824e-08
99 19.3929 5.03285e-08
100 19.3929 4.87371e-08
101 19.3929 4.72062e-08
102 19.3929 4.57335e-08
103 19.3929 4.4317e-08
104 19.3929 4.29543e-08
105 19.3929 4.16436e-08
106 19.3929 4.03826e-08
107 19.393 3.91694e-08
108 19.393 3.80021e-08
109 19.393 3.68787e-08
110 19.393 3.57974e-08
111 19.393 3.47564e-08
112 19.393 3.37541e-08
113 19.393 3.27887e-08
114 19.393 3.18588e-08
115 19.393 3.09628e-08
116 19.393 3.00993e-08
117 19.393 2.92669e-08
118 19.393 2.84642e-08
119 19.393 2.76901e-08
120 19.393 2.69433e-08
121 19.393 2.62227e-08
122 19.393 2.55271e-08
123 19.393 2.48555e-08
124 19.393 2.4207e-08
125 19.393 2.35805e-08
126 19.393 2.29752e-08
127 19.393 2.23902e-08
128 19.393 2.18247e-08
129 19.393 2.12778e-08
130 19.393 2.07489e-08
131 19.393 2.02372e-08
132 19.393 1.9742e-08
133 19.393 1.92627e-08
134 19.393 1.87987e-08
135 19.393 1.83492e-08
136 19.393 1.79139e-08
137 19.393 1.74922e-08
138 19.393 1.70834e-08
139 19.393 1.66872e-08
140 19.393 1.63031e-08
141 19.393 1.59306e-08
142 19.393 1.55693e-08
143 19.393 1.52187e-08
144 19.393 1.48785e-08
145 19.393 1.45483e-08
146 19.393 1.42277e-08
147 19.393 1.39164e-08
148 19.393 1.36141e-08
149 19.393 1.33204e-08
150 19.393 1.30351e-08
151 19.393 1.27577e-08
152 19.393 1.24882e-08
153 19.393 1.22261e-08
154 19.393 1.19713e-08
155 19.393 1.17235e-08
156 19.393 1.14824e-08
157 19.393 1.12479e-08
158 19.393 1.10196e-08
159 19.393 1.07975e-08
160 19.393 1.05813e-08
161 19.393 1.03707e-08
162 19.393 1.01657e-08
163 19.393 9.96604e-09
1 17.5503 16.5503
2 17.1665 0.0218658
3 16.8798 0.0167039
4 16.6661 0.0126601
5 16.4993 0.0100037
6 16.3648 0.00815743
7 16.2533 0.00681124
8 16.1591 0.00579311
9 16.0783 0.0050001
10 16.0081 0.00436778
11 15.9464 0.00385385
12 15.8917 0.00342947
13 15.8429 0.00307431
14 15.7989 0.00277362
15 15.7592 0.00251649
16 15.723 0.00229464
17 15.69 0.00210171
18 15.6596 0.00193274
19 15.6317 0.0017838
20 15.6059 0.00165175
21 15.5819 0.00153405
22 15.5597 0.00142865
23 15.5389 0.00133383
24 15.5195 0.00124819
25 15.5014 0.00117055
26 15.4843 0.00109991
27 15.4683 0.00103545
28 15.4532 0.000976443
29 15.4389 0.000922283
30 15.4255 0.000872445
31 15.4127 0.000826472
32 15.4006 0.00078397
33 15.3892 0.000744595
34 15.3783 0.000708042
35 15.3679 0.000674047
36 15.358 0.000642375
37 15.3486 0.000612817
38 15.3396 0.000585187
39 15.3311 0.000559322
40 15.3229 0.000535073
41 15.315 0.000512308
42 15.3075 0.000490908
43 15.3003 0.000470765
44 15.2934 0.000451784
45 15.2867 0.000433876
46 15.2804 0.000416962
47 15.2742 0.000400969
48 15.2683 0.000385833
49 15.2627 0.000371492
50 15.2572 0.000357893
51 15.2519 0.000344984
52 15.2469 0.000332721
53 15.242 0.00032106
54 15.2372 0.000309963
55 15.2327 0.000299395
56 15.2283 0.000289323
57 15.224 0.000279716
58 15.2199 0.000270546
59 15.2159 0.000261787
60 15.2121 0.000253415
61 15.2083 0.000245408
62 15.2047 0.000237745
63 15.2012 0.000230406
64 15.1978 0.000223375
65 15.1945 0.000216634
66 15.1913 0.000210167
67 15.1882 0.000203961
68 15.1852 0.000198001
69 15.1823 0.000192274
70 15.1795 0.00018677
71 15.1767 0.000181476
72 15.174 0.000176383
73 15.1714 0.00017148
74 15.1689 0.000166758
75 15.1664 0.000162209
76 15.164 0.000157824
77 15.1617 0.000153596
78 15.1594 0.000149518
79 15.1572 0.000145583
80 15.1551 0.000141783
81 15.153 0.000138115
82 15.151 0.00013457
83 15.149 0.000131145
84 15.147 0.000127833
85 15.1451 0.000124631
86 15.1433 0.000121533
87 15.1415 0.000118536
88 15.1398 0.000115634
89 15.1381 0.000112825
90 15.1364 0.000110104
91 15.1348 0.000107467
92 15.1332 0.000104912
93 15.1316 0.000102436
94 15.1301 0.000100034
95 15.1286 9.7705e-05
96 15.1272 9.54453e-05
97 15.1258 9.32526e-05
98 15.1244 9.11242e-05
99 15.1231 8.90579e-05
100 15.1217 8.70512e-05
101 15.1204 8.51021e-05
102 15.1192 8.32085e-05
103 15.118 8.13683e-05
104 15.1168 7.95796e-05
105 15.1156 7.78407e-05
106 15.1144 7.61498e-05
107 15.1133 7.45053e-05
108 15.1122 7.29054e-05
109 15.1111 7.13488e-05
110 15.1101 6.98339e-05
111 15.109 6.83594e-05
112 15.108 6.69239e-05
113 15.107 6.55261e-05
114 15.1061 6.41647e-05
115 15.1051 6.28387e-05
116 15.1042 6.15467e-05
117 15.1033 6.02879e-05
118 15.1024 5.9061e-05
119 15.1015 5.78651e-05
120 15.1007 5.66992e-05
121 15.0998 5.55624e-05
122 15.099 5.44537e-05
123 15.0982 5.33724e-05
124 15.0974 5.23175e-05
125 15.0966 5.12883e-05
126 15.0959 5.02841e-05
127 15.0951 4.93039e-05
128 15.0944 4.83472e-05
129 15.0937 4.74133e-05
130 15.093 4.65014e-05
131 15.0923 4.56109e-05
132 15.0916 4.47413e-05
133 15.0909 4.38919e-05
134 15.0903 4.30621e-05
135 15.0897 4.22515e-05
136 15.089 4.14593e-05
137 15.0884 4.06852e-05
138 15.0878 3.99286e-05
139 15.0872 3.9189e-05
140 15.0866 3.8466e-05
141 15.0861 3.77591e-05
142 15.0855 3.70679e-05
143 15.085 3.6392e-05
144 15.0844 3.57309e-05
145 15.0839 3.50842e-05
146 15.0834 3.44516e-05
147 15.0829 3.38327e-05
148 15.0824 3.32271e-05
149 15.0819 3.26345e-05
150 15.0814 3.20545e-05
151 15.0809 3.14868e-05
152 15.0804 3.09312e-05
153 15.08 3.03872e-05
154 15.0795 2.98547e-05
155 15.0791 2.93332e-05
156 15.0787 2.88226e-05
157 15.0782 2.83225e-05
158 15.0778 2.78327e-05
159 15.0774 2.7353e-05
160 15.077 2.6883e-05
161 15.0766 2.64226e-05
162 15.0762 2.59715e-05
163 15.0758 2.55296e-05
164 15.0754 2.50964e-05
165 15.0751 2.4672e-05
166 15.0747 2.4256e-05
167 15.0743 2.38482e-05
168 15.074 2.34485e-05
169 15.0736 2.30566e-05
170 15.0733 2.26725e-05
171 15.073 2.22958e-05
172 15.0726 2.19265e-05
173 15.0723 2.15643e-05
174 15.072 2.12091e-05
175 15.0717 2.08607e-05
176 15.0714 2.0519e-05
177 15.0711 2.01838e-05
178 15.0708 1.9855e-05
179 15.0705 1.95325e-05
180 15.0702 1.9216e-05
181 15.0699 1.89055e-05
182 15.0696 1.86008e-05
183 15.0693 1.83017e-05
184 15.0691 1.80083e-05
185 15.0688 1.77203e-05
186 15.0685 1.74376e-05
187 15.0683 1.71602e-05
188 15.068 1.68878e-05
189 15.0678 1.66204e-05
190 15.0675 1.63579e-05
191 15.0673 1.61002e-05
192 15.067 1.58471e-05
193 15.0668 1.55987e-05
194 15.0666 1.53547e-05
195 15.0664 1.5115e-05
196 15.0661 1.48797e-05
197 15.0659 1.46486e-05
198 15.0657 1.44215e-05
199 15.0655 1.41985e-05
200 15.0653 1.39795e-05
201 15.0651 1.37643e-05
202 15.0649 1.35529e-05
203 15.0647 1.33452e-05
204 15.0645 1.31411e-05
205 15.0643 1.29405e-05
206 15.0641 1.27435e-05
207 15.0639 1.25499e-05
208 15.0637 1.23596e-05
209 15.0635 1.21726e-05
210 15.0633 1.19888e-05
211 15.0632 1.18081e-05
212 15.063 1.16306e-05
213 15.0628 1.1456e-05
214 15.0626 1.12844e-05
215 15.0625 1.11158e-05
216 15.0623 1.09499e-05
217 15.0621 1.07869e-05
218 15.062 1.06266e-05
219 15.0618 1.0469e-05
220 15.0617 1.0314e-05
221 15.0615 1.01616e-05
222 15.0614 1.00118e-05
223 15.0612 9.8644e-06
224 15.0611 9.71947e-06
225 15.0609 9.57693e-06
226 15.0608 9.43673e-06
227 15.0606 9.29884e-06
228 15.0605 9.1632e-06
229 15.0604 9.02978e-06
230 15.0602 8.89853e-06
231 15.0601 8.76942e-06
232 15.06 8.6424e-06
233 15.0598 8.51744e-06
234 15.0597 8.3945e-06
235 15.0596 8.27353e-06
236 15.0595 8.15451e-06
237 15.0593 8.03739e-06
238 15.0592 7.92215e-06
239 15.0591 7.80875e-06
240 15.059 7.69715e-06
241 15.0589 7.58733e-06
242 15.0588 7.47924e-06
243 15.0587 7.37287e-06
244 15.0585 7.26817e-06
245 15.0584 7.16512e-06
246 15.0583 7.0637e-06
247 15.0582 6.96386e-06
248 15.0581 6.86558e-06
249 15.058 6.76883e-06
250 15.0579 6.6736e-06
251 15.0578 6.57984e-06
252 15.0577 6.48754e-06
253 15.0576 6.39667e-06
254 15.0575 6.3072e-06
255 15.0574 6.21911e-06
256 15.0574 6.13237e-06
257 15.0573 6.04697e-06
258 15.0572 5.96287e-06
259 15.0571 5.88006e-06
260 15.057 5.79852e-06
261 15.0569 5.71821e-06
262 15.0568 5.63913e-06
263 15.0567 5.56125e-06
264 15.0567 5.48454e-06
265 15.0566 5.409e-06
266 15.0565 5.3346e-06
267 15.0564 5.26131e-06
268 15.0563 5.18913e-06
269 15.0563 5.11803e-06
270 15.0562 5.04799e-06
271 15.0561 4.979e-06
272 15.056 4.91104e-06
273 15.056 4.8441e-06
274 15.0559 4.77814e-06
275 15.0558 4.71317e-06
276 15.0557 4.64916e-06
277 15.0557 4.58609e-06
278 15.0556 4.52396e-06
279 15.0555 4.46274e-06
280 15.0555 4.40242e-06
281 15.0554 4.34299e-06
282 15.0553 4.28442e-06
283 15.0553 4.22672e-06
284 15.0552 4.16986e-06
285 15.0552 4.11382e-06
286 15.0551 4.05861e-06
287 15.055 4.00419e-06
288 15.055 3.95056e-06
289 15.0549 3.89772e-06
290 15.0549 3.84563e-06
291 15.0548 3.7943e-06
292 15.0548 3.74371e-06
293 15.0547 3.69384e-06
294 15.0546 3.6447e-06
295 15.0546 3.59625e-06
296 15.0545 3.5485e-06
297 15.0545 3.50144e-06
298 15.0544 3.45505e-06
299 15.0544 3.40931e-06
300 15.0543 3.36423e-06
301 15.0543 3.31979e-06
302 15.0542 3.27598e-06
303 15.0542 3.2328e-06
304 15.0541 3.19022e-06
305 15.0541 3.14824e-06
306 15.054 3.10686e-06
307 15.054 3.06606e-06
308 15.0539 3.02583e-06
309 15.0539 2.98617e-06
310 15.0539 2.94707e-06
311 15.0538 2.90851e-06
312 15.0538 2.87049e-06
313 15.0537 2.83301e-06
314 15.0537 2.79604e-06
315 15.0536 2.7596e-06
316 15.0536 2.72365e-06
317 15.0536 2.68821e-06
318 15.0535 2.65326e-06
319 15.0535 2.61879e-06
320 15.0534 2.5848e-06
321 15.0534 2.55128e-06
322 15.0534 2.51823e-06
323 15.0533 2.48562e-06
324 15.0533 2.45347e-06
325 15.0533 2.42176e-06
326 15.0532 2.39048e-06
327 15.0532 2.35964e-06
328 15.0531 2.32921e-06
329 15.0531 2.2992e-06
330 15.0531 2.2696e-06
331 15.053 2.24041e-06
332 15.053 2.21161e-06
333 15.053 2.1832e-06
334 15.0529 2.15518e-06
335 15.0529 2.12754e-06
336 15.0529 2.10028e-06
337 15.0529 2.07338e-06
338 15.0528 2.04685e-06
339 15.0528 2.02067e-06
340 15.0528 1.99485e-06
341 15.0527 1.96938e-06
342 15.0527 1.94425e-06
343 15.0527 1.91946e-06
344 15.0526 1.895e-06
345 15.0526 1.87086e-06
346 15.0526 1.84706e-06
347 15.0526 1.82357e-06
348 15.0525 1.80039e-06
349 15.0525 1.77752e-06
350 15.0525 1.75496e-06
351 15.0525 1.7327e-06
352 15.0524 1.71074e-06
353 15.0524 1.68906e-06
354 15.0524 1.66768e-06
355 15.0524 1.64658e-06
356 15.0523 1.62575e-06
357 15.0523 1.60521e-06
358 15.0523 1.58493e-06
359 15.0523 1.56493e-06
360 15.0522 1.54518e-06
361 15.0522 1.5257e-06
362 15.0522 1.50647e-06
363 15.0522 1.4875e-06
364 15.0521 1.46878e-06
365 15.0521 1.4503e-06
366 15.0521 1.43206e-06
367 15.0521 1.41406e-06
368 15.0521 1.3963e-06
369 15.052 1.37877e-06
370 15.052 1.36147e-06
371 15.052 1.34439e-06
372 15.052 1.32754e-06
373 15.052 1.31091e-06
374 15.0519 1.29449e-06
375 15.0519 1.27829e-06
376 15.0519 1.26229e-06
377 15.0519 1.24651e-06
378 15.0519 1.23093e-06
379 15.0518 1.21555e-06
380 15.0518 1.20037e-06
381 15.0518 1.18538e-06
382 15.0518 1.17059e-06
383 15.0518 1.15599e-06
384 15.0518 1.14158e-06
385 15.0517 1.12735e-06
386 15.0517 1.11331e-06
387 15.0517 1.09945e-06
388 15.0517 1.08576e-06
389 15.0517 1.07226e-06
390 15.0517 1.05892e-06
391 15.0516 1.04575e-06
392 15.0516 1.03276e-06
393 15.0516 1.01993e-06
394 15.0516 1.00726e-06
395 15.0516 9.94756e-07
396 15.0516 9.82411e-07
397 15.0516 9.70223e-07
398 15.0515 9.5819e-07
399 15.0515 9.46311e-07
400 15.0515 9.34582e-07
401 15.0515 9.23003e-07
402 15.0515 9.1157e-07
403 15.0515 9.00283e-07
404 15.0515 8.89138e-07
405 15.0514 8.78135e-07
406 15.0514 8.67271e-07
407 15.0514 8.56544e-07
408 15.0514 8.45953e-07
409 15.0514 8.35496e-07
410 15.0514 8.2517e-07
411 15.0514 8.14975e-07
412 15.0514 8.04908e-07
413 15.0513 7.94968e-07
414 15.0513 7.85153e-07
415 15.0513 7.75461e-07
416 15.0513 7.65891e-07
417 15.0513 7.56441e-07
418 15.0513 7.4711e-07
419 15.0513 7.37896e-07
420 15.0513 7.28797e-07
421 15.0512 7.19811e-07
422 15.0512 7.10939e-07
423 15.0512 7.02177e-07
424 15.0512 6.93525e-07
425 15.0512 6.8498e-07
426 15.0512 6.76543e-07
427 15.0512 6.6821e-07
428 15.0512 6.59981e-07
429 15.0512 6.51855e-07
430 15.0512 6.4383e-07
431 15.0511 6.35904e-07
432 15.0511 6.28078e-07
433 15.0511 6.20348e-07
434 15.0511 6.12714e-07
435 15.0511 6.05175e-07
436 15.0511 5.97729e-07
437 15.0511 5.90376e-07
438 15.0511 5.83113e-07
439 15.0511 5.75941e-07
440 15.0511 5.68857e-07
441 15.0511 5.61861e-07
442 15.0511 5.54951e-07
443 15.051 5.48126e-07
444 15.051 5.41386e-07
445 15.051 5.34729e-07
446 15.051 5.28153e-07
447 15.051 5.21659e-07
448 15.051 5.15245e-07
449 15.051 5.08909e-07
450 15.051 5.02652e-07
451 15.051 4.96471e-07
452 15.051 4.90366e-07
453 15.051 4.84337e-07
454 15.051 4.78381e-07
455 15.051 4.72498e-07
456 15.0509 4.66687e-07
457 15.0509 4.60948e-07
458 15.0509 4.55279e-07
459 15.0509 4.49679e-07
460 15.0509 4.44148e-07
461 15.0509 4.38684e-07
462 15.0509 4.33287e-07
463 15.0509 4.27956e-07
464 15.0509 4.2269e-07
465 15.0509 4.17488e-07
466 15.0509 4.1235e-07
467 15.0509 4.07275e-07
468 15.0509 4.02261e-07
469 15.0509 3.97308e-07
470 15.0509 3.92416e-07
471 15.0508 3.87583e-07
472 15.0508 3.82809e-07
473 15.0508 3.78093e-07
474 15.0508 3.73434e-07
475 15.0508 3.68832e-07
476 15.0508 3.64286e-07
477 15.0508 3.59795e-07
478 15.0508 3.55358e-07
479 15.0508 3.50976e-07
480 15.0508 3.46646e-07
481 15.0508 3.42369e-07
482 15.0508 3.38144e-07
483 15.0508 3.33969e-07
484 15.0508 3.29846e-07
485 15.0508 3.25772e-07
486 15.0508 3.21748e-07
487 15.0508 3.17772e-07
488 15.0508 3.13844e-07
489 15.0508 3.09964e-07
490 15.0507 3.0613e-07
491 15.0507 3.02343e-07
492 15.0507 2.98602e-07
493 15.0507 2.94906e-07
494 15.0507 2.91254e-07
495 15.0507 2.87646e-07
496 15.0507 2.84082e-07
497 15.0507 2.80561e-07
498 15.0507 2.77082e-07
499 15.0507 2.73645e-07
500 15.0507 2.7025e-07
501 15.0507 2.66895e-07
502 15.0507 2.63581e-07
503 15.0507 2.60306e-07
504 15.0507 2.57071e-07
505 15.0507 2.53875e-07
506 15.0507 2.50718e-07
507 15.0507 2.47598e-07
508 15.0507 2.44515e-07
509 15.0507 2.4147e-07
510 15.0507 2.38461e-07
511 15.0507 2.35489e-07
512 15.0507 2.32552e-07
513 15.0507 2.2965e-07
514 15.0507 2.26783e-07
515 15.0507 2.23951e-07
516 15.0506 2.21152e-07
517 15.0506 2.18387e-07
518 15.0506 2.15655e-07
519 15.0506 2.12956e-07
520 15.0506 2.10289e-07
521 15.0506 2.07654e-07
522 15.0506 2.05051e-07
523 15.0506 2.02479e-07
524 15.0506 1.99937e-07
525 15.0506 1.97426e-07
526 15.0506 1.94945e-07
527 15.0506 1.92494e-07
528 15.0506 1.90072e-07
529 15.0506 1.87679e-07
530 15.0506 1.85315e-07
531 15.0506 1.82979e-07
532 15.0506 1.80671e-07
533 15.0506 1.7839e-07
534 15.0506 1.76137e-07
535 15.0506 1.7391e-07
536 15.0506 1.71711e-07
537 15.0506 1.69537e-07
538 15.0506 1.67389e-07
539 15.0506 1.65268e-07
540 15.0506 1.63171e-07
541 15.0506 1.61099e-07
542 15.0506 1.59053e-07
543 15.0506 1.5703e-07
544 15.0506 1.55032e-07
545 15.0506 1.53058e-07
546 15.0506 1.51107e-07
547 15.0506 1.49179e-07
548 15.0506 1.47275e-07
549 15.0506 1.45393e-07
550 15.0506 1.43534e-07
551 15.0506 1.41697e-07
552 15.0506 1.39881e-07
553 15.0506 1.38088e-07
554 15.0505 1.36316e-07
555 15.0505 1.34564e-07
556 15.0505 1.32834e-07
557 15.0505 1.31125e-07
558 15.0505 1.29436e-07
559 15.0505 1.27767e-07
560 15.0505 1.26118e-07
561 15.0505 1.24488e-07
562 15.0505 1.22878e-07
563 15.0505 1.21288e-07
564 15.0505 1.19716e-07
565 15.0505 1.18163e-07
566 15.0505 1.16628e-07
567 15.0505 1.15112e-07
568 15.0505 1.13614e-07
569 15.0505 1.12134e-07
570 15.0505 1.10671e-07
571 15.0505 1.09226e-07
572 15.0505 1.07799e-07
573 15.0505 1.06388e-07
574 15.0505 1.04994e-07
575 15.0505 1.03617e-07
576 15.0505 1.02256e-07
577 15.0505 1.00911e-07
578 15.0505 9.95825e-08
579 15.0505 9.82698e-08
580 15.0505 9.69728e-08
581 15.0505 9.56912e-08
582 15.0505 9.4425e-08
583 15.0505 9.31739e-08
584 15.0505 9.19378e-08
585 15.0505 9.07164e-08
586 15.0505 8.95096e-08
587 15.0505 8.83173e-08
588 15.0505 8.71392e-08
589 15.0505 8.59752e-08
590 15.0505 8.48251e-08
591 15.0505 8.36888e-08
592 15.0505 8.25661e-08
593 15.0505 8.14568e-08
594 15.0505 8.03608e-08
595 15.0505 7.92779e-08
596 15.0505 7.82079e-08
597 15.0505 7.71508e-08
598 15.0505 7.61064e-08
599 15.0505 7.50744e-08
600 15.0505 7.40549e-08
601 15.0505 7.30475e-08
602 15.0505 7.20522e-08
603 15.0505 7.10689e-08
604 15.0505 7.00974e-08
605 15.0505 6.91375e-08
606 15.0505 6.81891e-08
607 15.0505 6.72522e-08
608 15.0505 6.63264e-08
609 15.0505 6.54118e-08
610 15.0505 6.45082e-08
611 15.0505 6.36155e-08
612 15.0505 6.27335e-08
613 15.0505 6.1862e-08
614 15.0505 6.10011e-08
615 15.0505 6.01506e-08
616 15.0505 5.93102e-08
617 15.0505 5.848e-08
618 15.0505 5.76598e-08
619 15.0505 5.68495e-08
620 15.0505 5.6049e-08
621 15.0505 5.52581e-08
622 15.0505 5.44767e-08
623 15.0505 5.37048e-08
624 15.0505 5.29422e-08
625 15.0505 5.21888e-08
626 15.0505 5.14445e-08
627 15.0505 5.07092e-08
628 15.0505 4.99829e-08
629 15.0505 4.92652e-08
630 15.0505 4.85563e-08
631 15.0505 4.7856e-08
632 15.0504 4.71641e-08
633 15.0504 4.64807e-08
634 15.0504 4.58055e-08
635 15.0504 4.51385e-08
636 15.0504 4.44796e-08
637 15.0504 4.38287e-08
638 15.0504 4.31857e-08
639 15.0504 4.25506e-08
640 15.0504 4.19231e-08
641 15.0504 4.13033e-08
642 15.0504 4.06911e-08
643 15.0504 4.00863e-08
644 15.0504 3.94888e-08
645 15.0504 3.88987e-08
646 15.0504 3.83157e-08
647 15.0504 3.77399e-08
648 15.0504 3.71711e-08
649 15.0504 3.66093e-08
650 15.0504 3.60543e-08
651 15.0504 3.55061e-08
652 15.0504 3.49646e-08
653 15.0504 3.44298e-08
654 15.0504 3.39015e-08
655 15.0504 3.33797e-08
656 15.0504 3.28643e-08
657 15.0504 3.23553e-08
658 15.0504 3.18524e-08
659 15.0504 3.13558e-08
660 15.0504 3.08653e-08
661 15.0504 3.03808e-08
662 15.0504 2.99023e-08
663 15.0504 2.94297e-08
664 15.0504 2.8963e-08
665 15.0504 2.8502e-08
666 15.0504 2.80467e-08
667 15.0504 2.7597e-08
668 15.0504 2.71529e-08
669 15.0504 2.67143e-08
670 15.0504 2.62811e-08
671 15.0504 2.58533e-08
672 15.0504 2.54308e-08
673 15.0504 2.50136e-08
674 15.0504 2.46016e-08
675 15.0504 2.41946e-08
676 15.0504 2.37928e-08
677 15.0504 2.33959e-08
678 15.0504 2.30041e-08
679 15.0504 2.26171e-08
680 15.0504 2.22349e-08
681 15.0504 2.18575e-08
682 15.0504 2.14849e-08
683 15.0504 2.11169e-08
684 15.0504 2.07535e-08
685 15.0504 2.03948e-08
686 15.0504 2.00405e-08
687 15.0504 1.96906e-08
688 15.0504 1.93452e-08
689 15.0504 1.90041e-08
690 15.0504 1.86674e-08
691 15.0504 1.83348e-08
692 15.0504 1.80065e-08
693 15.0504 1.76824e-08
694 15.0504 1.73623e-08
695 15.0504 1.70463e-08
696 15.0504 1.67343e-08
697 15.0504 1.64263e-08
698 15.0504 1.61222e-08
699 15.0504 1.5822e-08
700 15.0504 1.55256e-08
701 15.0504 1.52329e-08
702 15.0504 1.49441e-08
703 15.0504 1.46589e-08
704 15.0504 1.43773e-08
705 15.0504 1.40994e-08
706 15.0504 1.38251e-08
707 15.0504 1.35542e-08
708 15.0504 1.32869e-08
709 15.0504 1.3023e-08
710 15.0504 1.27625e-08
711 15.0504 1.25054e-08
712 15.0504 1.22515e-08
713 15.0504 1.2001e-08
714 15.0504 1.17537e-08
715 15.0504 1.15097e-08
716 15.0504 1.12688e-08
717 15.0504 1.1031e-08
718 15.0504 1.07964e-08
719 15.0504 1.05648e-08
720 15.0504 1.03362e-08
721 15.0504 1.01106e-08
722 15.0504 9.888e-09
1 24.7863 23.7863
2 20.9507 0.154747
3 18.366 0.12337
4 16.5642 0.0981048
5 15.228 0.0806704
6 14.1885 0.0682577
7 13.3509 0.0590362
8 12.6576 0.051931
9 12.0716 0.0462925
10 11.5681 0.0417097
11 11.1296 0.0379112
12 10.7432 0.0347111
13 10.3997 0.0319778
14 10.0917 0.0296158
15 9.81364 0.0275538
16 9.56106 0.0257379
17 9.33039 0.0241263
18 9.11872 0.0226863
19 8.92365 0.0213916
20 8.7432 0.0202213
21 8.5757 0.0191581
22 8.41973 0.018188
23 8.27407 0.0172993
24 8.1377 0.016482
25 8.00971 0.015728
26 7.88932 0.0150301
27 7.77586 0.0143822
28 7.66871 0.0137793
29 7.56735 0.0132167
30 7.47132 0.0126907
31 7.38019 0.0121977
32 7.29358 0.0117347
33 7.21117 0.0112992
34 7.13265 0.0108888
35 7.05775 0.0105013
36 6.98622 0.0101349
37 6.91784 0.00978805
38 6.8524 0.00945915
39 6.78972 0.00914689
40 6.72963 0.00885005
41 6.67198 0.00856755
42 6.61661 0.00829839
43 6.5634 0.00804166
44 6.51223 0.00779656
45 6.46298 0.00756232
46 6.41555 0.00733826
47 6.36985 0.00712375
48 6.32578 0.0069182
49 6.28327 0.0067211
50 6.24222 0.00653194
51 6.20259 0.00635028
52 6.16428 0.00617569
53 6.12725 0.00600778
54 6.09143 0.0058462
55 6.05676 0.00569061
56 6.0232 0.0055407
57 5.9907 0.00539618
58 5.95921 0.00525677
59 5.92868 0.00512223
60 5.89909 0.00499232
61 5.87038 0.00486681
62 5.84252 0.00474551
63 5.81548 0.00462821
64 5.78922 0.00451473
65 5.76372 0.0044049
66 5.73895 0.00429856
67 5.71487 0.00419556
68 5.69146 0.00409575
69 5.6687 0.00399901
70 5.64656 0.00390519
71 5.62503 0.00381418
72 5.60407 0.00372586
73 5.58367 0.00364014
74 5.56381 0.00355689
75 5.54447 0.00347604
76 5.52563 0.00339748
77 5.50728 0.00332112
78 5.4894 0.0032469
79 5.47197 0.00317471
80 5.45498 0.0031045
81 5.43842 0.00303619
82 5.42227 0.0029697
83 5.40652 0.00290499
84 5.39115 0.00284197
85 5.37616 0.0027806
86 5.36154 0.00272082
87 5.34726 0.00266257
88 5.33333 0.00260581
89 5.31972 0.00255047
90 5.30644 0.00249653
91 5.29347 0.00244392
92 5.28081 0.00239261
93 5.26844 0.00234256
94 5.25635 0.00229373
95 5.24455 0.00224607
96 5.23301 0.00219956
97 5.22174 0.00215415
98 5.21072 0.00210982
99 5.19995 0.00206653
100 5.18943 0.00202425
101 5.17914 0.00198295
102 5.16908 0.0019426
103 5.15924 0.00190318
104 5.14962 0.00186465
105 5.14021 0.001827
106 5.13101 0.00179019
107 5.12201 0.00175421
108 5.1132 0.00171903
109 5.10459 0.00168463
110 5.09616 0.00165098
111 5.08792 0.00161808
112 5.07985 0.00158589
113 5.07195 0.0015544
114 5.06422 0.00152359
115 5.05666 0.00149344
116 5.04926 0.00146394
117 5.04201 0.00143507
118 5.03492 0.00140681
119 5.02797 0.00137914
120 5.02118 0.00135206
121 5.01452 0.00132555
122 5.008 0.00129958
123 5.00162 0.00127416
124 4.99537 0.00124927
125 4.98926 0.00122489
126 4.98326 0.00120101
127 4.97739 0.00117762
128 4.97165 0.0011547
129 4.96602 0.00113226
130 4.9605 0.00111027
131 4.9551 0.00108872
132 4.94981 0.00106761
133 4.94463 0.00104693
134 4.93956 0.00102665
135 4.93458 0.00100679
136 4.92971 0.000987318
137 4.92494 0.000968236
138 4.92026 0.000949533
139 4.91568 0.000931199
140 4.91119 0.000913228
141 4.90679 0.000895611
142 4.90248 0.000878341
143 4.89826 0.000861409
144 4.89412 0.000844809
145 4.89007 0.000828534
146 4.88609 0.000812575
147 4.8822 0.000796928
148 4.87838 0.000781585
149 4.87464 0.000766539
150 4.87098 0.000751785
151 4.86739 0.000737316
152 4.86387 0.000723127
153 4.86042 0.000709211
154 4.85704 0.000695563
155 4.85372 0.000682177
156 4.85048 0.000669049
157 4.84729 0.000656172
158 4.84417 0.000643542
159 4.84112 0.000631154
160 4.83812 0.000619002
161 4.83518 0.000607082
162 4.8323 0.00059539
163 4.82948 0.000583921
164 4.82672 0.00057267
165 4.82401 0.000561633
166 4.82135 0.000550805
167 4.81874 0.000540184
168 4.81619 0.000529763
169 4.81369 0.000519541
170 4.81124 0.000509512
171 4.80883 0.000499673
172 4.80648 0.000490021
173 4.80417 0.000480551
174 4.8019 0.00047126
175 4.79968 0.000462145
176 4.79751 0.000453202
177 4.79538 0.000444428
178 4.79329 0.000435819
179 4.79124 0.000427373
180 4.78923 0.000419086
181 4.78726 0.000410956
182 4.78533 0.000402979
183 4.78344 0.000395152
184 4.78159 0.000387473
185 4.77977 0.000379938
186 4.77799 0.000372546
187 4.77624 0.000365293
188 4.77453 0.000358176
189 4.77286 0.000351194
190 4.77121 0.000344343
191 4.7696 0.000337621
192 4.76802 0.000331025
193 4.76648 0.000324554
194 4.76496 0.000318205
195 4.76347 0.000311975
196 4.76202 0.000305863
197 4.76059 0.000299866
198 4.75919 0.000293982
199 4.75782 0.000288209
200 4.75647 0.000282545
201 4.75516 0.000276987
202 4.75386 0.000271535
203 4.7526 0.000266185
204 4.75136 0.000260936
205 4.75014 0.000255786
206 4.74895 0.000250733
207 4.74779 0.000245776
208 4.74664 0.000240912
209 4.74552 0.000236141
210 4.74442 0.000231459
211 4.74335 0.000226866
212 4.74229 0.00022236
213 4.74126 0.000217939
214 4.74024 0.000213601
215 4.73925 0.000209346
216 4.73828 0.000205171
217 4.73733 0.000201076
218 4.73639 0.000197058
219 4.73548 0.000193116
220 4.73458 0.000189249
221 4.7337 0.000185456
222 4.73284 0.000181734
223 4.732 0.000178083
224 4.73118 0.000174502
225 4.73037 0.000170989
226 4.72957 0.000167542
227 4.7288 0.000164161
228 4.72804 0.000160845
229 4.72729 0.000157591
230 4.72656 0.0001544
231 4.72585 0.00015127
232 4.72515 0.000148199
233 4.72446 0.000145187
234 4.72379 0.000142232
235 4.72313 0.000139334
236 4.72249 0.000136492
237 4.72185 0.000133704
238 4.72124 0.000130969
239 4.72063 0.000128287
240 4.72004 0.000125656
241 4.71946 0.000123075
242 4.71889 0.000120544
243 4.71833 0.000118062
244 4.71779 0.000115628
245 4.71725 0.00011324
246 4.71673 0.000110898
247 4.71622 0.000108602
248 4.71571 0.000106349
249 4.71522 0.000104141
250 4.71474 0.000101974
251 4.71427 9.985e-05
252 4.71381 9.77666e-05
253 4.71336 9.57236e-05
254 4.71292 9.37202e-05
255 4.71248 9.17556e-05
256 4.71206 8.9829e-05
257 4.71165 8.79399e-05
258 4.71124 8.60874e-05
259 4.71084 8.4271e-05
260 4.71046 8.24899e-05
261 4.71008 8.07434e-05
262 4.7097 7.9031e-05
263 4.70934 7.73519e-05
264 4.70898 7.57056e-05
265 4.70863 7.40915e-05
266 4.70829 7.25089e-05
267 4.70796 7.09573e-05
268 4.70763 6.9436e-05
269 4.70731 6.79446e-05
270 4.707 6.64824e-05
271 4.70669 6.50489e-05
272 4.70639 6.36436e-05
273 4.7061 6.22659e-05
274 4.70581 6.09153e-05
275 4.70553 5.95913e-05
276 4.70526 5.82934e-05
277 4.70499 5.70212e-05
278 4.70473 5.5774e-05
279 4.70447 5.45516e-05
280 4.70422 5.33533e-05
281 4.70397 5.21787e-05
282 4.70373 5.10275e-05
283 4.7035 4.98991e-05
284 4.70327 4.87931e-05
285 4.70305 4.77091e-05
286 4.70283 4.66467e-05
287 4.70261 4.56054e-05
288 4.7024 4.4585e-05
289 4.7022 4.35849e-05
290 4.702 4.26048e-05
291 4.7018 4.16443e-05
292 4.70161 4.0703e-05
293 4.70142 3.97807e-05
294 4.70124 3.88768e-05
295 4.70106 3.79911e-05
296 4.70089 3.71232e-05
297 4.70072 3.62729e-05
298 4.70055 3.54396e-05
299 4.70039 3.46232e-05
300 4.70023 3.38233e-05
301 4.70007 3.30395e-05
302 4.69992 3.22717e-05
303 4.69977 3.15194e-05
304 4.69963 3.07824e-05
305 4.69949 3.00604e-05
306 4.69935 2.93531e-05
307 4.69921 2.86602e-05
308 4.69908 2.79814e-05
309 4.69895 2.73165e-05
310 4.69883 2.66652e-05
311 4.69871 2.60273e-05
312 4.69859 2.54024e-05
313 4.69847 2.47904e-05
314 4.69836 2.4191e-05
315 4.69825 2.36039e-05
316 4.69814 2.30289e-05
317 4.69803 2.24658e-05
318 4.69793 2.19143e-05
319 4.69783 2.13743e-05
320 4.69773 2.08455e-05
321 4.69764 2.03276e-05
322 4.69754 1.98206e-05
323 4.69745 1.9324e-05
324 4.69736 1.88379e-05
325 4.69728 1.83619e-05
326 4.69719 1.78959e-05
327 4.69711 1.74396e-05
328 4.69703 1.69929e-05
329 4.69695 1.65556e-05
330 4.69688 1.61275e-05
331 4.6968 1.57085e-05
332 4.69673 1.52983e-05
333 4.69666 1.48968e-05
334 4.69659 1.45038e-05
335 4.69653 1.41191e-05
336 4.69646 1.37426e-05
337 4.6964 1.33742e-05
338 4.69634 1.30136e-05
339 4.69628 1.26607e-05
340 4.69622 1.23154e-05
341 4.69617 1.19775e-05
342 4.69611 1.16469e-05
343 4.69606 1.13234e-05
344 4.69601 1.10068e-05
345 4.69596 1.06972e-05
346 4.69591 1.03942e-05
347 4.69586 1.00978e-05
348 4.69581 9.80785e-06
349 4.69577 9.52423e-06
350 4.69573 9.24681e-06
351 4.69568 8.97546e-06
352 4.69564 8.71007e-06
353 4.6956 8.45051e-06
354 4.69556 8.19667e-06
355 4.69553 7.94843e-06
356 4.69549 7.70569e-06
357 4.69546 7.46834e-06
358 4.69542 7.23626e-06
359 4.69539 7.00935e-06
360 4.69536 6.78752e-06
361 4.69533 6.57065e-06
362 4.6953 6.35865e-06
363 4.69527 6.15142e-06
364 4.69524 5.94887e-06
365 4.69521 5.7509e-06
366 4.69519 5.55741e-06
367 4.69516 5.36833e-06
368 4.69514 5.18355e-06
369 4.69511 5.003e-06
370 4.69509 4.82659e-06
371 4.69507 4.65423e-06
372 4.69505 4.48585e-06
373 4.69503 4.32136e-06
374 4.69501 4.16068e-06
375 4.69499 4.00373e-06
376 4.69497 3.85045e-06
377 4.69495 3.70075e-06
378 4.69494 3.55457e-06
379 4.69492 3.41182e-06
380 4.69491 3.27245e-06
381 4.69489 3.13638e-06
382 4.69488 3.00354e-06
383 4.69486 2.87387e-06
384 4.69485 2.7473e-06
385 4.69484 2.62377e-06
386 4.69483 2.50322e-06
387 4.69482 2.38559e-06
388 4.6948 2.27081e-06
389 4.69479 2.15882e-06
390 4.69478 2.04957e-06
391 4.69478 1.94301e-06
392 4.69477 1.83907e-06
393 4.69476 1.7377e-06
394 4.69475 1.63885e-06
395 4.69474 1.54247e-06
396 4.69474 1.4485e-06
397 4.69473 1.35689e-06
398 4.69472 1.2676e-06
399 4.69472 1.18057e-06
400 4.69471 1.09577e-06
401 4.69471 1.01313e-06
402 4.69471 9.32618e-07
403 4.6947 8.54188e-07
404 4.6947 7.77796e-07
405 4.69469 7.03397e-07
406 4.69469 6.3095e-07
407 4.69469 5.60413e-07
408 4.69469 4.91746e-07
409 4.69468 4.24908e-07
410 4.69468 3.59862e-07
411 4.69468 2.96568e-07
412 4.69468 2.34989e-07
413 4.69468 1.75089e-07
414 4.69468 1.16831e-07
415 4.69468 6.01793e-08
416 4.69468 5.10012e-09
