10 273 44 0.00749836
20 273 44 0.0745583
30 273 44 0.236911
40 273 44 0.445378
50 273.003 44 0.665587
60 273.009 44 0.89348
70 273.023 44 1.11997
80 273.045 44 1.34509
90 273.076 44 1.56684
100 273.117 44 1.78496
110 273.168 44 1.99933
120 273.229 44 2.2095
130 273.301 44 2.41579
140 273.382 44 2.61782
150 273.473 44 2.81592
160 273.573 44 3.00988
170 273.682 44 3.19997
180 273.8 44 3.3861
190 273.925 44 3.56849
200 274.058 44 3.74714
210 274.198 44 3.92223
220 274.344 44 4.09383
230 274.496 44 4.26208
240 274.653 44 4.42709
250 274.816 44 4.58898
260 274.983 44 4.74787
270 275.154 44 4.90387
280 275.328 44 5.05712
290 275.506 44 5.20769
300 275.687 44 5.35573
310 275.871 44 5.5013
320 276.057 44 5.64454
330 276.245 44 5.78551
340 276.435 44 5.92433
350 276.626 44 6.06106
360 276.819 44 6.19579
370 277.012 44 6.32859
380 277.207 44 6.45955
390 277.402 44 6.58872
400 277.597 44 6.71616
410 277.793 44 6.84194
420 277.989 44 6.96612
430 278.184 44 7.08874
440 278.38 44 7.20986
450 278.576 44 7.32951
460 278.771 44 7.44775
470 278.965 44 7.56462
480 279.159 44 7.68014
490 279.353 44 7.79437
500 279.545 44 7.90732
510 279.737 44 8.01904
520 279.928 44 8.12955
530 280.118 44 8.23889
540 280.308 44 8.34706
550 280.496 44 8.45411
560 280.683 44 8.56006
570 280.869 44 8.66492
580 281.054 44 8.76872
590 281.237 44 8.87147
600 281.42 44 8.9732
610 281.601 44 9.07393
620 281.781 44 9.17366
630 281.96 44 9.27242
640 282.138 44 9.37022
650 282.314 44 9.46708
660 282.489 44 9.56301
670 282.663 44 9.65802
680 282.835 44 9.75213
690 283.006 44 9.84535
700 283.176 44 9.93768
710 283.344 44 10.0292
720 283.511 44 10.1198
730 283.677 44 10.2095
740 283.841 44 10.2985
750 284.004 44 10.3866
760 284.166 44 10.4739
770 284.326 44 10.5603
780 284.485 44 10.646
790 284.643 44 10.7309
800 284.799 44 10.815
810 284.955 44 10.8984
820 285.108 44 10.9809
830 285.261 44 11.0628
840 285.412 44 11.1438
850 285.562 44 11.2242
860 285.71 44 11.3038
870 285.858 44 11.3826
880 286.004 44 11.4608
890 286.148 44 11.5383
900 286.292 44 11.615
910 286.434 44 11.691
920 286.575 44 11.7664
930 286.715 44 11.8411
940 286.853 44 11.9151
950 286.991 44 11.9884
960 287.127 44 12.0611
970 287.261 44 12.1331
980 287.395 44 12.2044
990 287.528 44 12.2751
1000 287.659 44 12.3452
1010 287.789 44 12.4147
1020 287.918 44 12.4835
1030 288.046 44 12.5517
1040 288.173 44 12.6192
1050 288.298 44 12.6862
1060 288.423 44 12.7526
1070 288.546 44 12.8183
1080 288.669 44 12.8835
1090 288.79 44 12.9481
1100 288.91 44 13.0121
1110 289.029 44 13.0755
1120 289.147 44 13.1383
1130 289.264 44 13.2006
1140 289.38 44 13.2624
1150 289.495 44 13.3235
1160 289.608 44 13.3841
1170 289.721 44 13.4442
1180 289.833 44 13.5037
1190 289.944 44 13.5627
1200 290.054 44 13.6212
1210 290.162 44 13.6791
1220 290.27 44 13.7365
1230 290.377 44 13.7934
1240 290.483 44 13.8498
1250 290.588 44 13.9057
1260 290.692 44 13.9611
1270 290.795 44 14.016
1280 290.897 44 14.0703
1290 290.998 44 14.1242
1300 291.099 44 14.1776
1310 291.198 44 14.2306
1320 291.297 44 14.283
1330 291.394 44 14.335
1340 291.491 44 14.3865
1350 291.587 44 14.4375
1360 291.682 44 14.4881
1370 291.776 44 14.5383
1380 291.87 44 14.5879
1390 291.962 44 14.6372
1400 292.054 44 14.686
1410 292.145 44 14.7343
1420 292.235 44 14.7822
1430 292.324 44 14.8297
1440 292.412 44 14.8768
1450 292.5 44 14.9234
1460 292.587 44 14.9696
1470 292.673 44 15.0154
1480 292.758 44 15.0608
1490 292.843 44 15.1058
1500 292.926 44 15.1504
1510 293.009 44 15.1945
1520 293.092 44 15.2383
1530 293.173 44 15.2817
1540 293.254 44 15.3247
1550 293.334 44 15.3673
1560 293.413 44 15.4095
1570 293.492 44 15.4513
1580 293.57 44 15.4928
1590 293.647 44 15.5339
1600 293.724 44 15.5746
1610 293.799 44 15.615
1620 293.875 44 15.655
1630 293.949 44 15.6946
1640 294.023 44 15.7339
1650 294.096 44 15.7728
1660 294.168 44 15.8114
1670 294.24 44 15.8496
1680 294.311 44 15.8875
1690 294.382 44 15.925
1700 294.452 44 15.9622
1710 294.521 44 15.9991
1720 294.59 44 16.0356
1730 294.658 44 16.0718
1740 294.725 44 16.1077
1750 294.792 44 16.1432
1760 294.858 44 16.1785
1770 294.924 44 16.2134
1780 294.989 44 16.248
1790 295.053 44 16.2823
1800 295.117 44 16.3163
1810 295.18 44 16.35
1820 295.243 44 16.3833
1830 295.305 44 16.4164
1840 295.367 44 16.4492
1850 295.428 44 16.4817
1860 295.488 44 16.5139
1870 295.548 44 16.5458
1880 295.608 44 16.5774
1890 295.667 44 16.6087
1900 295.725 44 16.6398
1910 295.783 44 16.6705
1920 295.84 44 16.701
1930 295.897 44 16.7312
1940 295.953 44 16.7612
1950 296.009 44 16.7909
1960 296.064 44 16.8203
1970 296.119 44 16.8494
1980 296.173 44 16.8783
1990 296.227 44 16.9069
2000 296.28 44 16.9353
2010 296.333 44 16.9634
2020 296.386 44 16.9913
2030 296.437 44 17.0189
2040 296.489 44 17.0462
2050 296.54 44 17.0733
2060 296.59 44 17.1002
2070 296.64 44 17.1268
2080 296.69 44 17.1532
2090 296.739 44 17.1794
2100 296.788 44 17.2053
2110 296.836 44 17.231
2120 296.884 44 17.2564
2130 296.931 44 17.2816
2140 296.978 44 17.3066
2150 297.025 44 17.3314
2160 297.071 44 17.3559
2170 297.116 44 17.3803
2180 297.162 44 17.4044
2190 297.207 44 17.4283
2200 297.251 44 17.4519
2210 297.295 44 17.4754
2220 297.339 44 17.4986
2230 297.382 44 17.5217
2240 297.425 44 17.5445
2250 297.468 44 17.5671
2260 297.51 44 17.5896
2270 297.552 44 17.6118
2280 297.593 44 17.6338
2290 297.634 44 17.6556
2300 297.675 44 17.6773
2310 297.715 44 17.6987
2320 297.755 44 17.7199
2330 297.794 44 17.741
2340 297.834 44 17.7618
2350 297.872 44 17.7825
2360 297.911 44 17.803
2370 297.949 44 17.8233
2380 297.987 44 17.8434
2390 298.024 44 17.8634
2400 298.061 44 17.8831
2410 298.098 44 17.9027
2420 298.135 44 17.9221
2430 298.171 44 17.9413
2440 298.207 44 17.9604
2450 298.242 44 17.9793
2460 298.277 44 17.998
2470 298.312 44 18.0165
2480 298.347 44 18.0349
2490 298.381 44 18.0531
2500 298.415 44 18.0712
2510 298.448 44 18.0891
2520 298.482 44 18.1068
2530 298.515 44 18.1244
2540 298.547 44 18.1418
2550 298.58 44 18.159
2560 298.612 44 18.1761
2570 298.644 44 18.1931
2580 298.675 44 18.2099
2590 298.707 44 18.2265
2600 298.738 44 18.243
2610 298.768 44 18.2593
2620 298.799 44 18.2755
2630 298.829 44 18.2916
2640 298.859 44 18.3075
2650 298.888 44 18.3233
2660 298.918 44 18.3389
2670 298.947 44 18.3544
2680 298.976 44 18.3697
2690 299.004 44 18.3849
2700 299.033 44 18.4
2710 299.061 44 18.4149
2720 299.088 44 18.4297
2730 299.116 44 18.4444
2740 299.143 44 18.4589
2750 299.17 44 18.4733
2760 299.197 44 18.4876
2770 299.224 44 18.5017
2780 299.25 44 18.5157
2790 299.276 44 18.5296
2800 299.302 44 18.5434
2810 299.328 44 18.557
2820 299.353 44 18.5705
2830 299.378 44 18.5839
2840 299.403 44 18.5972
2850 299.428 44 18.6103
2860 299.452 44 18.6234
2870 299.477 44 18.6363
2880 299.501 44 18.6491
2890 299.525 44 18.6618
2900 299.548 44 18.6744
2910 299.572 44 18.6868
2920 299.595 44 18.6992
2930 299.618 44 18.7114
2940 299.641 44 18.7235
2950 299.663 44 18.7356
2960 299.686 44 18.7475
2970 299.708 44 18.7593
2980 299.73 44 18.771
2990 299.752 44 18.7826
3000 299.773 44 18.7941
3010 299.795 44 18.8054
3020 299.816 44 18.8167
3030 299.837 44 18.8279
3040 299.858 44 18.839
3050 299.878 44 18.85
3060 299.899 44 18.8608
3070 299.919 44 18.8716
3080 299.939 44 18.8823
3090 299.959 44 18.8929
3100 299.979 44 18.9034
3110 299.998 44 18.9138
3120 300.018 44 18.9241
3130 300.037 44 18.9343
3140 300.056 44 18.9444
3150 300.075 44 18.9545
3160 300.093 44 18.9644
3170 300.112 44 18.9743
3180 300.13 44 18.984
3190 300.148 44 18.9937
3200 300.166 44 19.0033
3210 300.184 44 19.0128
3220 300.202 44 19.0222
3230 300.219 44 19.0315
3240 300.237 44 19.0408
3250 300.254 44 19.0499
3260 300.271 44 19.059
3270 300.288 44 19.068
3280 300.305 44 19.0769
3290 300.321 44 19.0858
3300 300.338 44 19.0945
3310 300.354 44 19.1032
3320 300.37 44 19.1118
3330 300.386 44 19.1203
3340 300.402 44 19.1288
3350 300.418 44 19.1372
3360 300.433 44 19.1455
3370 300.449 44 19.1537
3380 300.464 44 19.1618
3390 300.479 44 19.1699
3400 300.494 44 19.1779
3410 300.509 44 19.1858
3420 300.524 44 19.1937
3430 300.539 44 19.2015
3440 300.553 44 19.2092
3450 300.568 44 19.2169
3460 300.582 44 19.2244
3470 300.596 44 19.2319
3480 300.61 44 19.2394
3490 300.624 44 19.2468
3500 300.638 44 19.2541
3510 300.651 44 19.2613
3520 300.665 44 19.2685
3530 300.678 44 19.2756
3540 300.691 44 19.2827
3550 300.704 44 19.2896
3560 300.717 44 19.2966
3570 300.73 44 19.3034
3580 300.743 44 19.3102
3590 300.756 44 19.317
3600 300.768 44 19.3237
3610 300.781 44 19.3303
3620 300.793 44 19.3368
3630 300.805 44 19.3433
3640 300.817 44 19.3498
3650 300.829 44 19.3562
3660 300.841 44 19.3625
3670 300.853 44 19.3688
3680 300.865 44 19.375
3690 300.876 44 19.3811
3700 300.888 44 19.3872
3710 300.899 44 19.3933
3720 300.91 44 19.3993
3730 300.922 44 19.4052
3740 300.933 44 19.4111
3750 300.944 44 19.4169
3760 300.954 44 19.4227
3770 300.965 44 19.4284
3780 300.976 44 19.4341
3790 300.986 44 19.4397
3800 300.997 44 19.4453
3810 301.007 44 19.4508
3820 301.018 44 19.4563
3830 301.028 44 19.4617
3840 301.038 44 19.4671
3850 301.048 44 19.4724
3860 301.058 44 19.4777
3870 301.068 44 19.4829
3880 301.077 44 19.4881
3890 301.087 44 19.4933
3900 301.097 44 19.4984
3910 301.106 44 19.5034
3920 301.115 44 19.5084
3930 301.125 44 19.5134
3940 301.134 44 19.5183
3950 301.143 44 19.5231
3960 301.152 44 19.528
3970 301.161 44 19.5327
3980 301.17 44 19.5375
3990 301.179 44 19.5422
4000 301.188 44 19.5468
4010 301.196 44 19.5514
4020 301.205 44 19.556
4030 301.213 44 19.5605
4040 301.222 44 19.565
4050 301.23 44 19.5695
4060 301.238 44 19.5739
4070 301.247 44 19.5782
4080 301.255 44 19.5826
4090 301.263 44 19.5868
4100 301.271 44 19.5911
4110 301.279 44 19.5953
4120 301.287 44 19.5995
4130 301.294 44 19.6036
4140 301.302 44 19.6077
4150 301.31 44 19.6118
4160 301.317 44 19.6158
4170 301.325 44 19.6198
4180 301.332 44 19.6238
4190 301.34 44 19.6277
4200 301.347 44 19.6316
4210 301.354 44 19.6354
4220 301.361 44 19.6392
4230 301.368 44 19.643
4240 301.375 44 19.6467
4250 301.382 44 19.6504
4260 301.389 44 19.6541
4270 301.396 44 19.6578
4280 301.403 44 19.6614
4290 301.41 44 19.665
4300 301.416 44 19.6685
4310 301.423 44 19.672
4320 301.429 44 19.6755
4330 301.436 44 19.679
4340 301.442 44 19.6824
4350 301.449 44 19.6858
4360 301.455 44 19.6891
4370 301.461 44 19.6925
4380 301.468 44 19.6958
4390 301.474 44 19.699
4400 301.48 44 19.7023
4410 301.486 44 19.7055
4420 301.492 44 19.7087
4430 301.498 44 19.7118
4440 301.504 44 19.7149
4450 301.509 44 19.718
4460 301.515 44 19.7211
4470 301.521 44 19.7242
4480 301.527 44 19.7272
4490 301.532 44 19.7302
4500 301.538 44 19.7331
4510 301.543 44 19.7361
4520 301.549 44 19.739
4530 301.554 44 19.7418
4540 301.559 44 19.7447
4550 301.565 44 19.7475
4560 301.57 44 19.7503
4570 301.575 44 19.7531
4580 301.58 44 19.7559
4590 301.586 44 19.7586
4600 301.591 44 19.7613
4610 301.596 44 19.764
4620 301.601 44 19.7666
4630 301.606 44 19.7693
4640 301.611 44 19.7719
4650 301.615 44 19.7745
4660 301.62 44 19.777
4670 301.625 44 19.7796
4680 301.63 44 19.7821
4690 301.634 44 19.7846
4700 301.639 44 19.787
4710 301.644 44 19.7895
4720 301.648 44 19.7919
4730 301.653 44 19.7943
4740 301.657 44 19.7967
4750 301.662 44 19.7991
4760 301.666 44 19.8014
4770 301.67 44 19.8037
4780 301.675 44 19.806
4790 301.679 44 19.8083
4800 301.683 44 19.8106
4810 301.687 44 19.8128
4820 301.692 44 19.815
4830 301.696 44 19.8172
4840 301.7 44 19.8194
4850 301.704 44 19.8215
4860 301.708 44 19.8237
4870 301.712 44 19.8258
4880 301.716 44 19.8279
4890 301.72 44 19.83
4900 301.724 44 19.832
4910 301.727 44 19.8341
4920 301.731 44 19.8361
4930 301.735 44 19.8381
4940 301.739 44 19.8401
4950 301.742 44 19.8421
4960 301.746 44 19.844
4970 301.75 44 19.846
4980 301.753 44 19.8479
4990 301.757 44 19.8498
5000 301.761 44 19.8517
5010 301.764 44 19.8535
5020 301.767 44 19.8554
5030 301.771 44 19.8572
5040 301.774 44 19.859
5050 301.778 44 19.8608
5060 301.781 44 19.8626
5070 301.784 44 19.8644
5080 301.788 44 19.8662
5090 301.791 44 19.8679
5100 301.794 44 19.8696
5110 301.797 44 19.8713
5120 301.801 44 19.873
5130 301.804 44 19.8747
5140 301.807 44 19.8763
5150 301.81 44 19.878
5160 301.813 44 19.8796
5170 301.816 44 19.8812
5180 301.819 44 19.8828
5190 301.822 44 19.8844
5200 301.825 44 19.886
5210 301.828 44 19.8876
5220 301.831 44 19.8891
5230 301.834 44 19.8906
5240 301.837 44 19.8921
5250 301.839 44 19.8936
5260 301.842 44 19.8951
5270 301.845 44 19.8966
5280 301.848 44 19.8981
5290 301.85 44 19.8995
5300 301.853 44 19.901
5310 301.856 44 19.9024
5320 301.858 44 19.9038
5330 301.861 44 19.9052
5340 301.864 44 19.9066
5350 301.866 44 19.9079
5360 301.869 44 19.9093
5370 301.871 44 19.9107
5380 301.874 44 19.912
5390 301.876 44 19.9133
5400 301.879 44 19.9146
5410 301.881 44 19.9159
5420 301.884 44 19.9172
5430 301.886 44 19.9185
5440 301.888 44 19.9198
5450 301.891 44 19.921
5460 301.893 44 19.9223
5470 301.895 44 19.9235
5480 301.898 44 19.9247
5490 301.9 44 19.9259
5500 301.902 44 19.9271
5510 301.905 44 19.9283
5520 301.907 44 19.9295
5530 301.909 44 19.9307
5540 301.911 44 19.9318
5550 301.913 44 19.933
5560 301.915 44 19.9341
5570 301.917 44 19.9352
5580 301.92 44 19.9363
5590 301.922 44 19.9374
5600 301.924 44 19.9385
5610 301.926 44 19.9396
5620 301.928 44 19.9407
5630 301.93 44 19.9418
5640 301.932 44 19.9428
5650 301.934 44 19.9439
5660 301.936 44 19.9449
5670 301.938 44 19.9459
5680 301.94 44 19.947
5690 301.941 44 19.948
5700 301.943 44 19.949
5710 301.945 44 19.95
5720 301.947 44 19.9509
5730 301.949 44 19.9519
5740 301.951 44 19.9529
5750 301.952 44 19.9538
5760 301.954 44 19.9548
5770 301.956 44 19.9557
5780 301.958 44 19.9566
5790 301.959 44 19.9576
5800 301.961 44 19.9585
5810 301.963 44 19.9594
5820 301.965 44 19.9603
5830 301.966 44 19.9612
5840 301.968 44 19.9621
5850 301.97 44 19.9629
5860 301.971 44 19.9638
5870 301.973 44 19.9647
5880 301.974 44 19.9655
5890 301.976 44 19.9664
5900 301.978 44 19.9672
5910 301.979 44 19.968
5920 301.981 44 19.9688
5930 301.982 44 19.9696
5940 301.984 44 19.9705
5950 301.985 44 19.9713
5960 301.987 44 19.972
5970 301.988 44 19.9728
5980 301.99 44 19.9736
5990 301.991 44 19.9744
6000 301.992 44 19.9751
6010 301.994 44 19.9759
6020 301.995 44 19.9766
6030 301.997 44 19.9774
6040 301.998 44 19.9781
6050 301.999 44 19.9789
6060 302.001 44 19.9796
6070 302.002 44 19.9803
6080 302.004 44 19.981
6090 302.005 44 19.9817
6100 302.006 44 19.9824
6110 302.007 44 19.9831
6120 302.009 44 19.9838
6130 302.01 44 19.9845
6140 302.011 44 19.9851
6150 302.013 44 19.9858
6160 302.014 44 19.9865
6170 302.015 44 19.9871
6180 302.016 44 19.9878
6190 302.017 44 19.9884
6200 302.019 44 19.989
6210 302.02 44 19.9897
6220 302.021 44 19.9903
6230 302.022 44 19.9909
6240 302.023 44 19.9915
6250 302.024 44 19.9921
6260 302.026 44 19.9927
6270 302.027 44 19.9933
6280 302.028 44 19.9939
6290 302.029 44 19.9945
6300 302.03 44 19.9951
6310 302.031 44 19.9957
6320 302.032 44 19.9962
6330 302.033 44 19.9968
6340 302.034 44 19.9974
6350 302.035 44 19.9979
6360 302.036 44 19.9985
6370 302.037 44 19.999
6380 302.038 44 19.9996
6390 302.039 44 20.0001
6400 302.04 44 20.0006
6410 302.041 44 20.0012
6420 302.042 44 20.0017
6430 302.043 44 20.0022
6440 302.044 44 20.0027
6450 302.045 44 20.0032
6460 302.046 44 20.0037
6470 302.047 44 20.0042
6480 302.048 44 20.0047
6490 302.049 44 20.0052
6500 302.05 44 20.0057
6510 302.051 44 20.0062
6520 302.052 44 20.0067
6530 302.053 44 20.0071
6540 302.053 44 20.0076
6550 302.054 44 20.0081
6560 302.055 44 20.0085
6570 302.056 44 20.009
6580 302.057 44 20.0094
6590 302.058 44 20.0099
6600 302.059 44 20.0103
6610 302.059 44 20.0108
6620 302.06 44 20.0112
6630 302.061 44 20.0116
6640 302.062 44 20.012
6650 302.063 44 20.0125
6660 302.063 44 20.0129
6670 302.064 44 20.0133
6680 302.065 44 20.0137
6690 302.066 44 20.0141
6700 302.067 44 20.0145
6710 302.067 44 20.0149
6720 302.068 44 20.0153
6730 302.069 44 20.0157
6740 302.07 44 20.0161
6750 302.07 44 20.0165
6760 302.071 44 20.0169
6770 302.072 44 20.0173
6780 302.072 44 20.0176
6790 302.073 44 20.018
6800 302.074 44 20.0184
6810 302.074 44 20.0188
6820 302.075 44 20.0191
6830 302.076 44 20.0195
6840 302.076 44 20.0198
6850 302.077 44 20.0202
6860 302.078 44 20.0205
6870 302.078 44 20.0209
6880 302.079 44 20.0212
6890 302.08 44 20.0216
6900 302.08 44 20.0219
6910 302.081 44 20.0223
6920 302.082 44 20.0226
6930 302.082 44 20.0229
6940 302.083 44 20.0232
6950 302.083 44 20.0236
6960 302.084 44 20.0239
6970 302.085 44 20.0242
6980 302.085 44 20.0245
6990 302.086 44 20.0248
7000 302.086 44 20.0251
7010 302.087 44 20.0254
7020 302.088 44 20.0257
7030 302.088 44 20.026
7040 302.089 44 20.0263
7050 302.089 44 20.0266
7060 302.09 44 20.0269
7070 302.09 44 20.0272
7080 302.091 44 20.0275
7090 302.091 44 20.0278
7100 302.092 44 20.0281
7110 302.093 44 20.0284
7120 302.093 44 20.0286
7130 302.094 44 20.0289
7140 302.094 44 20.0292
7150 302.095 44 20.0295
7160 302.095 44 20.0297
7170 302.096 44 20.03
7180 302.096 44 20.0302
7190 302.097 44 20.0305
7200 302.097 44 20.0308
7210 302.098 44 20.031
7220 302.098 44 20.0313
7230 302.098 44 20.0315
7240 302.099 44 20.0318
7250 302.099 44 20.032
7260 302.1 44 20.0323
7270 302.1 44 20.0325
7280 302.101 44 20.0327
7290 302.101 44 20.033
7300 302.102 44 20.0332
7310 302.102 44 20.0335
7320 302.103 44 20.0337
7330 302.103 44 20.0339
7340 302.103 44 20.0341
7350 302.104 44 20.0344
7360 302.104 44 20.0346
7370 302.105 44 20.0348
7380 302.105 44 20.035
7390 302.105 44 20.0352
7400 302.106 44 20.0355
7410 302.106 44 20.0357
7420 302.107 44 20.0359
7430 302.107 44 20.0361
7440 302.107 44 20.0363
7450 302.108 44 20.0365
7460 302.108 44 20.0367
7470 302.109 44 20.0369
7480 302.109 44 20.0371
7490 302.109 44 20.0373
7500 302.11 44 20.0375
7510 302.11 44 20.0377
7520 302.11 44 20.0379
7530 302.111 44 20.0381
7540 302.111 44 20.0383
7550 302.112 44 20.0385
7560 302.112 44 20.0387
7570 302.112 44 20.0388
7580 302.113 44 20.039
7590 302.113 44 20.0392
7600 302.113 44 20.0394
7610 302.114 44 20.0396
7620 302.114 44 20.0397
7630 302.114 44 20.0399
7640 302.115 44 20.0401
7650 302.115 44 20.0403
7660 302.115 44 20.0404
7670 302.115 44 20.0406
7680 302.116 44 20.0408
7690 302.116 44 20.0409
7700 302.116 44 20.0411
7710 302.117 44 20.0413
7720 302.117 44 20.0414
7730 302.117 44 20.0416
7740 302.118 44 20.0417
7750 302.118 44 20.0419
7760 302.118 44 20.042
7770 302.119 44 20.0422
7780 302.119 44 20.0424
7790 302.119 44 20.0425
7800 302.119 44 20.0427
7810 302.12 44 20.0428
7820 302.12 44 20.043
7830 302.12 44 20.0431
7840 302.12 44 20.0432
7850 302.121 44 20.0434
7860 302.121 44 20.0435
7870 302.121 44 20.0437
7880 302.122 44 20.0438
7890 302.122 44 20.0439
7900 302.122 44 20.0441
7910 302.122 44 20.0442
7920 302.123 44 20.0444
7930 302.123 44 20.0445
7940 302.123 44 20.0446
7950 302.123 44 20.0447
7960 302.124 44 20.0449
7970 302.124 44 20.045
7980 302.124 44 20.0451
7990 302.124 44 20.0453
8000 302.125 44 20.0454
8010 302.125 44 20.0455
8020 302.125 44 20.0456
8030 302.125 44 20.0458
8040 302.125 44 20.0459
8050 302.126 44 20.046
8060 302.126 44 20.0461
8070 302.126 44 20.0462
8080 302.126 44 20.0463
8090 302.127 44 20.0465
8100 302.127 44 20.0466
8110 302.127 44 20.0467
8120 302.127 44 20.0468
8130 302.127 44 20.0469
8140 302.128 44 20.047
8150 302.128 44 20.0471
8160 302.128 44 20.0472
8170 302.128 44 20.0473
8180 302.128 44 20.0475
8190 302.129 44 20.0476
8200 302.129 44 20.0477
8210 302.129 44 20.0478
8220 302.129 44 20.0479
8230 302.129 44 20.048
8240 302.13 44 20.0481
8250 302.13 44 20.0482
8260 302.13 44 20.0483
8270 302.13 44 20.0484
8280 302.13 44 20.0485
8290 302.13 44 20.0486
8300 302.131 44 20.0487
8310 302.131 44 20.0488
8320 302.131 44 20.0488
8330 302.131 44 20.0489
8340 302.131 44 20.049
8350 302.132 44 20.0491
8360 302.132 44 20.0492
8370 302.132 44 20.0493
8380 302.132 44 20.0494
8390 302.132 44 20.0495
8400 302.132 44 20.0496
8410 302.133 44 20.0497
8420 302.133 44 20.0497
8430 302.133 44 20.0498
8440 302.133 44 20.0499
8450 302.133 44 20.05
8460 302.133 44 20.0501
8470 302.133 44 20.0502
8480 302.134 44 20.0502
8490 302.134 44 20.0503
8500 302.134 44 20.0504
8510 302.134 44 20.0505
8520 302.134 44 20.0506
8530 302.134 44 20.0506
8540 302.135 44 20.0507
8550 302.135 44 20.0508
8560 302.135 44 20.0509
8570 302.135 44 20.0509
8580 302.135 44 20.051
8590 302.135 44 20.0511
8600 302.135 44 20.0512
8610 302.135 44 20.0512
8620 302.136 44 20.0513
8630 302.136 44 20.0514
8640 302.136 44 20.0514
8650 302.136 44 20.0515
8660 302.136 44 20.0516
8670 302.136 44 20.0516
8680 302.136 44 20.0517
8690 302.137 44 20.0518
8700 302.137 44 20.0518
8710 302.137 44 20.0519
8720 302.137 44 20.052
8730 302.137 44 20.052
8740 302.137 44 20.0521
8750 302.137 44 20.0522
8760 302.137 44 20.0522
8770 302.137 44 20.0523
8780 302.138 44 20.0524
8790 302.138 44 20.0524
8800 302.138 44 20.0525
8810 302.138 44 20.0525
8820 302.138 44 20.0526
8830 302.138 44 20.0527
8840 302.138 44 20.0527
8850 302.138 44 20.0528
8860 302.138 44 20.0528
8870 302.139 44 20.0529
8880 302.139 44 20.0529
8890 302.139 44 20.053
8900 302.139 44 20.0531
8910 302.139 44 20.0531
8920 302.139 44 20.0532
8930 302.139 44 20.0532
8940 302.139 44 20.0533
8950 302.139 44 20.0533
8960 302.14 44 20.0534
8970 302.14 44 20.0534
8980 302.14 44 20.0535
8990 302.14 44 20.0535
9000 302.14 44 20.0536
9010 302.14 44 20.0536
9020 302.14 44 20.0537
9030 302.14 44 20.0537
9040 302.14 44 20.0538
9050 302.14 44 20.0538
9060 302.14 44 20.0539
9070 302.141 44 20.0539
9080 302.141 44 20.054
9090 302.141 44 20.054
9100 302.141 44 20.0541
9110 302.141 44 20.0541
9120 302.141 44 20.0542
9130 302.141 44 20.0542
9140 302.141 44 20.0542
9150 302.141 44 20.0543
9160 302.141 44 20.0543
9170 302.141 44 20.0544
9180 302.141 44 20.0544
9190 302.142 44 20.0545
9200 302.142 44 20.0545
9210 302.142 44 20.0546
9220 302.142 44 20.0546
9230 302.142 44 20.0546
9240 302.142 44 20.0547
9250 302.142 44 20.0547
9260 302.142 44 20.0548
9270 302.142 44 20.0548
9280 302.142 44 20.0548
9290 302.142 44 20.0549
9300 302.142 44 20.0549
9310 302.142 44 20.055
9320 302.143 44 20.055
9330 302.143 44 20.055
9340 302.143 44 20.0551
9350 302.143 44 20.0551
9360 302.143 44 20.0551
9370 302.143 44 20.0552
9380 302.143 44 20.0552
9390 302.143 44 20.0552
9400 302.143 44 20.0553
9410 302.143 44 20.0553
9420 302.143 44 20.0553
9430 302.143 44 20.0554
9440 302.143 44 20.0554
9450 302.143 44 20.0555
9460 302.143 44 20.0555
9470 302.144 44 20.0555
9480 302.144 44 20.0556
9490 302.144 44 20.0556
9500 302.144 44 20.0556
9510 302.144 44 20.0556
9520 302.144 44 20.0557
9530 302.144 44 20.0557
9540 302.144 44 20.0557
9550 302.144 44 20.0558
9560 302.144 44 20.0558
9570 302.144 44 20.0558
9580 302.144 44 20.0559
9590 302.144 44 20.0559
9600 302.144 44 20.0559
9610 302.144 44 20.056
9620 302.144 44 20.056
9630 302.144 44 20.056
9640 302.145 44 20.056
9650 302.145 44 20.0561
9660 302.145 44 20.0561
9670 302.145 44 20.0561
9680 302.145 44 20.0561
9690 302.145 44 20.0562
9700 302.145 44 20.0562
9710 302.145 44 20.0562
9720 302.145 44 20.0563
9730 302.145 44 20.0563
9740 302.145 44 20.0563
9750 302.145 44 20.0563
9760 302.145 44 20.0564
9770 302.145 44 20.0564
9780 302.145 44 20.0564
9790 302.145 44 20.0564
9800 302.145 44 20.0565
9810 302.145 44 20.0565
9820 302.145 44 20.0565
9830 302.145 44 20.0565
9840 302.145 44 20.0566
9850 302.146 44 20.0566
9860 302.146 44 20.0566
9870 302.146 44 20.0566
9880 302.146 44 20.0566
9890 302.146 44 20.0567
9900 302.146 44 20.0567
9910 302.146 44 20.0567
9920 302.146 44 20.0567
9930 302.146 44 20.0568
9940 302.146 44 20.0568
9950 302.146 44 20.0568
9960 302.146 44 20.0568
9970 302.146 44 20.0568
9980 302.146 44 20.0569
9990 302.146 44 20.0569
10000 302.146 44 20.0569
