0 0 300.318
0 0.2 300.318
0 0.4 300.42
0 0.6 300.515
0 0.8 300.603
0 1 300.683
0 1.2 300.757
0 1.4 300.824
0 1.6 300.883
0 1.8 300.936
0 2 300.982
0 2.2 301.021
0 2.4 301.053
0 2.6 301.078
0 2.8 301.097
0 3 301.11
0 3.2 301.116
0 3.4 301.116
0 3.6 301.11
0 3.8 301.098
0 4 301.08
0 4.2 301.056
0 4.4 301.028
0 4.6 300.994
0 4.8 300.955
0 5 300.911
0 5.2 300.863
0 5.4 300.81
0 5.6 300.754
0 5.8 300.693
0 6 300.629
0 6.2 300.561
0 6.4 300.49
0 6.6 300.416
0 6.8 300.339
0 7 300.259
0 7.2 300.177
0 7.4 300.092
0 7.6 300.006
0 7.8 299.917
0 8 299.827
0 8.2 299.734
0 8.4 299.641
0 8.6 299.546
0 8.8 299.449
0 9 299.351
0 9.2 299.252
0 9.4 299.152
0 9.6 299.051
0 9.8 298.948
0 10 298.948
0.2 0 300.318
0.2 0.2 300.428
0.2 0.4 300.53
0.2 0.6 300.625
0.2 0.8 300.713
0.2 1 300.794
0.2 1.2 300.868
0.2 1.4 300.935
0.2 1.6 300.995
0.2 1.8 301.048
0.2 2 301.094
0.2 2.2 301.133
0.2 2.4 301.165
0.2 2.6 301.191
0.2 2.8 301.21
0.2 3 301.222
0.2 3.2 301.228
0.2 3.4 301.228
0.2 3.6 301.222
0.2 3.8 301.21
0.2 4 301.192
0.2 4.2 301.169
0.2 4.4 301.14
0.2 4.6 301.106
0.2 4.8 301.067
0.2 5 301.023
0.2 5.2 300.975
0.2 5.4 300.922
0.2 5.6 300.865
0.2 5.8 300.804
0.2 6 300.739
0.2 6.2 300.671
0.2 6.4 300.6
0.2 6.6 300.525
0.2 6.8 300.448
0.2 7 300.368
0.2 7.2 300.286
0.2 7.4 300.201
0.2 7.6 300.114
0.2 7.8 300.025
0.2 8 299.934
0.2 8.2 299.841
0.2 8.4 299.747
0.2 8.6 299.652
0.2 8.8 299.555
0.2 9 299.457
0.2 9.2 299.357
0.2 9.4 299.257
0.2 9.6 299.155
0.2 9.8 299.052
0.2 10 298.948
0.4 0 300.434
0.4 0.2 300.544
0.4 0.4 300.647
0.4 0.6 300.742
0.4 0.8 300.831
0.4 1 300.912
0.4 1.2 300.986
0.4 1.4 301.053
0.4 1.6 301.113
0.4 1.8 301.166
0.4 2 301.212
0.4 2.2 301.252
0.4 2.4 301.284
0.4 2.6 301.31
0.4 2.8 301.329
0.4 3 301.341
0.4 3.2 301.347
0.4 3.4 301.347
0.4 3.6 301.34
0.4 3.8 301.328
0.4 4 301.31
0.4 4.2 301.286
0.4 4.4 301.257
0.4 4.6 301.223
0.4 4.8 301.183
0.4 5 301.139
0.4 5.2 301.09
0.4 5.4 301.037
0.4 5.6 300.98
0.4 5.8 300.918
0.4 6 300.853
0.4 6.2 300.785
0.4 6.4 300.713
0.4 6.6 300.638
0.4 6.8 300.56
0.4 7 300.48
0.4 7.2 300.397
0.4 7.4 300.311
0.4 7.6 300.224
0.4 7.8 300.134
0.4 8 300.043
0.4 8.2 299.95
0.4 8.4 299.855
0.4 8.6 299.759
0.4 8.8 299.662
0.4 9 299.563
0.4 9.2 299.463
0.4 9.4 299.362
0.4 9.6 299.26
0.4 9.8 299.157
0.4 10 299.053
0.6 0 300.557
0.6 0.2 300.667
0.6 0.4 300.771
0.6 0.6 300.866
0.6 0.8 300.955
0.6 1 301.037
0.6 1.2 301.111
0.6 1.4 301.179
0.6 1.6 301.239
0.6 1.8 301.292
0.6 2 301.338
0.6 2.2 301.377
0.6 2.4 301.41
0.6 2.6 301.435
0.6 2.8 301.454
0.6 3 301.466
0.6 3.2 301.472
0.6 3.4 301.472
0.6 3.6 301.465
0.6 3.8 301.452
0.6 4 301.434
0.6 4.2 301.409
0.6 4.4 301.38
0.6 4.6 301.345
0.6 4.8 301.305
0.6 5 301.26
0.6 5.2 301.211
0.6 5.4 301.157
0.6 5.6 301.099
0.6 5.8 301.037
0.6 6 300.971
0.6 6.2 300.902
0.6 6.4 300.829
0.6 6.6 300.754
0.6 6.8 300.675
0.6 7 300.594
0.6 7.2 300.51
0.6 7.4 300.424
0.6 7.6 300.336
0.6 7.8 300.246
0.6 8 300.154
0.6 8.2 300.06
0.6 8.4 299.965
0.6 8.6 299.868
0.6 8.8 299.77
0.6 9 299.671
0.6 9.2 299.571
0.6 9.4 299.469
0.6 9.6 299.367
0.6 9.8 299.263
0.6 10 299.158
0.8 0 300.687
0.8 0.2 300.798
0.8 0.4 300.902
0.8 0.6 300.998
0.8 0.8 301.087
0.8 1 301.169
0.8 1.2 301.244
0.8 1.4 301.311
0.8 1.6 301.372
0.8 1.8 301.425
0.8 2 301.471
0.8 2.2 301.51
0.8 2.4 301.542
0.8 2.6 301.568
0.8 2.8 301.586
0.8 3 301.598
0.8 3.2 301.604
0.8 3.4 301.603
0.8 3.6 301.595
0.8 3.8 301.582
0.8 4 301.563
0.8 4.2 301.538
0.8 4.4 301.508
0.8 4.6 301.472
0.8 4.8 301.431
0.8 5 301.386
0.8 5.2 301.335
0.8 5.4 301.281
0.8 5.6 301.222
0.8 5.8 301.159
0.8 6 301.092
0.8 6.2 301.022
0.8 6.4 300.949
0.8 6.6 300.872
0.8 6.8 300.793
0.8 7 300.71
0.8 7.2 300.626
0.8 7.4 300.539
0.8 7.6 300.45
0.8 7.8 300.359
0.8 8 300.266
0.8 8.2 300.172
0.8 8.4 300.076
0.8 8.6 299.979
0.8 8.8 299.88
0.8 9 299.78
0.8 9.2 299.679
0.8 9.4 299.577
0.8 9.6 299.474
0.8 9.8 299.37
0.8 10 299.265
1 0 300.825
1 0.2 300.936
1 0.4 301.04
1 0.6 301.137
1 0.8 301.226
1 1 301.309
1 1.2 301.384
1 1.4 301.451
1 1.6 301.512
1 1.8 301.565
1 2 301.611
1 2.2 301.65
1 2.4 301.682
1 2.6 301.707
1 2.8 301.725
1 3 301.737
1 3.2 301.741
1 3.4 301.74
1 3.6 301.732
1 3.8 301.718
1 4 301.698
1 4.2 301.672
1 4.4 301.641
1 4.6 301.604
1 4.8 301.563
1 5 301.516
1 5.2 301.465
1 5.4 301.409
1 5.6 301.349
1 5.8 301.285
1 6 301.217
1 6.2 301.146
1 6.4 301.071
1 6.6 300.993
1 6.8 300.913
1 7 300.83
1 7.2 300.744
1 7.4 300.656
1 7.6 300.566
1 7.8 300.474
1 8 300.381
1 8.2 300.285
1 8.4 300.189
1 8.6 300.09
1 8.8 299.991
1 9 299.891
1 9.2 299.789
1 9.4 299.686
1 9.6 299.583
1 9.8 299.478
1 10 299.373
1.2 0 300.969
1.2 0.2 301.081
1.2 0.4 301.186
1.2 0.6 301.283
1.2 0.8 301.373
1.2 1 301.455
1.2 1.2 301.53
1.2 1.4 301.598
1.2 1.6 301.659
1.2 1.8 301.712
1.2 2 301.758
1.2 2.2 301.797
1.2 2.4 301.828
1.2 2.6 301.853
1.2 2.8 301.871
1.2 3 301.882
1.2 3.2 301.886
1.2 3.4 301.883
1.2 3.6 301.875
1.2 3.8 301.86
1.2 4 301.839
1.2 4.2 301.812
1.2 4.4 301.78
1.2 4.6 301.742
1.2 4.8 301.699
1.2 5 301.651
1.2 5.2 301.598
1.2 5.4 301.541
1.2 5.6 301.48
1.2 5.8 301.414
1.2 6 301.345
1.2 6.2 301.273
1.2 6.4 301.197
1.2 6.6 301.118
1.2 6.8 301.036
1.2 7 300.951
1.2 7.2 300.864
1.2 7.4 300.775
1.2 7.6 300.684
1.2 7.8 300.591
1.2 8 300.496
1.2 8.2 300.4
1.2 8.4 300.302
1.2 8.6 300.203
1.2 8.8 300.103
1.2 9 300.002
1.2 9.2 299.9
1.2 9.4 299.796
1.2 9.6 299.692
1.2 9.8 299.587
1.2 10 299.481
1.4 0 301.121
1.4 0.2 301.234
1.4 0.4 301.339
1.4 0.6 301.437
1.4 0.8 301.527
1.4 1 301.61
1.4 1.2 301.685
1.4 1.4 301.753
1.4 1.6 301.813
1.4 1.8 301.866
1.4 2 301.912
1.4 2.2 301.951
1.4 2.4 301.982
1.4 2.6 302.006
1.4 2.8 302.023
1.4 3 302.033
1.4 3.2 302.037
1.4 3.4 302.033
1.4 3.6 302.024
1.4 3.8 302.008
1.4 4 301.986
1.4 4.2 301.958
1.4 4.4 301.924
1.4 4.6 301.885
1.4 4.8 301.84
1.4 5 301.791
1.4 5.2 301.737
1.4 5.4 301.678
1.4 5.6 301.615
1.4 5.8 301.548
1.4 6 301.477
1.4 6.2 301.403
1.4 6.4 301.325
1.4 6.6 301.245
1.4 6.8 301.161
1.4 7 301.075
1.4 7.2 300.987
1.4 7.4 300.897
1.4 7.6 300.804
1.4 7.8 300.71
1.4 8 300.614
1.4 8.2 300.517
1.4 8.4 300.418
1.4 8.6 300.318
1.4 8.8 300.217
1.4 9 300.115
1.4 9.2 300.011
1.4 9.4 299.907
1.4 9.6 299.803
1.4 9.8 299.697
1.4 10 299.591
1.6 0 301.281
1.6 0.2 301.394
1.6 0.4 301.499
1.6 0.6 301.598
1.6 0.8 301.688
1.6 1 301.771
1.6 1.2 301.847
1.6 1.4 301.915
1.6 1.6 301.975
1.6 1.8 302.028
1.6 2 302.074
1.6 2.2 302.112
1.6 2.4 302.143
1.6 2.6 302.166
1.6 2.8 302.182
1.6 3 302.192
1.6 3.2 302.194
1.6 3.4 302.19
1.6 3.6 302.179
1.6 3.8 302.162
1.6 4 302.138
1.6 4.2 302.109
1.6 4.4 302.074
1.6 4.6 302.033
1.6 4.8 301.987
1.6 5 301.935
1.6 5.2 301.879
1.6 5.4 301.819
1.6 5.6 301.754
1.6 5.8 301.685
1.6 6 301.613
1.6 6.2 301.537
1.6 6.4 301.457
1.6 6.6 301.375
1.6 6.8 301.29
1.6 7 301.202
1.6 7.2 301.112
1.6 7.4 301.02
1.6 7.6 300.926
1.6 7.8 300.83
1.6 8 300.733
1.6 8.2 300.634
1.6 8.4 300.534
1.6 8.6 300.433
1.6 8.8 300.331
1.6 9 300.228
1.6 9.2 300.124
1.6 9.4 300.019
1.6 9.6 299.914
1.6 9.8 299.808
1.6 10 299.701
1.8 0 301.448
1.8 0.2 301.561
1.8 0.4 301.668
1.8 0.6 301.766
1.8 0.8 301.857
1.8 1 301.94
1.8 1.2 302.016
1.8 1.4 302.084
1.8 1.6 302.145
1.8 1.8 302.197
1.8 2 302.243
1.8 2.2 302.28
1.8 2.4 302.31
1.8 2.6 302.333
1.8 2.8 302.349
1.8 3 302.357
1.8 3.2 302.359
1.8 3.4 302.353
1.8 3.6 302.341
1.8 3.8 302.322
1.8 4 302.297
1.8 4.2 302.266
1.8 4.4 302.229
1.8 4.6 302.186
1.8 4.8 302.138
1.8 5 302.085
1.8 5.2 302.027
1.8 5.4 301.964
1.8 5.6 301.897
1.8 5.8 301.826
1.8 6 301.752
1.8 6.2 301.673
1.8 6.4 301.592
1.8 6.6 301.508
1.8 6.8 301.421
1.8 7 301.331
1.8 7.2 301.239
1.8 7.4 301.145
1.8 7.6 301.05
1.8 7.8 300.952
1.8 8 300.853
1.8 8.2 300.753
1.8 8.4 300.652
1.8 8.6 300.55
1.8 8.8 300.446
1.8 9 300.342
1.8 9.2 300.238
1.8 9.4 300.132
1.8 9.6 300.026
1.8 9.8 299.919
1.8 10 299.812
2 0 301.622
2 0.2 301.737
2 0.4 301.843
2 0.6 301.943
2 0.8 302.034
2 1 302.117
2 1.2 302.193
2 1.4 302.261
2 1.6 302.322
2 1.8 302.374
2 2 302.419
2 2.2 302.456
2 2.4 302.486
2 2.6 302.508
2 2.8 302.523
2 3 302.53
2 3.2 302.53
2 3.4 302.523
2 3.6 302.509
2 3.8 302.489
2 4 302.462
2 4.2 302.429
2 4.4 302.39
2 4.6 302.345
2 4.8 302.295
2 5 302.239
2 5.2 302.179
2 5.4 302.114
2 5.6 302.045
2 5.8 301.971
2 6 301.894
2 6.2 301.814
2 6.4 301.73
2 6.6 301.643
2 6.8 301.554
2 7 301.462
2 7.2 301.368
2 7.4 301.272
2 7.6 301.175
2 7.8 301.076
2 8 300.975
2 8.2 300.874
2 8.4 300.771
2 8.6 300.667
2 8.8 300.563
2 9 300.458
2 9.2 300.352
2 9.4 300.246
2 9.6 300.139
2 9.8 300.031
2 10 299.924
2.2 0 301.804
2.2 0.2 301.92
2.2 0.4 302.027
2.2 0.6 302.127
2.2 0.8 302.218
2.2 1 302.302
2.2 1.2 302.378
2.2 1.4 302.446
2.2 1.6 302.507
2.2 1.8 302.559
2.2 2 302.603
2.2 2.2 302.64
2.2 2.4 302.669
2.2 2.6 302.69
2.2 2.8 302.704
2.2 3 302.71
2.2 3.2 302.708
2.2 3.4 302.7
2.2 3.6 302.684
2.2 3.8 302.662
2.2 4 302.633
2.2 4.2 302.598
2.2 4.4 302.557
2.2 4.6 302.509
2.2 4.8 302.457
2.2 5 302.399
2.2 5.2 302.336
2.2 5.4 302.268
2.2 5.6 302.196
2.2 5.8 302.12
2.2 6 302.04
2.2 6.2 301.957
2.2 6.4 301.871
2.2 6.6 301.782
2.2 6.8 301.69
2.2 7 301.596
2.2 7.2 301.499
2.2 7.4 301.401
2.2 7.6 301.302
2.2 7.8 301.201
2.2 8 301.098
2.2 8.2 300.995
2.2 8.4 300.891
2.2 8.6 300.785
2.2 8.8 300.68
2.2 9 300.573
2.2 9.2 300.467
2.2 9.4 300.359
2.2 9.6 300.252
2.2 9.8 300.144
2.2 10 300.036
2.4 0 301.994
2.4 0.2 302.11
2.4 0.4 302.218
2.4 0.6 302.319
2.4 0.8 302.411
2.4 1 302.495
2.4 1.2 302.571
2.4 1.4 302.639
2.4 1.6 302.699
2.4 1.8 302.751
2.4 2 302.795
2.4 2.2 302.832
2.4 2.4 302.86
2.4 2.6 302.88
2.4 2.8 302.892
2.4 3 302.897
2.4 3.2 302.894
2.4 3.4 302.884
2.4 3.6 302.866
2.4 3.8 302.842
2.4 4 302.811
2.4 4.2 302.773
2.4 4.4 302.729
2.4 4.6 302.679
2.4 4.8 302.624
2.4 5 302.563
2.4 5.2 302.497
2.4 5.4 302.426
2.4 5.6 302.351
2.4 5.8 302.272
2.4 6 302.19
2.4 6.2 302.104
2.4 6.4 302.014
2.4 6.6 301.922
2.4 6.8 301.828
2.4 7 301.731
2.4 7.2 301.632
2.4 7.4 301.532
2.4 7.6 301.43
2.4 7.8 301.327
2.4 8 301.222
2.4 8.2 301.117
2.4 8.4 301.011
2.4 8.6 300.904
2.4 8.8 300.797
2.4 9 300.69
2.4 9.2 300.582
2.4 9.4 300.474
2.4 9.6 300.365
2.4 9.8 300.257
2.4 10 300.148
2.6 0 302.192
2.6 0.2 302.309
2.6 0.4 302.418
2.6 0.6 302.519
2.6 0.8 302.611
2.6 1 302.696
2.6 1.2 302.772
2.6 1.4 302.84
2.6 1.6 302.9
2.6 1.8 302.952
2.6 2 302.996
2.6 2.2 303.031
2.6 2.4 303.058
2.6 2.6 303.077
2.6 2.8 303.089
2.6 3 303.092
2.6 3.2 303.087
2.6 3.4 303.075
2.6 3.6 303.055
2.6 3.8 303.029
2.6 4 302.995
2.6 4.2 302.955
2.6 4.4 302.908
2.6 4.6 302.855
2.6 4.8 302.796
2.6 5 302.732
2.6 5.2 302.663
2.6 5.4 302.589
2.6 5.6 302.511
2.6 5.8 302.429
2.6 6 302.343
2.6 6.2 302.253
2.6 6.4 302.161
2.6 6.6 302.066
2.6 6.8 301.968
2.6 7 301.869
2.6 7.2 301.767
2.6 7.4 301.664
2.6 7.6 301.56
2.6 7.8 301.454
2.6 8 301.348
2.6 8.2 301.24
2.6 8.4 301.132
2.6 8.6 301.024
2.6 8.8 300.915
2.6 9 300.806
2.6 9.2 300.697
2.6 9.4 300.588
2.6 9.6 300.479
2.6 9.8 300.37
2.6 10 300.261
2.8 0 302.398
2.8 0.2 302.516
2.8 0.4 302.625
2.8 0.6 302.727
2.8 0.8 302.82
2.8 1 302.905
2.8 1.2 302.981
2.8 1.4 303.05
2.8 1.6 303.109
2.8 1.8 303.161
2.8 2 303.204
2.8 2.2 303.239
2.8 2.4 303.265
2.8 2.6 303.283
2.8 2.8 303.293
2.8 3 303.294
2.8 3.2 303.288
2.8 3.4 303.274
2.8 3.6 303.252
2.8 3.8 303.222
2.8 4 303.186
2.8 4.2 303.142
2.8 4.4 303.093
2.8 4.6 303.036
2.8 4.8 302.974
2.8 5 302.907
2.8 5.2 302.834
2.8 5.4 302.757
2.8 5.6 302.675
2.8 5.8 302.589
2.8 6 302.499
2.8 6.2 302.406
2.8 6.4 302.31
2.8 6.6 302.212
2.8 6.8 302.111
2.8 7 302.008
2.8 7.2 301.904
2.8 7.4 301.798
2.8 7.6 301.691
2.8 7.8 301.583
2.8 8 301.474
2.8 8.2 301.364
2.8 8.4 301.254
2.8 8.6 301.144
2.8 8.8 301.034
2.8 9 300.923
2.8 9.2 300.813
2.8 9.4 300.703
2.8 9.6 300.593
2.8 9.8 300.483
2.8 10 300.374
3 0 302.612
3 0.2 302.731
3 0.4 302.841
3 0.6 302.943
3 0.8 303.037
3 1 303.122
3 1.2 303.199
3 1.4 303.267
3 1.6 303.327
3 1.8 303.378
3 2 303.421
3 2.2 303.455
3 2.4 303.48
3 2.6 303.497
3 2.8 303.505
3 3 303.505
3 3.2 303.497
3 3.4 303.48
3 3.6 303.455
3 3.8 303.423
3 4 303.384
3 4.2 303.337
3 4.4 303.284
3 4.6 303.224
3 4.8 303.158
3 5 303.086
3 5.2 303.01
3 5.4 302.928
3 5.6 302.842
3 5.8 302.752
3 6 302.659
3 6.2 302.562
3 6.4 302.462
3 6.6 302.36
3 6.8 302.256
3 7 302.15
3 7.2 302.042
3 7.4 301.933
3 7.6 301.823
3 7.8 301.712
3 8 301.6
3 8.2 301.488
3 8.4 301.376
3 8.6 301.264
3 8.8 301.152
3 9 301.04
3 9.2 300.929
3 9.4 300.817
3 9.6 300.706
3 9.8 300.596
3 10 300.486
3.2 0 302.835
3.2 0.2 302.954
3.2 0.4 303.065
3.2 0.6 303.168
3.2 0.8 303.262
3.2 1 303.348
3.2 1.2 303.425
3.2 1.4 303.493
3.2 1.6 303.553
3.2 1.8 303.604
3.2 2 303.646
3.2 2.2 303.68
3.2 2.4 303.704
3.2 2.6 303.719
3.2 2.8 303.726
3.2 3 303.724
3.2 3.2 303.713
3.2 3.4 303.694
3.2 3.6 303.667
3.2 3.8 303.632
3.2 4 303.589
3.2 4.2 303.538
3.2 4.4 303.481
3.2 4.6 303.417
3.2 4.8 303.347
3.2 5 303.271
3.2 5.2 303.19
3.2 5.4 303.104
3.2 5.6 303.014
3.2 5.8 302.92
3.2 6 302.822
3.2 6.2 302.721
3.2 6.4 302.617
3.2 6.6 302.511
3.2 6.8 302.402
3.2 7 302.292
3.2 7.2 302.181
3.2 7.4 302.069
3.2 7.6 301.955
3.2 7.8 301.841
3.2 8 301.727
3.2 8.2 301.613
3.2 8.4 301.498
3.2 8.6 301.384
3.2 8.8 301.27
3.2 9 301.157
3.2 9.2 301.044
3.2 9.4 300.931
3.2 9.6 300.82
3.2 9.8 300.709
3.2 10 300.598
3.4 0 303.065
3.4 0.2 303.186
3.4 0.4 303.297
3.4 0.6 303.401
3.4 0.8 303.496
3.4 1 303.582
3.4 1.2 303.66
3.4 1.4 303.728
3.4 1.6 303.788
3.4 1.8 303.839
3.4 2 303.881
3.4 2.2 303.913
3.4 2.4 303.937
3.4 2.6 303.951
3.4 2.8 303.956
3.4 3 303.952
3.4 3.2 303.939
3.4 3.4 303.917
3.4 3.6 303.886
3.4 3.8 303.848
3.4 4 303.801
3.4 4.2 303.747
3.4 4.4 303.685
3.4 4.6 303.617
3.4 4.8 303.542
3.4 5 303.462
3.4 5.2 303.376
3.4 5.4 303.285
3.4 5.6 303.19
3.4 5.8 303.091
3.4 6 302.988
3.4 6.2 302.882
3.4 6.4 302.774
3.4 6.6 302.663
3.4 6.8 302.551
3.4 7 302.437
3.4 7.2 302.321
3.4 7.4 302.205
3.4 7.6 302.089
3.4 7.8 301.972
3.4 8 301.854
3.4 8.2 301.737
3.4 8.4 301.62
3.4 8.6 301.504
3.4 8.8 301.388
3.4 9 301.273
3.4 9.2 301.158
3.4 9.4 301.045
3.4 9.6 300.932
3.4 9.8 300.82
3.4 10 300.71
3.6 0 303.304
3.6 0.2 303.426
3.6 0.4 303.538
3.6 0.6 303.643
3.6 0.8 303.738
3.6 1 303.825
3.6 1.2 303.903
3.6 1.4 303.972
3.6 1.6 304.032
3.6 1.8 304.083
3.6 2 304.125
3.6 2.2 304.156
3.6 2.4 304.179
3.6 2.6 304.192
3.6 2.8 304.195
3.6 3 304.188
3.6 3.2 304.173
3.6 3.4 304.148
3.6 3.6 304.114
3.6 3.8 304.072
3.6 4 304.021
3.6 4.2 303.962
3.6 4.4 303.896
3.6 4.6 303.823
3.6 4.8 303.743
3.6 5 303.657
3.6 5.2 303.566
3.6 5.4 303.47
3.6 5.6 303.37
3.6 5.8 303.265
3.6 6 303.157
3.6 6.2 303.047
3.6 6.4 302.933
3.6 6.6 302.818
3.6 6.8 302.701
3.6 7 302.582
3.6 7.2 302.463
3.6 7.4 302.343
3.6 7.6 302.222
3.6 7.8 302.102
3.6 8 301.982
3.6 8.2 301.862
3.6 8.4 301.742
3.6 8.6 301.623
3.6 8.8 301.505
3.6 9 301.388
3.6 9.2 301.272
3.6 9.4 301.157
3.6 9.6 301.044
3.6 9.8 300.931
3.6 10 300.82
3.8 0 303.552
3.8 0.2 303.674
3.8 0.4 303.788
3.8 0.6 303.893
3.8 0.8 303.989
3.8 1 304.077
3.8 1.2 304.156
3.8 1.4 304.226
3.8 1.6 304.286
3.8 1.8 304.337
3.8 2 304.378
3.8 2.2 304.409
3.8 2.4 304.43
3.8 2.6 304.442
3.8 2.8 304.443
3.8 3 304.434
3.8 3.2 304.416
3.8 3.4 304.388
3.8 3.6 304.35
3.8 3.8 304.304
3.8 4 304.249
3.8 4.2 304.185
3.8 4.4 304.114
3.8 4.6 304.035
3.8 4.8 303.95
3.8 5 303.859
3.8 5.2 303.762
3.8 5.4 303.66
3.8 5.6 303.554
3.8 5.8 303.443
3.8 6 303.33
3.8 6.2 303.213
3.8 6.4 303.095
3.8 6.6 302.974
3.8 6.8 302.852
3.8 7 302.729
3.8 7.2 302.605
3.8 7.4 302.481
3.8 7.6 302.356
3.8 7.8 302.232
3.8 8 302.108
3.8 8.2 301.985
3.8 8.4 301.863
3.8 8.6 301.742
3.8 8.8 301.622
3.8 9 301.503
3.8 9.2 301.385
3.8 9.4 301.269
3.8 9.6 301.154
3.8 9.8 301.041
3.8 10 300.929
4 0 303.808
4 0.2 303.931
4 0.4 304.046
4 0.6 304.152
4 0.8 304.25
4 1 304.338
4 1.2 304.418
4 1.4 304.488
4 1.6 304.549
4 1.8 304.6
4 2 304.641
4 2.2 304.672
4 2.4 304.692
4 2.6 304.702
4 2.8 304.701
4 3 304.69
4 3.2 304.669
4 3.4 304.638
4 3.6 304.596
4 3.8 304.545
4 4 304.485
4 4.2 304.416
4 4.4 304.339
4 4.6 304.255
4 4.8 304.163
4 5 304.066
4 5.2 303.962
4 5.4 303.854
4 5.6 303.741
4 5.8 303.625
4 6 303.505
4 6.2 303.383
4 6.4 303.258
4 6.6 303.132
4 6.8 303.004
4 7 302.876
4 7.2 302.747
4 7.4 302.619
4 7.6 302.49
4 7.8 302.362
4 8 302.235
4 8.2 302.108
4 8.4 301.983
4 8.6 301.859
4 8.8 301.737
4 9 301.616
4 9.2 301.497
4 9.4 301.379
4 9.6 301.263
4 9.8 301.149
4 10 301.037
4.2 0 304.072
4.2 0.2 304.197
4.2 0.4 304.313
4.2 0.6 304.42
4.2 0.8 304.519
4.2 1 304.608
4.2 1.2 304.689
4.2 1.4 304.76
4.2 1.6 304.822
4.2 1.8 304.873
4.2 2 304.914
4.2 2.2 304.945
4.2 2.4 304.964
4.2 2.6 304.973
4.2 2.8 304.97
4.2 3 304.957
4.2 3.2 304.932
4.2 3.4 304.897
4.2 3.6 304.851
4.2 3.8 304.795
4.2 4 304.73
4.2 4.2 304.655
4.2 4.4 304.572
4.2 4.6 304.481
4.2 4.8 304.383
4.2 5 304.278
4.2 5.2 304.168
4.2 5.4 304.052
4.2 5.6 303.933
4.2 5.8 303.809
4.2 6 303.683
4.2 6.2 303.554
4.2 6.4 303.423
4.2 6.6 303.291
4.2 6.8 303.158
4.2 7 303.024
4.2 7.2 302.89
4.2 7.4 302.756
4.2 7.6 302.623
4.2 7.8 302.491
4.2 8 302.36
4.2 8.2 302.23
4.2 8.4 302.102
4.2 8.6 301.975
4.2 8.8 301.85
4.2 9 301.727
4.2 9.2 301.606
4.2 9.4 301.487
4.2 9.6 301.371
4.2 9.8 301.256
4.2 10 301.143
4.4 0 304.345
4.4 0.2 304.471
4.4 0.4 304.588
4.4 0.6 304.696
4.4 0.8 304.796
4.4 1 304.888
4.4 1.2 304.97
4.4 1.4 305.042
4.4 1.6 305.105
4.4 1.8 305.157
4.4 2 305.198
4.4 2.2 305.228
4.4 2.4 305.247
4.4 2.6 305.255
4.4 2.8 305.25
4.4 3 305.234
4.4 3.2 305.206
4.4 3.4 305.167
4.4 3.6 305.117
4.4 3.8 305.055
4.4 4 304.984
4.4 4.2 304.903
4.4 4.4 304.813
4.4 4.6 304.714
4.4 4.8 304.609
4.4 5 304.497
4.4 5.2 304.379
4.4 5.4 304.255
4.4 5.6 304.128
4.4 5.8 303.997
4.4 6 303.863
4.4 6.2 303.727
4.4 6.4 303.59
4.4 6.6 303.451
4.4 6.8 303.311
4.4 7 303.172
4.4 7.2 303.033
4.4 7.4 302.894
4.4 7.6 302.756
4.4 7.8 302.619
4.4 8 302.484
4.4 8.2 302.351
4.4 8.4 302.219
4.4 8.6 302.09
4.4 8.8 301.962
4.4 9 301.837
4.4 9.2 301.714
4.4 9.4 301.594
4.4 9.6 301.476
4.4 9.8 301.36
4.4 10 301.247
4.6 0 304.627
4.6 0.2 304.753
4.6 0.4 304.871
4.6 0.6 304.982
4.6 0.8 305.083
4.6 1 305.176
4.6 1.2 305.26
4.6 1.4 305.334
4.6 1.6 305.398
4.6 1.8 305.451
4.6 2 305.493
4.6 2.2 305.524
4.6 2.4 305.542
4.6 2.6 305.549
4.6 2.8 305.542
4.6 3 305.523
4.6 3.2 305.492
4.6 3.4 305.448
4.6 3.6 305.393
4.6 3.8 305.326
4.6 4 305.247
4.6 4.2 305.159
4.6 4.4 305.062
4.6 4.6 304.955
4.6 4.8 304.841
4.6 5 304.721
4.6 5.2 304.594
4.6 5.4 304.463
4.6 5.6 304.327
4.6 5.8 304.188
4.6 6 304.046
4.6 6.2 303.902
4.6 6.4 303.757
4.6 6.6 303.611
4.6 6.8 303.465
4.6 7 303.32
4.6 7.2 303.174
4.6 7.4 303.03
4.6 7.6 302.887
4.6 7.8 302.746
4.6 8 302.607
4.6 8.2 302.47
4.6 8.4 302.334
4.6 8.6 302.202
4.6 8.8 302.072
4.6 9 301.944
4.6 9.2 301.82
4.6 9.4 301.698
4.6 9.6 301.579
4.6 9.8 301.462
4.6 10 301.349
4.8 0 304.916
4.8 0.2 305.044
4.8 0.4 305.163
4.8 0.6 305.275
4.8 0.8 305.379
4.8 1 305.474
4.8 1.2 305.56
4.8 1.4 305.636
4.8 1.6 305.702
4.8 1.8 305.757
4.8 2 305.8
4.8 2.2 305.831
4.8 2.4 305.85
4.8 2.6 305.855
4.8 2.8 305.847
4.8 3 305.825
4.8 3.2 305.79
4.8 3.4 305.742
4.8 3.6 305.68
4.8 3.8 305.607
4.8 4 305.521
4.8 4.2 305.425
4.8 4.4 305.319
4.8 4.6 305.204
4.8 4.8 305.081
4.8 5 304.951
4.8 5.2 304.815
4.8 5.4 304.674
4.8 5.6 304.529
4.8 5.8 304.381
4.8 6 304.231
4.8 6.2 304.079
4.8 6.4 303.926
4.8 6.6 303.772
4.8 6.8 303.619
4.8 7 303.467
4.8 7.2 303.315
4.8 7.4 303.165
4.8 7.6 303.017
4.8 7.8 302.871
4.8 8 302.727
4.8 8.2 302.586
4.8 8.4 302.447
4.8 8.6 302.312
4.8 8.8 302.179
4.8 9 302.049
4.8 9.2 301.922
4.8 9.4 301.799
4.8 9.6 301.678
4.8 9.8 301.561
4.8 10 301.448
5 0 305.213
5 0.2 305.342
5 0.4 305.463
5 0.6 305.577
5 0.8 305.683
5 1 305.781
5 1.2 305.869
5 1.4 305.948
5 1.6 306.017
5 1.8 306.074
5 2 306.119
5 2.2 306.151
5 2.4 306.17
5 2.6 306.175
5 2.8 306.165
5 3 306.14
5 3.2 306.101
5 3.4 306.048
5 3.6 305.98
5 3.8 305.9
5 4 305.806
5 4.2 305.701
5 4.4 305.586
5 4.6 305.461
5 4.8 305.327
5 5 305.187
5 5.2 305.041
5 5.4 304.89
5 5.6 304.735
5 5.8 304.577
5 6 304.417
5 6.2 304.256
5 6.4 304.095
5 6.6 303.933
5 6.8 303.772
5 7 303.613
5 7.2 303.455
5 7.4 303.299
5 7.6 303.145
5 7.8 302.994
5 8 302.845
5 8.2 302.7
5 8.4 302.557
5 8.6 302.418
5 8.8 302.283
5 9 302.15
5 9.2 302.022
5 9.4 301.897
5 9.6 301.775
5 9.8 301.657
5 10 301.543
5.2 0 305.518
5.2 0.2 305.648
5.2 0.4 305.771
5.2 0.6 305.887
5.2 0.8 305.996
5.2 1 306.097
5.2 1.2 306.189
5.2 1.4 306.271
5.2 1.6 306.343
5.2 1.8 306.403
5.2 2 306.451
5.2 2.2 306.485
5.2 2.4 306.504
5.2 2.6 306.509
5.2 2.8 306.498
5.2 3 306.47
5.2 3.2 306.427
5.2 3.4 306.368
5.2 3.6 306.294
5.2 3.8 306.205
5.2 4 306.103
5.2 4.2 305.988
5.2 4.4 305.862
5.2 4.6 305.726
5.2 4.8 305.581
5.2 5 305.429
5.2 5.2 305.272
5.2 5.4 305.109
5.2 5.6 304.943
5.2 5.8 304.775
5.2 6 304.605
5.2 6.2 304.434
5.2 6.4 304.263
5.2 6.6 304.093
5.2 6.8 303.924
5.2 7 303.757
5.2 7.2 303.592
5.2 7.4 303.43
5.2 7.6 303.27
5.2 7.8 303.114
5.2 8 302.96
5.2 8.2 302.811
5.2 8.4 302.664
5.2 8.6 302.522
5.2 8.8 302.383
5.2 9 302.249
5.2 9.2 302.118
5.2 9.4 301.991
5.2 9.6 301.868
5.2 9.8 301.75
5.2 10 301.635
5.4 0 305.829
5.4 0.2 305.961
5.4 0.4 306.086
5.4 0.6 306.205
5.4 0.8 306.317
5.4 1 306.422
5.4 1.2 306.518
5.4 1.4 306.605
5.4 1.6 306.681
5.4 1.8 306.745
5.4 2 306.796
5.4 2.2 306.833
5.4 2.4 306.854
5.4 2.6 306.859
5.4 2.8 306.846
5.4 3 306.816
5.4 3.2 306.769
5.4 3.4 306.704
5.4 3.6 306.622
5.4 3.8 306.524
5.4 4 306.412
5.4 4.2 306.286
5.4 4.4 306.148
5.4 4.6 305.999
5.4 4.8 305.842
5.4 5 305.677
5.4 5.2 305.507
5.4 5.4 305.332
5.4 5.6 305.154
5.4 5.8 304.974
5.4 6 304.793
5.4 6.2 304.612
5.4 6.4 304.431
5.4 6.6 304.252
5.4 6.8 304.075
5.4 7 303.9
5.4 7.2 303.728
5.4 7.4 303.558
5.4 7.6 303.393
5.4 7.8 303.23
5.4 8 303.072
5.4 8.2 302.918
5.4 8.4 302.768
5.4 8.6 302.622
5.4 8.8 302.48
5.4 9 302.343
5.4 9.2 302.21
5.4 9.4 302.081
5.4 9.6 301.957
5.4 9.8 301.838
5.4 10 301.723
5.6 0 306.147
5.6 0.2 306.279
5.6 0.4 306.407
5.6 0.6 306.529
5.6 0.8 306.645
5.6 1 306.755
5.6 1.2 306.856
5.6 1.4 306.949
5.6 1.6 307.031
5.6 1.8 307.1
5.6 2 307.156
5.6 2.2 307.197
5.6 2.4 307.22
5.6 2.6 307.226
5.6 2.8 307.213
5.6 3 307.18
5.6 3.2 307.128
5.6 3.4 307.056
5.6 3.6 306.966
5.6 3.8 306.858
5.6 4 306.734
5.6 4.2 306.596
5.6 4.4 306.444
5.6 4.6 306.282
5.6 4.8 306.11
5.6 5 305.931
5.6 5.2 305.747
5.6 5.4 305.558
5.6 5.6 305.367
5.6 5.8 305.175
5.6 6 304.982
5.6 6.2 304.789
5.6 6.4 304.598
5.6 6.6 304.409
5.6 6.8 304.223
5.6 7 304.04
5.6 7.2 303.86
5.6 7.4 303.684
5.6 7.6 303.511
5.6 7.8 303.343
5.6 8 303.18
5.6 8.2 303.021
5.6 8.4 302.867
5.6 8.6 302.717
5.6 8.8 302.572
5.6 9 302.432
5.6 9.2 302.297
5.6 9.4 302.167
5.6 9.6 302.042
5.6 9.8 301.922
5.6 10 301.807
5.8 0 306.469
5.8 0.2 306.603
5.8 0.4 306.733
5.8 0.6 306.859
5.8 0.8 306.981
5.8 1 307.096
5.8 1.2 307.204
5.8 1.4 307.304
5.8 1.6 307.393
5.8 1.8 307.47
5.8 2 307.532
5.8 2.2 307.577
5.8 2.4 307.605
5.8 2.6 307.612
5.8 2.8 307.599
5.8 3 307.563
5.8 3.2 307.506
5.8 3.4 307.427
5.8 3.6 307.328
5.8 3.8 307.209
5.8 4 307.071
5.8 4.2 306.918
5.8 4.4 306.752
5.8 4.6 306.573
5.8 4.8 306.386
5.8 5 306.191
5.8 5.2 305.991
5.8 5.4 305.787
5.8 5.6 305.582
5.8 5.8 305.375
5.8 6 305.17
5.8 6.2 304.965
5.8 6.4 304.763
5.8 6.6 304.564
5.8 6.8 304.368
5.8 7 304.176
5.8 7.2 303.988
5.8 7.4 303.805
5.8 7.6 303.626
5.8 7.8 303.452
5.8 8 303.283
5.8 8.2 303.119
5.8 8.4 302.961
5.8 8.6 302.808
5.8 8.8 302.66
5.8 9 302.517
5.8 9.2 302.38
5.8 9.4 302.248
5.8 9.6 302.122
5.8 9.8 302.001
5.8 10 301.885
6 0 306.796
6 0.2 306.931
6 0.4 307.064
6 0.6 307.194
6 0.8 307.322
6 1 307.444
6 1.2 307.561
6 1.4 307.669
6 1.6 307.768
6 1.8 307.853
6 2 307.924
6 2.2 307.976
6 2.4 308.009
6 2.6 308.019
6 2.8 308.006
6 3 307.969
6 3.2 307.906
6 3.4 307.819
6 3.6 307.709
6 3.8 307.577
6 4 307.425
6 4.2 307.255
6 4.4 307.071
6 4.6 306.874
6 4.8 306.669
6 5 306.456
6 5.2 306.238
6 5.4 306.018
6 5.6 305.797
6 5.8 305.576
6 6 305.356
6 6.2 305.139
6 6.4 304.925
6 6.6 304.715
6 6.8 304.509
6 7 304.308
6 7.2 304.112
6 7.4 303.921
6 7.6 303.736
6 7.8 303.556
6 8 303.381
6 8.2 303.213
6 8.4 303.05
6 8.6 302.893
6 8.8 302.742
6 9 302.597
6 9.2 302.457
6 9.4 302.324
6 9.6 302.196
6 9.8 302.075
6 10 301.959
6.2 0 307.124
6.2 0.2 307.261
6.2 0.4 307.397
6.2 0.6 307.533
6.2 0.8 307.667
6.2 1 307.799
6.2 1.2 307.925
6.2 1.4 308.045
6.2 1.6 308.155
6.2 1.8 308.252
6.2 2 308.333
6.2 2.2 308.395
6.2 2.4 308.435
6.2 2.6 308.45
6.2 2.8 308.438
6.2 3 308.399
6.2 3.2 308.331
6.2 3.4 308.235
6.2 3.6 308.112
6.2 3.8 307.965
6.2 4 307.795
6.2 4.2 307.607
6.2 4.4 307.402
6.2 4.6 307.185
6.2 4.8 306.958
6.2 5 306.725
6.2 5.2 306.489
6.2 5.4 306.25
6.2 5.6 306.012
6.2 5.8 305.775
6.2 6 305.541
6.2 6.2 305.31
6.2 6.4 305.084
6.2 6.6 304.862
6.2 6.8 304.646
6.2 7 304.436
6.2 7.2 304.231
6.2 7.4 304.032
6.2 7.6 303.84
6.2 7.8 303.654
6.2 8 303.474
6.2 8.2 303.3
6.2 8.4 303.133
6.2 8.6 302.972
6.2 8.8 302.818
6.2 9 302.67
6.2 9.2 302.529
6.2 9.4 302.394
6.2 9.6 302.265
6.2 9.8 302.143
6.2 10 302.026
6.4 0 307.453
6.4 0.2 307.591
6.4 0.4 307.731
6.4 0.6 307.873
6.4 0.8 308.016
6.4 1 308.158
6.4 1.2 308.297
6.4 1.4 308.43
6.4 1.6 308.555
6.4 1.8 308.667
6.4 2 308.762
6.4 2.2 308.837
6.4 2.4 308.886
6.4 2.6 308.908
6.4 2.8 308.899
6.4 3 308.857
6.4 3.2 308.783
6.4 3.4 308.677
6.4 3.6 308.54
6.4 3.8 308.375
6.4 4 308.185
6.4 4.2 307.974
6.4 4.4 307.746
6.4 4.6 307.505
6.4 4.8 307.255
6.4 5 306.999
6.4 5.2 306.741
6.4 5.4 306.482
6.4 5.6 306.225
6.4 5.8 305.971
6.4 6 305.722
6.4 6.2 305.477
6.4 6.4 305.237
6.4 6.6 305.004
6.4 6.8 304.777
6.4 7 304.557
6.4 7.2 304.344
6.4 7.4 304.137
6.4 7.6 303.938
6.4 7.8 303.745
6.4 8 303.56
6.4 8.2 303.381
6.4 8.4 303.21
6.4 8.6 303.046
6.4 8.8 302.888
6.4 9 302.738
6.4 9.2 302.594
6.4 9.4 302.457
6.4 9.6 302.327
6.4 9.8 302.204
6.4 10 302.088
6.6 0 307.78
6.6 0.2 307.919
6.6 0.4 308.063
6.6 0.6 308.212
6.6 0.8 308.365
6.6 1 308.52
6.6 1.2 308.674
6.6 1.4 308.825
6.6 1.6 308.968
6.6 1.8 309.099
6.6 2 309.212
6.6 2.2 309.303
6.6 2.4 309.366
6.6 2.6 309.396
6.6 2.8 309.391
6.6 3 309.348
6.6 3.2 309.268
6.6 3.4 309.15
6.6 3.6 308.997
6.6 3.8 308.811
6.6 4 308.596
6.6 4.2 308.358
6.6 4.4 308.102
6.6 4.6 307.833
6.6 4.8 307.556
6.6 5 307.275
6.6 5.2 306.993
6.6 5.4 306.713
6.6 5.6 306.436
6.6 5.8 306.164
6.6 6 305.897
6.6 6.2 305.638
6.6 6.4 305.385
6.6 6.6 305.14
6.6 6.8 304.902
6.6 7 304.672
6.6 7.2 304.45
6.6 7.4 304.235
6.6 7.6 304.029
6.6 7.8 303.83
6.6 8 303.639
6.6 8.2 303.456
6.6 8.4 303.28
6.6 8.6 303.112
6.6 8.8 302.951
6.6 9 302.798
6.6 9.2 302.652
6.6 9.4 302.514
6.6 9.6 302.383
6.6 9.8 302.259
6.6 10 302.142
6.8 0 308.101
6.8 0.2 308.242
6.8 0.4 308.391
6.8 0.6 308.548
6.8 0.8 308.712
6.8 1 308.882
6.8 1.2 309.055
6.8 1.4 309.227
6.8 1.6 309.393
6.8 1.8 309.548
6.8 2 309.686
6.8 2.2 309.797
6.8 2.4 309.877
6.8 2.6 309.92
6.8 2.8 309.921
6.8 3 309.878
6.8 3.2 309.79
6.8 3.4 309.659
6.8 3.6 309.486
6.8 3.8 309.274
6.8 4 309.031
6.8 4.2 308.761
6.8 4.4 308.472
6.8 4.6 308.17
6.8 4.8 307.862
6.8 5 307.553
6.8 5.2 307.244
6.8 5.4 306.94
6.8 5.6 306.642
6.8 5.8 306.35
6.8 6 306.067
6.8 6.2 305.792
6.8 6.4 305.525
6.8 6.6 305.268
6.8 6.8 305.019
6.8 7 304.779
6.8 7.2 304.548
6.8 7.4 304.326
6.8 7.6 304.112
6.8 7.8 303.907
6.8 8 303.71
6.8 8.2 303.522
6.8 8.4 303.342
6.8 8.6 303.171
6.8 8.8 303.007
6.8 9 302.851
6.8 9.2 302.703
6.8 9.4 302.563
6.8 9.6 302.431
6.8 9.8 302.307
6.8 10 302.19
7 0 308.414
7 0.2 308.556
7 0.4 308.71
7 0.6 308.877
7 0.8 309.054
7 1 309.242
7 1.2 309.436
7 1.4 309.634
7 1.6 309.83
7 1.8 310.016
7 2 310.184
7 2.2 310.324
7 2.4 310.426
7 2.6 310.485
7 2.8 310.494
7 3 310.452
7 3.2 310.357
7 3.4 310.209
7 3.6 310.013
7 3.8 309.771
7 4 309.491
7 4.2 309.182
7 4.4 308.854
7 4.6 308.514
7 4.8 308.17
7 5 307.828
7 5.2 307.491
7 5.4 307.161
7 5.6 306.84
7 5.8 306.529
7 6 306.228
7 6.2 305.937
7 6.4 305.657
7 6.6 305.387
7 6.8 305.127
7 7 304.877
7 7.2 304.637
7 7.4 304.407
7 7.6 304.187
7 7.8 303.976
7 8 303.774
7 8.2 303.581
7 8.4 303.397
7 8.6 303.221
7 8.8 303.055
7 9 302.896
7 9.2 302.746
7 9.4 302.605
7 9.6 302.472
7 9.8 302.347
7 10 302.23
7.2 0 308.715
7.2 0.2 308.858
7.2 0.4 309.018
7.2 0.6 309.194
7.2 0.8 309.387
7.2 1 309.594
7.2 1.2 309.814
7.2 1.4 310.043
7.2 1.6 310.275
7.2 1.8 310.502
7.2 2 310.711
7.2 2.2 310.887
7.2 2.4 311.02
7.2 2.6 311.099
7.2 2.8 311.119
7.2 3 311.079
7.2 3.2 310.975
7.2 3.4 310.809
7.2 3.6 310.584
7.2 3.8 310.306
7.2 4 309.982
7.2 4.2 309.624
7.2 4.4 309.247
7.2 4.6 308.861
7.2 4.8 308.477
7.2 5 308.099
7.2 5.2 307.731
7.2 5.4 307.374
7.2 5.6 307.029
7.2 5.8 306.697
7.2 6 306.378
7.2 6.2 306.072
7.2 6.4 305.778
7.2 6.6 305.495
7.2 6.8 305.225
7.2 7 304.966
7.2 7.2 304.717
7.2 7.4 304.48
7.2 7.6 304.252
7.2 7.8 304.035
7.2 8 303.828
7.2 8.2 303.63
7.2 8.4 303.442
7.2 8.6 303.263
7.2 8.8 303.094
7.2 9 302.933
7.2 9.2 302.781
7.2 9.4 302.638
7.2 9.6 302.504
7.2 9.8 302.379
7.2 10 302.262
7.4 0 308.999
7.4 0.2 309.143
7.4 0.4 309.308
7.4 0.6 309.495
7.4 0.8 309.704
7.4 1 309.934
7.4 1.2 310.183
7.4 1.4 310.449
7.4 1.6 310.727
7.4 1.8 311.006
7.4 2 311.269
7.4 2.2 311.495
7.4 2.4 311.666
7.4 2.6 311.772
7.4 2.8 311.807
7.4 3 311.768
7.4 3.2 311.655
7.4 3.4 311.468
7.4 3.6 311.21
7.4 3.8 310.886
7.4 4 310.505
7.4 4.2 310.085
7.4 4.4 309.647
7.4 4.6 309.208
7.4 4.8 308.777
7.4 5 308.36
7.4 5.2 307.959
7.4 5.4 307.574
7.4 5.6 307.206
7.4 5.8 306.853
7.4 6 306.517
7.4 6.2 306.195
7.4 6.4 305.887
7.4 6.6 305.593
7.4 6.8 305.312
7.4 7 305.043
7.4 7.2 304.786
7.4 7.4 304.541
7.4 7.6 304.308
7.4 7.8 304.085
7.4 8 303.872
7.4 8.2 303.67
7.4 8.4 303.479
7.4 8.6 303.296
7.4 8.8 303.124
7.4 9 302.961
7.4 9.2 302.808
7.4 9.4 302.663
7.4 9.6 302.528
7.4 9.8 302.402
7.4 10 302.285
7.6 0 309.261
7.6 0.2 309.406
7.6 0.4 309.577
7.6 0.6 309.775
7.6 0.8 310.001
7.6 1 310.254
7.6 1.2 310.535
7.6 1.4 310.844
7.6 1.6 311.177
7.6 1.8 311.526
7.6 2 311.866
7.6 2.2 312.158
7.6 2.4 312.377
7.6 2.6 312.515
7.6 2.8 312.567
7.6 3 312.532
7.6 3.2 312.409
7.6 3.4 312.199
7.6 3.6 311.902
7.6 3.8 311.522
7.6 4 311.069
7.6 4.2 310.564
7.6 4.4 310.049
7.6 4.6 309.547
7.6 4.8 309.064
7.6 5 308.606
7.6 5.2 308.17
7.6 5.4 307.758
7.6 5.6 307.366
7.6 5.8 306.994
7.6 6 306.64
7.6 6.2 306.303
7.6 6.4 305.983
7.6 6.6 305.677
7.6 6.8 305.386
7.6 7 305.108
7.6 7.2 304.844
7.6 7.4 304.592
7.6 7.6 304.352
7.6 7.8 304.124
7.6 8 303.907
7.6 8.2 303.701
7.6 8.4 303.505
7.6 8.6 303.32
7.6 8.8 303.145
7.6 9 302.98
7.6 9.2 302.825
7.6 9.4 302.679
7.6 9.6 302.543
7.6 9.8 302.416
7.6 10 302.299
7.8 0 309.497
7.8 0.2 309.643
7.8 0.4 309.82
7.8 0.6 310.028
7.8 0.8 310.269
7.8 1 310.546
7.8 1.2 310.86
7.8 1.4 311.215
7.8 1.6 311.613
7.8 1.8 312.053
7.8 2 312.512
7.8 2.2 312.892
7.8 2.4 313.17
7.8 2.6 313.344
7.8 2.8 313.415
7.8 3 313.384
7.8 3.2 313.251
7.8 3.4 313.016
7.8 3.6 312.677
7.8 3.8 312.232
7.8 4 311.684
7.8 4.2 311.053
7.8 4.4 310.44
7.8 4.6 309.864
7.8 4.8 309.328
7.8 5 308.828
7.8 5.2 308.36
7.8 5.4 307.92
7.8 5.6 307.507
7.8 5.8 307.116
7.8 6 306.746
7.8 6.2 306.396
7.8 6.4 306.063
7.8 6.6 305.747
7.8 6.8 305.447
7.8 7 305.161
7.8 7.2 304.889
7.8 7.4 304.631
7.8 7.6 304.385
7.8 7.8 304.152
7.8 8 303.93
7.8 8.2 303.72
7.8 8.4 303.521
7.8 8.6 303.333
7.8 8.8 303.156
7.8 9 302.989
7.8 9.2 302.832
7.8 9.4 302.685
7.8 9.6 302.548
7.8 9.8 302.421
7.8 10 302.304
8 0 309.702
8 0.2 309.849
8 0.4 310.031
8 0.6 310.248
8 0.8 310.503
8 1 310.8
8 1.2 311.144
8 1.4 311.542
8 1.6 312.008
8 1.8 312.559
8 2 313.239
8 2.2 313.728
8 2.4 314.068
8 2.6 314.277
8 2.8 314.365
8 3 314.338
8 3.2 314.196
8 3.4 313.938
8 3.6 313.558
8 3.8 313.045
8 4 312.381
8 4.2 311.525
8 4.4 310.792
8 4.6 310.143
8 4.8 309.555
8 5 309.017
8 5.2 308.52
8 5.4 308.057
8 5.6 307.624
8 5.8 307.217
8 6 306.833
8 6.2 306.471
8 6.4 306.127
8 6.6 305.802
8 6.8 305.493
8 7 305.199
8 7.2 304.921
8 7.4 304.657
8 7.6 304.406
8 7.8 304.168
8 8 303.942
8 8.2 303.729
8 8.4 303.527
8 8.6 303.336
8 8.8 303.156
8 9 302.988
8 9.2 302.829
8 9.4 302.682
8 9.6 302.544
8 9.8 302.417
8 10 302.3
8.2 0 309.874
8.2 0.2 310.021
8.2 0.4 310.206
8.2 0.6 310.43
8.2 0.8 310.695
8.2 1 311.007
8.2 1.2 311.373
8.2 1.4 311.803
8.2 1.6 312.316
8.2 1.8 312.938
8.2 2 313.715
8.2 2.2 314.273
8.2 2.4 314.656
8.2 2.6 314.89
8.2 2.8 314.991
8.2 3 314.965
8.2 3.2 314.816
8.2 3.4 314.541
8.2 3.6 314.131
8.2 3.8 313.57
8.2 4 312.832
8.2 4.2 311.872
8.2 4.4 311.063
8.2 4.6 310.359
8.2 4.8 309.733
8.2 5 309.166
8.2 5.2 308.646
8.2 5.4 308.165
8.2 5.6 307.716
8.2 5.8 307.295
8.2 6 306.899
8.2 6.2 306.526
8.2 6.4 306.173
8.2 6.6 305.839
8.2 6.8 305.523
8.2 7 305.223
8.2 7.2 304.939
8.2 7.4 304.669
8.2 7.6 304.414
8.2 7.8 304.171
8.2 8 303.942
8.2 8.2 303.725
8.2 8.4 303.521
8.2 8.6 303.328
8.2 8.8 303.146
8.2 9 302.976
8.2 9.2 302.816
8.2 9.4 302.668
8.2 9.6 302.53
8.2 9.8 302.402
8.2 10 302.285
8.4 0 310.007
8.4 0.2 310.155
8.4 0.4 310.342
8.4 0.6 310.57
8.4 0.8 310.841
8.4 1 311.161
8.4 1.2 311.537
8.4 1.4 311.982
8.4 1.6 312.514
8.4 1.8 313.163
8.4 2 313.971
8.4 2.2 314.554
8.4 2.4 314.954
8.4 2.6 315.197
8.4 2.8 315.302
8.4 3 315.277
8.4 3.2 315.123
8.4 3.4 314.839
8.4 3.6 314.414
8.4 3.8 313.832
8.4 4 313.064
8.4 4.2 312.068
8.4 4.4 311.227
8.4 4.6 310.499
8.4 4.8 309.852
8.4 5 309.269
8.4 5.2 308.734
8.4 5.4 308.24
8.4 5.6 307.779
8.4 5.8 307.348
8.4 6 306.943
8.4 6.2 306.561
8.4 6.4 306.201
8.4 6.6 305.86
8.4 6.8 305.537
8.4 7 305.231
8.4 7.2 304.942
8.4 7.4 304.668
8.4 7.6 304.408
8.4 7.8 304.162
8.4 8 303.93
8.4 8.2 303.71
8.4 8.4 303.503
8.4 8.6 303.308
8.4 8.8 303.125
8.4 9 302.953
8.4 9.2 302.793
8.4 9.4 302.643
8.4 9.6 302.505
8.4 9.8 302.377
8.4 10 302.26
8.6 0 310.102
8.6 0.2 310.251
8.6 0.4 310.438
8.6 0.6 310.667
8.6 0.8 310.939
8.6 1 311.258
8.6 1.2 311.633
8.6 1.4 312.073
8.6 1.6 312.595
8.6 1.8 313.227
8.6 2 314.013
8.6 2.2 314.578
8.6 2.4 314.967
8.6 2.6 315.204
8.6 2.8 315.304
8.6 3 315.276
8.6 3.2 315.121
8.6 3.4 314.837
8.6 3.6 314.415
8.6 3.8 313.84
8.6 4 313.086
8.6 4.2 312.108
8.6 4.4 311.279
8.6 4.6 310.556
8.6 4.8 309.909
8.6 5 309.322
8.6 5.2 308.782
8.6 5.4 308.281
8.6 5.6 307.814
8.6 5.8 307.375
8.6 6 306.964
8.6 6.2 306.575
8.6 6.4 306.209
8.6 6.6 305.862
8.6 6.8 305.534
8.6 7 305.224
8.6 7.2 304.93
8.6 7.4 304.652
8.6 7.6 304.389
8.6 7.8 304.14
8.6 8 303.905
8.6 8.2 303.683
8.6 8.4 303.474
8.6 8.6 303.277
8.6 8.8 303.092
8.6 9 302.919
8.6 9.2 302.758
8.6 9.4 302.608
8.6 9.6 302.469
8.6 9.8 302.341
8.6 10 302.224
8.8 0 310.158
8.8 0.2 310.307
8.8 0.4 310.494
8.8 0.6 310.72
8.8 0.8 310.988
8.8 1 311.301
8.8 1.2 311.663
8.8 1.4 312.081
8.8 1.6 312.567
8.8 1.8 313.138
8.8 2 313.835
8.8 2.2 314.34
8.8 2.4 314.691
8.8 2.6 314.906
8.8 2.8 314.995
8.8 3 314.962
8.8 3.2 314.809
8.8 3.4 314.533
8.8 3.6 314.13
8.8 3.8 313.588
8.8 4 312.891
8.8 4.2 311.998
8.8 4.4 311.226
8.8 4.6 310.536
8.8 4.8 309.907
8.8 5 309.328
8.8 5.2 308.79
8.8 5.4 308.289
8.8 5.6 307.818
8.8 5.8 307.377
8.8 6 306.96
8.8 6.2 306.568
8.8 6.4 306.196
8.8 6.6 305.845
8.8 6.8 305.513
8.8 7 305.199
8.8 7.2 304.902
8.8 7.4 304.621
8.8 7.6 304.355
8.8 7.8 304.104
8.8 8 303.866
8.8 8.2 303.642
8.8 8.4 303.432
8.8 8.6 303.234
8.8 8.8 303.048
8.8 9 302.874
8.8 9.2 302.712
8.8 9.4 302.561
8.8 9.6 302.422
8.8 9.8 302.294
8.8 10 302.178
9 0 310.175
9 0.2 310.324
9 0.4 310.51
9 0.6 310.732
9 0.8 310.994
9 1 311.294
9 1.2 311.637
9 1.4 312.022
9 1.6 312.452
9 1.8 312.923
9 2 313.411
9 2.2 313.814
9 2.4 314.111
9 2.6 314.295
9 2.8 314.368
9 3 314.329
9 3.2 314.179
9 3.4 313.917
9 3.6 313.541
9 3.8 313.052
9 4 312.453
9 4.2 311.766
9 4.4 311.092
9 4.6 310.454
9 4.8 309.855
9 5 309.292
9 5.2 308.763
9 5.4 308.265
9 5.6 307.795
9 5.8 307.352
9 6 306.934
9 6.2 306.538
9 6.4 306.164
9 6.6 305.81
9 6.8 305.475
9 7 305.158
9 7.2 304.858
9 7.4 304.575
9 7.6 304.307
9 7.8 304.053
9 8 303.814
9 8.2 303.589
9 8.4 303.377
9 8.6 303.178
9 8.8 302.991
9 9 302.817
9 9.2 302.654
9 9.4 302.504
9 9.6 302.364
9 9.8 302.237
9 10 302.12
9.2 0 310.156
9.2 0.2 310.305
9.2 0.4 310.488
9.2 0.6 310.706
9.2 0.8 310.959
9.2 1 311.247
9.2 1.2 311.567
9.2 1.4 311.92
9.2 1.6 312.298
9.2 1.8 312.69
9.2 2 313.071
9.2 2.2 313.397
9.2 2.4 313.642
9.2 2.6 313.796
9.2 2.8 313.852
9.2 3 313.807
9.2 3.2 313.661
9.2 3.4 313.414
9.2 3.6 313.067
9.2 3.8 312.627
9.2 4 312.103
9.2 4.2 311.52
9.2 4.4 310.923
9.2 4.6 310.335
9.2 4.8 309.766
9.2 5 309.222
9.2 5.2 308.704
9.2 5.4 308.212
9.2 5.6 307.746
9.2 5.8 307.303
9.2 6 306.884
9.2 6.2 306.487
9.2 6.4 306.112
9.2 6.6 305.756
9.2 6.8 305.419
9.2 7 305.1
9.2 7.2 304.798
9.2 7.4 304.513
9.2 7.6 304.244
9.2 7.8 303.989
9.2 8 303.749
9.2 8.2 303.523
9.2 8.4 303.31
9.2 8.6 303.11
9.2 8.8 302.923
9.2 9 302.748
9.2 9.2 302.585
9.2 9.4 302.434
9.2 9.6 302.295
9.2 9.8 302.168
9.2 10 302.051
9.4 0 310.102
9.4 0.2 310.251
9.4 0.4 310.432
9.4 0.6 310.645
9.4 0.8 310.89
9.4 1 311.165
9.4 1.2 311.467
9.4 1.4 311.791
9.4 1.6 312.129
9.4 1.8 312.467
9.4 2 312.786
9.4 2.2 313.059
9.4 2.4 313.267
9.4 2.6 313.395
9.4 2.8 313.436
9.4 3 313.386
9.4 3.2 313.244
9.4 3.4 313.01
9.4 3.6 312.687
9.4 3.8 312.284
9.4 4 311.811
9.4 4.2 311.29
9.4 4.4 310.745
9.4 4.6 310.195
9.4 4.8 309.653
9.4 5 309.127
9.4 5.2 308.62
9.4 5.4 308.135
9.4 5.6 307.672
9.4 5.8 307.231
9.4 6 306.813
9.4 6.2 306.416
9.4 6.4 306.039
9.4 6.6 305.682
9.4 6.8 305.345
9.4 7 305.025
9.4 7.2 304.722
9.4 7.4 304.436
9.4 7.6 304.165
9.4 7.8 303.91
9.4 8 303.669
9.4 8.2 303.443
9.4 8.4 303.229
9.4 8.6 303.029
9.4 8.8 302.842
9.4 9 302.667
9.4 9.2 302.504
9.4 9.4 302.354
9.4 9.6 302.214
9.4 9.8 302.087
9.4 10 301.971
9.6 0 310.016
9.6 0.2 310.164
9.6 0.4 310.343
9.6 0.6 310.553
9.6 0.8 310.792
9.6 1 311.057
9.6 1.2 311.345
9.6 1.4 311.649
9.6 1.6 311.96
9.6 1.8 312.265
9.6 2 312.547
9.6 2.2 312.788
9.6 2.4 312.97
9.6 2.6 313.08
9.6 2.8 313.112
9.6 3 313.058
9.6 3.2 312.919
9.6 3.4 312.694
9.6 3.6 312.388
9.6 3.8 312.01
9.6 4 311.569
9.6 4.2 311.084
9.6 4.4 310.571
9.6 4.6 310.047
9.6 4.8 309.525
9.6 5 309.012
9.6 5.2 308.514
9.6 5.4 308.035
9.6 5.6 307.575
9.6 5.8 307.137
9.6 6 306.72
9.6 6.2 306.323
9.6 6.4 305.947
9.6 6.6 305.59
9.6 6.8 305.252
9.6 7 304.932
9.6 7.2 304.629
9.6 7.4 304.343
9.6 7.6 304.072
9.6 7.8 303.817
9.6 8 303.576
9.6 8.2 303.349
9.6 8.4 303.136
9.6 8.6 302.936
9.6 8.8 302.749
9.6 9 302.574
9.6 9.2 302.411
9.6 9.4 302.261
9.6 9.6 302.122
9.6 9.8 301.995
9.6 10 301.879
9.8 0 309.899
9.8 0.2 310.047
9.8 0.4 310.224
9.8 0.6 310.431
9.8 0.8 310.666
9.8 1 310.926
9.8 1.2 311.206
9.8 1.4 311.499
9.8 1.6 311.796
9.8 1.8 312.085
9.8 2 312.35
9.8 2.2 312.575
9.8 2.4 312.744
9.8 2.6 312.846
9.8 2.8 312.872
9.8 3 312.817
9.8 3.2 312.679
9.8 3.4 312.46
9.8 3.6 312.163
9.8 3.8 311.797
9.8 4 311.373
9.8 4.2 310.904
9.8 4.4 310.408
9.8 4.6 309.898
9.8 4.8 309.386
9.8 5 308.882
9.8 5.2 308.39
9.8 5.4 307.914
9.8 5.6 307.458
9.8 5.8 307.022
9.8 6 306.606
9.8 6.2 306.211
9.8 6.4 305.836
9.8 6.6 305.48
9.8 6.8 305.142
9.8 7 304.823
9.8 7.2 304.52
9.8 7.4 304.234
9.8 7.6 303.964
9.8 7.8 303.709
9.8 8 303.469
9.8 8.2 303.242
9.8 8.4 303.03
9.8 8.6 302.83
9.8 8.8 302.643
9.8 9 302.469
9.8 9.2 302.307
9.8 9.4 302.156
9.8 9.6 302.018
9.8 9.8 301.891
9.8 10 301.776
10 0 309.899
10 0.2 309.899
10 0.4 310.076
10 0.6 310.282
10 0.8 310.516
10 1 310.775
10 1.2 311.054
10 1.4 311.346
10 1.6 311.642
10 1.8 311.929
10 2 312.193
10 2.2 312.417
10 2.4 312.586
10 2.6 312.687
10 2.8 312.713
10 3 312.658
10 3.2 312.521
10 3.4 312.302
10 3.6 312.007
10 3.8 311.642
10 4 311.22
10 4.2 310.753
10 4.4 310.259
10 4.6 309.751
10 4.8 309.241
10 5 308.739
10 5.2 308.249
10 5.4 307.775
10 5.6 307.321
10 5.8 306.886
10 6 306.472
10 6.2 306.079
10 6.4 305.705
10 6.6 305.35
10 6.8 305.014
10 7 304.696
10 7.2 304.395
10 7.4 304.11
10 7.6 303.841
10 7.8 303.587
10 8 303.347
10 8.2 303.122
10 8.4 302.91
10 8.6 302.711
10 8.8 302.525
10 9 302.351
10 9.2 302.19
10 9.4 302.04
10 9.6 301.903
10 9.8 301.776
10 10 301.776
