1 18.4761 17.4761
2 18.7388 0.0142178
3 18.8569 0.0063044
4 18.9224 0.00347046
5 18.9715 0.00259724
6 19.0146 0.00226919
7 19.0541 0.00207736
8 19.0905 0.00191252
9 19.1239 0.00174985
10 19.1543 0.00158764
11 19.1817 0.00142939
12 19.2062 0.00127873
13 19.2281 0.00113818
14 19.2475 0.00100914
15 19.2646 0.000892093
16 19.2798 0.000786889
17 19.2931 0.000692989
18 19.3049 0.00060962
19 19.3153 0.000535895
20 19.3243 0.000470894
21 19.3323 0.000413711
22 19.3394 0.000363487
23 19.3455 0.000319425
24 19.351 0.000280797
25 19.3558 0.000246948
26 19.36 0.000217293
27 19.3637 0.00019131
28 19.3669 0.000168543
29 19.3698 0.000148586
30 19.3723 0.000131086
31 19.3746 0.000115732
32 19.3766 0.000102255
33 19.3783 9.04181e-05
34 19.3799 8.00145e-05
35 19.3812 7.08649e-05
36 19.3825 6.28124e-05
37 19.3835 5.57205e-05
38 19.3845 4.94701e-05
39 19.3854 4.39574e-05
40 19.3861 3.90917e-05
41 19.3868 3.47938e-05
42 19.3874 3.09948e-05
43 19.3879 2.76343e-05
44 19.3884 2.46594e-05
45 19.3888 2.2024e-05
46 19.3892 1.96877e-05
47 19.3896 1.76149e-05
48 19.3899 1.57747e-05
49 19.3901 1.41397e-05
50 19.3904 1.2686e-05
51 19.3906 1.13927e-05
52 19.3908 1.02411e-05
53 19.391 9.21498e-06
54 19.3911 8.30005e-06
55 19.3913 7.48367e-06
56 19.3914 6.75468e-06
57 19.3915 6.10326e-06
58 19.3916 5.52073e-06
59 19.3917 4.99942e-06
60 19.3918 4.53255e-06
61 19.3919 4.11412e-06
62 19.392 3.73882e-06
63 19.392 3.40195e-06
64 19.3921 3.09932e-06
65 19.3922 2.82725e-06
66 19.3922 2.58246e-06
67 19.3923 2.36202e-06
68 19.3923 2.16335e-06
69 19.3923 1.98414e-06
70 19.3924 1.82234e-06
71 19.3924 1.67614e-06
72 19.3924 1.54391e-06
73 19.3925 1.4242e-06
74 19.3925 1.31572e-06
75 19.3925 1.21733e-06
76 19.3925 1.12799e-06
77 19.3926 1.04679e-06
78 19.3926 9.72915e-07
79 19.3926 9.05624e-07
80 19.3926 8.44268e-07
81 19.3926 7.88258e-07
82 19.3926 7.37071e-07
83 19.3926 6.90237e-07
84 19.3927 6.47335e-07
85 19.3927 6.07987e-07
86 19.3927 5.71853e-07
87 19.3927 5.3863e-07
88 19.3927 5.08045e-07
89 19.3927 4.79851e-07
90 19.3927 4.53828e-07
91 19.3927 4.29778e-07
92 19.3927 4.0752e-07
93 19.3927 3.86895e-07
94 19.3928 3.67756e-07
95 19.3928 3.49972e-07
96 19.3928 3.33427e-07
97 19.3928 3.18011e-07
98 19.3928 3.0363e-07
99 19.3928 2.90196e-07
100 19.3928 2.77629e-07
101 19.3928 2.65859e-07
102 19.3928 2.5482e-07
103 19.3928 2.44453e-07
104 19.3928 2.34707e-07
105 19.3928 2.25531e-07
106 19.3928 2.16882e-07
107 19.3928 2.0872e-07
108 19.3928 2.01008e-07
109 19.3928 1.93713e-07
110 19.3928 1.86805e-07
111 19.3928 1.80257e-07
112 19.3928 1.74042e-07
113 19.3928 1.68138e-07
114 19.3928 1.62523e-07
115 19.3928 1.57179e-07
116 19.3928 1.52087e-07
117 19.3929 1.47231e-07
118 19.3929 1.42596e-07
119 19.3929 1.38169e-07
120 19.3929 1.33936e-07
121 19.3929 1.29885e-07
122 19.3929 1.26007e-07
123 19.3929 1.22291e-07
124 19.3929 1.18727e-07
125 19.3929 1.15307e-07
126 19.3929 1.12023e-07
127 19.3929 1.08869e-07
128 19.3929 1.05836e-07
129 19.3929 1.02918e-07
130 19.3929 1.00111e-07
131 19.3929 9.74067e-08
132 19.3929 9.48017e-08
133 19.3929 9.22907e-08
134 19.3929 8.98692e-08
135 19.3929 8.7533e-08
136 19.3929 8.5278e-08
137 19.3929 8.31006e-08
138 19.3929 8.09972e-08
139 19.3929 7.89645e-08
140 19.3929 7.69995e-08
141 19.3929 7.50992e-08
142 19.3929 7.32608e-08
143 19.3929 7.14818e-08
144 19.3929 6.97596e-08
145 19.3929 6.80919e-08
146 19.3929 6.64766e-08
147 19.3929 6.49115e-08
148 19.3929 6.33947e-08
149 19.3929 6.19242e-08
150 19.3929 6.04983e-08
151 19.3929 5.91153e-08
152 19.3929 5.77735e-08
153 19.3929 5.64715e-08
154 19.3929 5.52077e-08
155 19.3929 5.39807e-08
156 19.3929 5.27892e-08
157 19.3929 5.16319e-08
158 19.3929 5.05076e-08
159 19.3929 4.94152e-08
160 19.3929 4.83535e-08
161 19.3929 4.73214e-08
162 19.3929 4.6318e-08
163 19.3929 4.53422e-08
164 19.3929 4.43932e-08
165 19.3929 4.34699e-08
166 19.3929 4.25716e-08
167 19.3929 4.16975e-08
168 19.3929 4.08466e-08
169 19.3929 4.00184e-08
170 19.3929 3.9212e-08
171 19.3929 3.84267e-08
172 19.3929 3.76618e-08
173 19.3929 3.69168e-08
174 19.3929 3.6191e-08
175 19.3929 3.54837e-08
176 19.3929 3.47944e-08
177 19.3929 3.41226e-08
178 19.3929 3.34676e-08
179 19.3929 3.2829e-08
180 19.3929 3.22063e-08
181 19.3929 3.15991e-08
182 19.3929 3.10067e-08
183 19.3929 3.04288e-08
184 19.3929 2.9865e-08
185 19.3929 2.93148e-08
186 19.3929 2.87779e-08
187 19.3929 2.82538e-08
188 19.3929 2.77421e-08
189 19.3929 2.72426e-08
190 19.3929 2.67548e-08
191 19.3929 2.62785e-08
192 19.3929 2.58132e-08
193 19.3929 2.53588e-08
194 19.3929 2.49148e-08
195 19.3929 2.44809e-08
196 19.3929 2.4057e-08
197 19.3929 2.36427e-08
198 19.3929 2.32377e-08
199 19.3929 2.28418e-08
200 19.3929 2.24548e-08
201 19.3929 2.20764e-08
202 19.3929 2.17063e-08
203 19.3929 2.13444e-08
204 19.393 2.09904e-08
205 19.393 2.06441e-08
206 19.393 2.03053e-08
207 19.393 1.99738e-08
208 19.393 1.96494e-08
209 19.393 1.9332e-08
210 19.393 1.90212e-08
211 19.393 1.87171e-08
212 19.393 1.84193e-08
213 19.393 1.81278e-08
214 19.393 1.78423e-08
215 19.393 1.75628e-08
216 19.393 1.7289e-08
217 19.393 1.70209e-08
218 19.393 1.67582e-08
219 19.393 1.65008e-08
220 19.393 1.62487e-08
221 19.393 1.60016e-08
222 19.393 1.57595e-08
223 19.393 1.55222e-08
224 19.393 1.52896e-08
225 19.393 1.50616e-08
226 19.393 1.48381e-08
227 19.393 1.4619e-08
228 19.393 1.44041e-08
229 19.393 1.41934e-08
230 19.393 1.39867e-08
231 19.393 1.37841e-08
232 19.393 1.35853e-08
233 19.393 1.33903e-08
234 19.393 1.3199e-08
235 19.393 1.30112e-08
236 19.393 1.28271e-08
237 19.393 1.26463e-08
238 19.393 1.24689e-08
239 19.393 1.22948e-08
240 19.393 1.21239e-08
241 19.393 1.19562e-08
242 19.393 1.17915e-08
243 19.393 1.16298e-08
244 19.393 1.14711e-08
245 19.393 1.13152e-08
246 19.393 1.11621e-08
247 19.393 1.10117e-08
248 19.393 1.0864e-08
249 19.393 1.0719e-08
250 19.393 1.05765e-08
251 19.393 1.04365e-08
252 19.393 1.02989e-08
253 19.393 1.01638e-08
254 19.393 1.0031e-08
255 19.393 9.90044e-09
1 17.968 16.968
2 17.7967 0.00953467
3 17.5761 0.0123932
4 17.366 0.0119563
5 17.1829 0.0105455
6 17.0261 0.00912423
7 16.8915 0.00790721
8 16.7748 0.00690499
9 16.6728 0.00608389
10 16.5826 0.0054071
11 16.5023 0.00484379
12 16.4302 0.00436996
13 16.365 0.00396724
14 16.3057 0.00362167
15 16.2515 0.00332252
16 16.2018 0.00306148
17 16.1559 0.00283206
18 16.1134 0.00262912
19 16.074 0.00244855
20 16.0372 0.00228704
21 16.0029 0.00214187
22 15.9707 0.00201083
23 15.9405 0.00189206
24 15.912 0.00178401
25 15.8852 0.00168539
26 15.8599 0.00159507
27 15.8359 0.00151213
28 15.8132 0.00143575
29 15.7916 0.00136524
30 15.771 0.00129998
31 15.7515 0.00123944
32 15.7329 0.00118317
33 15.7151 0.00113077
34 15.6981 0.00108187
35 15.6818 0.00103615
36 15.6662 0.000993341
37 15.6513 0.000953189
38 15.637 0.000915472
39 15.6232 0.00087999
40 15.61 0.000846565
41 15.5973 0.000815034
42 15.585 0.000785253
43 15.5732 0.000757092
44 15.5618 0.00073043
45 15.5509 0.00070516
46 15.5403 0.000681184
47 15.53 0.000658413
48 15.5201 0.000636765
49 15.5106 0.000616165
50 15.5013 0.000596545
51 15.4924 0.000577842
52 15.4837 0.000559998
53 15.4753 0.000542961
54 15.4671 0.000526681
55 15.4592 0.000511113
56 15.4516 0.000496215
57 15.4441 0.00048195
58 15.4369 0.000468279
59 15.4299 0.000455171
60 15.423 0.000442595
61 15.4164 0.000430521
62 15.4099 0.000418923
63 15.4036 0.000407776
64 15.3975 0.000397056
65 15.3916 0.000386741
66 15.3858 0.000376811
67 15.3801 0.000367248
68 15.3746 0.000358032
69 15.3692 0.000349147
70 15.364 0.000340578
71 15.3589 0.000332309
72 15.3539 0.000324326
73 15.3491 0.000316617
74 15.3443 0.000309169
75 15.3397 0.000301969
76 15.3352 0.000295008
77 15.3307 0.000288274
78 15.3264 0.000281758
79 15.3222 0.000275451
80 15.3181 0.000269343
81 15.314 0.000263427
82 15.3101 0.000257694
83 15.3062 0.000252136
84 15.3025 0.000246748
85 15.2988 0.000241521
86 15.2951 0.00023645
87 15.2916 0.000231528
88 15.2881 0.00022675
89 15.2847 0.000222111
90 15.2814 0.000217603
91 15.2781 0.000213224
92 15.275 0.000208968
93 15.2718 0.00020483
94 15.2688 0.000200807
95 15.2658 0.000196893
96 15.2628 0.000193086
97 15.2599 0.00018938
98 15.2571 0.000185774
99 15.2543 0.000182263
100 15.2516 0.000178843
101 15.2489 0.000175512
102 15.2463 0.000172267
103 15.2437 0.000169105
104 15.2412 0.000166023
105 15.2387 0.000163019
106 15.2362 0.000160089
107 15.2338 0.000157231
108 15.2315 0.000154444
109 15.2292 0.000151725
110 15.2269 0.000149071
111 15.2247 0.00014648
112 15.2225 0.000143952
113 15.2203 0.000141483
114 15.2182 0.000139071
115 15.2161 0.000136716
116 15.2141 0.000134415
117 15.2121 0.000132167
118 15.2101 0.00012997
119 15.2082 0.000127823
120 15.2062 0.000125724
121 15.2044 0.000123672
122 15.2025 0.000121665
123 15.2007 0.000119702
124 15.1989 0.000117782
125 15.1971 0.000115903
126 15.1954 0.000114065
127 15.1937 0.000112266
128 15.192 0.000110506
129 15.1904 0.000108783
130 15.1887 0.000107095
131 15.1871 0.000105443
132 15.1856 0.000103825
133 15.184 0.000102241
134 15.1825 0.000100689
135 15.181 9.9168e-05
136 15.1795 9.7678e-05
137 15.178 9.6218e-05
138 15.1766 9.4787e-05
139 15.1752 9.33845e-05
140 15.1738 9.20096e-05
141 15.1724 9.06616e-05
142 15.1711 8.93399e-05
143 15.1697 8.80437e-05
144 15.1684 8.67726e-05
145 15.1671 8.55257e-05
146 15.1658 8.43026e-05
147 15.1646 8.31027e-05
148 15.1633 8.19253e-05
149 15.1621 8.07699e-05
150 15.1609 7.96361e-05
151 15.1597 7.85232e-05
152 15.1585 7.74309e-05
153 15.1574 7.63585e-05
154 15.1562 7.53057e-05
155 15.1551 7.42719e-05
156 15.154 7.32568e-05
157 15.1529 7.22599e-05
158 15.1518 7.12807e-05
159 15.1507 7.03189e-05
160 15.1497 6.93741e-05
161 15.1487 6.84459e-05
162 15.1476 6.75339e-05
163 15.1466 6.66377e-05
164 15.1456 6.57571e-05
165 15.1447 6.48916e-05
166 15.1437 6.40409e-05
167 15.1427 6.32048e-05
168 15.1418 6.23828e-05
169 15.1408 6.15747e-05
170 15.1399 6.07801e-05
171 15.139 5.99989e-05
172 15.1381 5.92306e-05
173 15.1372 5.84751e-05
174 15.1364 5.7732e-05
175 15.1355 5.70012e-05
176 15.1346 5.62822e-05
177 15.1338 5.5575e-05
178 15.133 5.48792e-05
179 15.1322 5.41946e-05
180 15.1313 5.3521e-05
181 15.1305 5.28582e-05
182 15.1298 5.22058e-05
183 15.129 5.15639e-05
184 15.1282 5.0932e-05
185 15.1274 5.03101e-05
186 15.1267 4.96978e-05
187 15.1259 4.90951e-05
188 15.1252 4.85018e-05
189 15.1245 4.79176e-05
190 15.1238 4.73424e-05
191 15.1231 4.67759e-05
192 15.1224 4.62181e-05
193 15.1217 4.56688e-05
194 15.121 4.51278e-05
195 15.1203 4.45949e-05
196 15.1197 4.407e-05
197 15.119 4.3553e-05
198 15.1183 4.30436e-05
199 15.1177 4.25418e-05
200 15.1171 4.20474e-05
201 15.1164 4.15602e-05
202 15.1158 4.10802e-05
203 15.1152 4.06072e-05
204 15.1146 4.0141e-05
205 15.114 3.96816e-05
206 15.1134 3.92289e-05
207 15.1128 3.87826e-05
208 15.1122 3.83427e-05
209 15.1117 3.79091e-05
210 15.1111 3.74817e-05
211 15.1105 3.70603e-05
212 15.11 3.66448e-05
213 15.1094 3.62352e-05
214 15.1089 3.58313e-05
215 15.1084 3.54331e-05
216 15.1078 3.50404e-05
217 15.1073 3.46531e-05
218 15.1068 3.42712e-05
219 15.1063 3.38945e-05
220 15.1058 3.3523e-05
221 15.1053 3.31565e-05
222 15.1048 3.27951e-05
223 15.1043 3.24385e-05
224 15.1038 3.20868e-05
225 15.1033 3.17398e-05
226 15.1028 3.13975e-05
227 15.1024 3.10597e-05
228 15.1019 3.07265e-05
229 15.1015 3.03977e-05
230 15.101 3.00732e-05
231 15.1006 2.97531e-05
232 15.1001 2.94371e-05
233 15.0997 2.91253e-05
234 15.0992 2.88176e-05
235 15.0988 2.85138e-05
236 15.0984 2.82141e-05
237 15.098 2.79182e-05
238 15.0975 2.76261e-05
239 15.0971 2.73378e-05
240 15.0967 2.70532e-05
241 15.0963 2.67723e-05
242 15.0959 2.64949e-05
243 15.0955 2.6221e-05
244 15.0951 2.59506e-05
245 15.0947 2.56837e-05
246 15.0944 2.54201e-05
247 15.094 2.51598e-05
248 15.0936 2.49028e-05
249 15.0932 2.4649e-05
250 15.0929 2.43983e-05
251 15.0925 2.41508e-05
252 15.0921 2.39063e-05
253 15.0918 2.36648e-05
254 15.0914 2.34263e-05
255 15.0911 2.31908e-05
256 15.0907 2.29581e-05
257 15.0904 2.27283e-05
258 15.09 2.25012e-05
259 15.0897 2.2277e-05
260 15.0894 2.20554e-05
261 15.089 2.18365e-05
262 15.0887 2.16202e-05
263 15.0884 2.14066e-05
264 15.0881 2.11955e-05
265 15.0878 2.09869e-05
266 15.0874 2.07808e-05
267 15.0871 2.05771e-05
268 15.0868 2.03759e-05
269 15.0865 2.0177e-05
270 15.0862 1.99805e-05
271 15.0859 1.97863e-05
272 15.0856 1.95943e-05
273 15.0853 1.94046e-05
274 15.085 1.92171e-05
275 15.0848 1.90318e-05
276 15.0845 1.88487e-05
277 15.0842 1.86676e-05
278 15.0839 1.84887e-05
279 15.0836 1.83118e-05
280 15.0834 1.81369e-05
281 15.0831 1.79641e-05
282 15.0828 1.77932e-05
283 15.0826 1.76242e-05
284 15.0823 1.74572e-05
285 15.082 1.72921e-05
286 15.0818 1.71288e-05
287 15.0815 1.69674e-05
288 15.0813 1.68078e-05
289 15.081 1.665e-05
290 15.0808 1.6494e-05
291 15.0805 1.63397e-05
292 15.0803 1.61871e-05
293 15.08 1.60362e-05
294 15.0798 1.5887e-05
295 15.0796 1.57395e-05
296 15.0793 1.55936e-05
297 15.0791 1.54492e-05
298 15.0789 1.53065e-05
299 15.0786 1.51654e-05
300 15.0784 1.50257e-05
301 15.0782 1.48876e-05
302 15.078 1.47511e-05
303 15.0777 1.4616e-05
304 15.0775 1.44823e-05
305 15.0773 1.43501e-05
306 15.0771 1.42194e-05
307 15.0769 1.409e-05
308 15.0767 1.3962e-05
309 15.0765 1.38354e-05
310 15.0762 1.37102e-05
311 15.076 1.35863e-05
312 15.0758 1.34637e-05
313 15.0756 1.33424e-05
314 15.0754 1.32224e-05
315 15.0752 1.31037e-05
316 15.075 1.29863e-05
317 15.0749 1.287e-05
318 15.0747 1.2755e-05
319 15.0745 1.26412e-05
320 15.0743 1.25286e-05
321 15.0741 1.24172e-05
322 15.0739 1.23069e-05
323 15.0737 1.21978e-05
324 15.0735 1.20898e-05
325 15.0734 1.1983e-05
326 15.0732 1.18772e-05
327 15.073 1.17725e-05
328 15.0728 1.1669e-05
329 15.0727 1.15664e-05
330 15.0725 1.1465e-05
331 15.0723 1.13645e-05
332 15.0721 1.12651e-05
333 15.072 1.11668e-05
334 15.0718 1.10694e-05
335 15.0716 1.0973e-05
336 15.0715 1.08776e-05
337 15.0713 1.07831e-05
338 15.0712 1.06896e-05
339 15.071 1.05971e-05
340 15.0708 1.05054e-05
341 15.0707 1.04148e-05
342 15.0705 1.0325e-05
343 15.0704 1.02361e-05
344 15.0702 1.01481e-05
345 15.0701 1.0061e-05
346 15.0699 9.9747e-06
347 15.0698 9.8893e-06
348 15.0696 9.80476e-06
349 15.0695 9.72104e-06
350 15.0693 9.63816e-06
351 15.0692 9.55609e-06
352 15.069 9.47483e-06
353 15.0689 9.39438e-06
354 15.0688 9.31471e-06
355 15.0686 9.23582e-06
356 15.0685 9.1577e-06
357 15.0683 9.08035e-06
358 15.0682 9.00375e-06
359 15.0681 8.92789e-06
360 15.0679 8.85277e-06
361 15.0678 8.77838e-06
362 15.0677 8.70471e-06
363 15.0675 8.63176e-06
364 15.0674 8.5595e-06
365 15.0673 8.48794e-06
366 15.0672 8.41707e-06
367 15.067 8.34688e-06
368 15.0669 8.27736e-06
369 15.0668 8.20851e-06
370 15.0667 8.14032e-06
371 15.0665 8.07277e-06
372 15.0664 8.00587e-06
373 15.0663 7.9396e-06
374 15.0662 7.87396e-06
375 15.0661 7.80895e-06
376 15.0659 7.74454e-06
377 15.0658 7.68075e-06
378 15.0657 7.61756e-06
379 15.0656 7.55496e-06
380 15.0655 7.49295e-06
381 15.0654 7.43152e-06
382 15.0653 7.37067e-06
383 15.0652 7.31038e-06
384 15.065 7.25066e-06
385 15.0649 7.1915e-06
386 15.0648 7.13289e-06
387 15.0647 7.07482e-06
388 15.0646 7.01729e-06
389 15.0645 6.96029e-06
390 15.0644 6.90382e-06
391 15.0643 6.84787e-06
392 15.0642 6.79244e-06
393 15.0641 6.73751e-06
394 15.064 6.6831e-06
395 15.0639 6.62918e-06
396 15.0638 6.57575e-06
397 15.0637 6.52282e-06
398 15.0636 6.47037e-06
399 15.0635 6.41839e-06
400 15.0634 6.3669e-06
401 15.0633 6.31586e-06
402 15.0632 6.2653e-06
403 15.0631 6.21519e-06
404 15.063 6.16553e-06
405 15.0629 6.11633e-06
406 15.0629 6.06757e-06
407 15.0628 6.01925e-06
408 15.0627 5.97136e-06
409 15.0626 5.92391e-06
410 15.0625 5.87688e-06
411 15.0624 5.83027e-06
412 15.0623 5.78408e-06
413 15.0622 5.7383e-06
414 15.0622 5.69294e-06
415 15.0621 5.64797e-06
416 15.062 5.60341e-06
417 15.0619 5.55924e-06
418 15.0618 5.51547e-06
419 15.0617 5.47208e-06
420 15.0617 5.42908e-06
421 15.0616 5.38646e-06
422 15.0615 5.34421e-06
423 15.0614 5.30234e-06
424 15.0613 5.26084e-06
425 15.0613 5.2197e-06
426 15.0612 5.17892e-06
427 15.0611 5.1385e-06
428 15.061 5.09844e-06
429 15.0609 5.05873e-06
430 15.0609 5.01936e-06
431 15.0608 4.98033e-06
432 15.0607 4.94165e-06
433 15.0606 4.9033e-06
434 15.0606 4.86529e-06
435 15.0605 4.82761e-06
436 15.0604 4.79025e-06
437 15.0604 4.75322e-06
438 15.0603 4.71651e-06
439 15.0602 4.68011e-06
440 15.0601 4.64403e-06
441 15.0601 4.60826e-06
442 15.06 4.5728e-06
443 15.0599 4.53764e-06
444 15.0599 4.50278e-06
445 15.0598 4.46823e-06
446 15.0597 4.43397e-06
447 15.0597 4.4e-06
448 15.0596 4.36632e-06
449 15.0595 4.33293e-06
450 15.0595 4.29982e-06
451 15.0594 4.267e-06
452 15.0593 4.23445e-06
453 15.0593 4.20219e-06
454 15.0592 4.17019e-06
455 15.0592 4.13847e-06
456 15.0591 4.10701e-06
457 15.059 4.07582e-06
458 15.059 4.0449e-06
459 15.0589 4.01423e-06
460 15.0589 3.98382e-06
461 15.0588 3.95367e-06
462 15.0587 3.92377e-06
463 15.0587 3.89412e-06
464 15.0586 3.86473e-06
465 15.0586 3.83557e-06
466 15.0585 3.80666e-06
467 15.0584 3.778e-06
468 15.0584 3.74957e-06
469 15.0583 3.72138e-06
470 15.0583 3.69342e-06
471 15.0582 3.6657e-06
472 15.0582 3.6382e-06
473 15.0581 3.61094e-06
474 15.0581 3.5839e-06
475 15.058 3.55708e-06
476 15.058 3.53049e-06
477 15.0579 3.50411e-06
478 15.0578 3.47795e-06
479 15.0578 3.45201e-06
480 15.0577 3.42628e-06
481 15.0577 3.40077e-06
482 15.0576 3.37546e-06
483 15.0576 3.35036e-06
484 15.0575 3.32547e-06
485 15.0575 3.30078e-06
486 15.0574 3.27629e-06
487 15.0574 3.25201e-06
488 15.0573 3.22792e-06
489 15.0573 3.20402e-06
490 15.0572 3.18033e-06
491 15.0572 3.15682e-06
492 15.0572 3.13351e-06
493 15.0571 3.11038e-06
494 15.0571 3.08744e-06
495 15.057 3.06469e-06
496 15.057 3.04213e-06
497 15.0569 3.01974e-06
498 15.0569 2.99754e-06
499 15.0568 2.97551e-06
500 15.0568 2.95366e-06
501 15.0567 2.93199e-06
502 15.0567 2.9105e-06
503 15.0567 2.88917e-06
504 15.0566 2.86802e-06
505 15.0566 2.84704e-06
506 15.0565 2.82622e-06
507 15.0565 2.80557e-06
508 15.0564 2.78509e-06
509 15.0564 2.76477e-06
510 15.0564 2.74461e-06
511 15.0563 2.72462e-06
512 15.0563 2.70478e-06
513 15.0562 2.6851e-06
514 15.0562 2.66558e-06
515 15.0562 2.64621e-06
516 15.0561 2.62699e-06
517 15.0561 2.60793e-06
518 15.056 2.58902e-06
519 15.056 2.57026e-06
520 15.056 2.55165e-06
521 15.0559 2.53318e-06
522 15.0559 2.51486e-06
523 15.0559 2.49668e-06
524 15.0558 2.47865e-06
525 15.0558 2.46076e-06
526 15.0557 2.44301e-06
527 15.0557 2.4254e-06
528 15.0557 2.40793e-06
529 15.0556 2.39059e-06
530 15.0556 2.37339e-06
531 15.0556 2.35632e-06
532 15.0555 2.33939e-06
533 15.0555 2.32259e-06
534 15.0555 2.30592e-06
535 15.0554 2.28938e-06
536 15.0554 2.27297e-06
537 15.0554 2.25669e-06
538 15.0553 2.24054e-06
539 15.0553 2.22451e-06
540 15.0553 2.2086e-06
541 15.0552 2.19282e-06
542 15.0552 2.17716e-06
543 15.0552 2.16162e-06
544 15.0551 2.1462e-06
545 15.0551 2.1309e-06
546 15.0551 2.11572e-06
547 15.055 2.10066e-06
548 15.055 2.08571e-06
549 15.055 2.07088e-06
550 15.0549 2.05616e-06
551 15.0549 2.04155e-06
552 15.0549 2.02706e-06
553 15.0548 2.01268e-06
554 15.0548 1.9984e-06
555 15.0548 1.98424e-06
556 15.0548 1.97019e-06
557 15.0547 1.95624e-06
558 15.0547 1.9424e-06
559 15.0547 1.92867e-06
560 15.0546 1.91504e-06
561 15.0546 1.90151e-06
562 15.0546 1.88809e-06
563 15.0545 1.87477e-06
564 15.0545 1.86155e-06
565 15.0545 1.84843e-06
566 15.0545 1.83541e-06
567 15.0544 1.82249e-06
568 15.0544 1.80967e-06
569 15.0544 1.79694e-06
570 15.0544 1.78431e-06
571 15.0543 1.77178e-06
572 15.0543 1.75934e-06
573 15.0543 1.74699e-06
574 15.0543 1.73474e-06
575 15.0542 1.72258e-06
576 15.0542 1.71052e-06
577 15.0542 1.69854e-06
578 15.0541 1.68665e-06
579 15.0541 1.67485e-06
580 15.0541 1.66314e-06
581 15.0541 1.65152e-06
582 15.054 1.63999e-06
583 15.054 1.62854e-06
584 15.054 1.61718e-06
585 15.054 1.6059e-06
586 15.054 1.59471e-06
587 15.0539 1.5836e-06
588 15.0539 1.57257e-06
589 15.0539 1.56163e-06
590 15.0539 1.55077e-06
591 15.0538 1.53999e-06
592 15.0538 1.52928e-06
593 15.0538 1.51866e-06
594 15.0538 1.50812e-06
595 15.0537 1.49766e-06
596 15.0537 1.48727e-06
597 15.0537 1.47696e-06
598 15.0537 1.46673e-06
599 15.0537 1.45657e-06
600 15.0536 1.44648e-06
601 15.0536 1.43648e-06
602 15.0536 1.42654e-06
603 15.0536 1.41668e-06
604 15.0535 1.40689e-06
605 15.0535 1.39718e-06
606 15.0535 1.38753e-06
607 15.0535 1.37796e-06
608 15.0535 1.36846e-06
609 15.0534 1.35902e-06
610 15.0534 1.34966e-06
611 15.0534 1.34036e-06
612 15.0534 1.33114e-06
613 15.0534 1.32198e-06
614 15.0533 1.31288e-06
615 15.0533 1.30386e-06
616 15.0533 1.2949e-06
617 15.0533 1.286e-06
618 15.0533 1.27718e-06
619 15.0532 1.26841e-06
620 15.0532 1.25971e-06
621 15.0532 1.25107e-06
622 15.0532 1.2425e-06
623 15.0532 1.23399e-06
624 15.0532 1.22553e-06
625 15.0531 1.21715e-06
626 15.0531 1.20882e-06
627 15.0531 1.20055e-06
628 15.0531 1.19234e-06
629 15.0531 1.18419e-06
630 15.053 1.17611e-06
631 15.053 1.16808e-06
632 15.053 1.1601e-06
633 15.053 1.15219e-06
634 15.053 1.14433e-06
635 15.053 1.13653e-06
636 15.0529 1.12879e-06
637 15.0529 1.1211e-06
638 15.0529 1.11346e-06
639 15.0529 1.10589e-06
640 15.0529 1.09836e-06
641 15.0529 1.09089e-06
642 15.0528 1.08348e-06
643 15.0528 1.07611e-06
644 15.0528 1.0688e-06
645 15.0528 1.06155e-06
646 15.0528 1.05434e-06
647 15.0528 1.04719e-06
648 15.0527 1.04009e-06
649 15.0527 1.03304e-06
650 15.0527 1.02603e-06
651 15.0527 1.01908e-06
652 15.0527 1.01218e-06
653 15.0527 1.00533e-06
654 15.0527 9.98527e-07
655 15.0526 9.91772e-07
656 15.0526 9.85066e-07
657 15.0526 9.78407e-07
658 15.0526 9.71796e-07
659 15.0526 9.65232e-07
660 15.0526 9.58714e-07
661 15.0526 9.52243e-07
662 15.0525 9.45818e-07
663 15.0525 9.39438e-07
664 15.0525 9.33103e-07
665 15.0525 9.26814e-07
666 15.0525 9.20569e-07
667 15.0525 9.14368e-07
668 15.0525 9.08211e-07
669 15.0524 9.02098e-07
670 15.0524 8.96028e-07
671 15.0524 8.90001e-07
672 15.0524 8.84016e-07
673 15.0524 8.78073e-07
674 15.0524 8.72173e-07
675 15.0524 8.66314e-07
676 15.0523 8.60496e-07
677 15.0523 8.5472e-07
678 15.0523 8.48984e-07
679 15.0523 8.43288e-07
680 15.0523 8.37632e-07
681 15.0523 8.32016e-07
682 15.0523 8.2644e-07
683 15.0523 8.20902e-07
684 15.0522 8.15404e-07
685 15.0522 8.09944e-07
686 15.0522 8.04522e-07
687 15.0522 7.99138e-07
688 15.0522 7.93792e-07
689 15.0522 7.88483e-07
690 15.0522 7.83211e-07
691 15.0522 7.77977e-07
692 15.0522 7.72778e-07
693 15.0521 7.67616e-07
694 15.0521 7.6249e-07
695 15.0521 7.574e-07
696 15.0521 7.52345e-07
697 15.0521 7.47326e-07
698 15.0521 7.42341e-07
699 15.0521 7.37391e-07
700 15.0521 7.32476e-07
701 15.0521 7.27594e-07
702 15.052 7.22747e-07
703 15.052 7.17933e-07
704 15.052 7.13152e-07
705 15.052 7.08405e-07
706 15.052 7.03691e-07
707 15.052 6.99009e-07
708 15.052 6.9436e-07
709 15.052 6.89743e-07
710 15.052 6.85157e-07
711 15.0519 6.80604e-07
712 15.0519 6.76082e-07
713 15.0519 6.71591e-07
714 15.0519 6.67131e-07
715 15.0519 6.62702e-07
716 15.0519 6.58304e-07
717 15.0519 6.53936e-07
718 15.0519 6.49598e-07
719 15.0519 6.4529e-07
720 15.0519 6.41011e-07
721 15.0518 6.36762e-07
722 15.0518 6.32542e-07
723 15.0518 6.28351e-07
724 15.0518 6.24189e-07
725 15.0518 6.20056e-07
726 15.0518 6.15951e-07
727 15.0518 6.11874e-07
728 15.0518 6.07825e-07
729 15.0518 6.03803e-07
730 15.0518 5.9981e-07
731 15.0518 5.95843e-07
732 15.0517 5.91904e-07
733 15.0517 5.87992e-07
734 15.0517 5.84106e-07
735 15.0517 5.80247e-07
736 15.0517 5.76415e-07
737 15.0517 5.72608e-07
738 15.0517 5.68828e-07
739 15.0517 5.65073e-07
740 15.0517 5.61344e-07
741 15.0517 5.5764e-07
742 15.0517 5.53962e-07
743 15.0517 5.50309e-07
744 15.0516 5.4668e-07
745 15.0516 5.43076e-07
746 15.0516 5.39497e-07
747 15.0516 5.35942e-07
748 15.0516 5.32411e-07
749 15.0516 5.28904e-07
750 15.0516 5.25421e-07
751 15.0516 5.21962e-07
752 15.0516 5.18526e-07
753 15.0516 5.15113e-07
754 15.0516 5.11723e-07
755 15.0516 5.08357e-07
756 15.0515 5.05013e-07
757 15.0515 5.01692e-07
758 15.0515 4.98393e-07
759 15.0515 4.95117e-07
760 15.0515 4.91862e-07
761 15.0515 4.8863e-07
762 15.0515 4.8542e-07
763 15.0515 4.82231e-07
764 15.0515 4.79064e-07
765 15.0515 4.75918e-07
766 15.0515 4.72793e-07
767 15.0515 4.69689e-07
768 15.0515 4.66607e-07
769 15.0515 4.63545e-07
770 15.0514 4.60503e-07
771 15.0514 4.57482e-07
772 15.0514 4.54482e-07
773 15.0514 4.51501e-07
774 15.0514 4.48541e-07
775 15.0514 4.456e-07
776 15.0514 4.42679e-07
777 15.0514 4.39778e-07
778 15.0514 4.36897e-07
779 15.0514 4.34034e-07
780 15.0514 4.31191e-07
781 15.0514 4.28367e-07
782 15.0514 4.25562e-07
783 15.0514 4.22775e-07
784 15.0514 4.20007e-07
785 15.0513 4.17258e-07
786 15.0513 4.14527e-07
787 15.0513 4.11815e-07
788 15.0513 4.0912e-07
789 15.0513 4.06443e-07
790 15.0513 4.03785e-07
791 15.0513 4.01144e-07
792 15.0513 3.98521e-07
793 15.0513 3.95915e-07
794 15.0513 3.93326e-07
795 15.0513 3.90755e-07
796 15.0513 3.88201e-07
797 15.0513 3.85664e-07
798 15.0513 3.83144e-07
799 15.0513 3.80641e-07
800 15.0513 3.78154e-07
801 15.0513 3.75684e-07
802 15.0512 3.7323e-07
803 15.0512 3.70793e-07
804 15.0512 3.68371e-07
805 15.0512 3.65966e-07
806 15.0512 3.63577e-07
807 15.0512 3.61204e-07
808 15.0512 3.58846e-07
809 15.0512 3.56504e-07
810 15.0512 3.54178e-07
811 15.0512 3.51867e-07
812 15.0512 3.49571e-07
813 15.0512 3.4729e-07
814 15.0512 3.45025e-07
815 15.0512 3.42774e-07
816 15.0512 3.40539e-07
817 15.0512 3.38318e-07
818 15.0512 3.36112e-07
819 15.0512 3.33921e-07
820 15.0512 3.31743e-07
821 15.0511 3.29581e-07
822 15.0511 3.27432e-07
823 15.0511 3.25298e-07
824 15.0511 3.23178e-07
825 15.0511 3.21072e-07
826 15.0511 3.1898e-07
827 15.0511 3.16901e-07
828 15.0511 3.14836e-07
829 15.0511 3.12785e-07
830 15.0511 3.10747e-07
831 15.0511 3.08723e-07
832 15.0511 3.06712e-07
833 15.0511 3.04715e-07
834 15.0511 3.0273e-07
835 15.0511 3.00758e-07
836 15.0511 2.988e-07
837 15.0511 2.96854e-07
838 15.0511 2.94921e-07
839 15.0511 2.93001e-07
840 15.0511 2.91093e-07
841 15.0511 2.89198e-07
842 15.0511 2.87315e-07
843 15.051 2.85445e-07
844 15.051 2.83587e-07
845 15.051 2.81741e-07
846 15.051 2.79907e-07
847 15.051 2.78085e-07
848 15.051 2.76275e-07
849 15.051 2.74477e-07
850 15.051 2.72691e-07
851 15.051 2.70916e-07
852 15.051 2.69153e-07
853 15.051 2.67402e-07
854 15.051 2.65662e-07
855 15.051 2.63933e-07
856 15.051 2.62216e-07
857 15.051 2.6051e-07
858 15.051 2.58815e-07
859 15.051 2.57131e-07
860 15.051 2.55458e-07
861 15.051 2.53796e-07
862 15.051 2.52144e-07
863 15.051 2.50504e-07
864 15.051 2.48874e-07
865 15.051 2.47255e-07
866 15.051 2.45646e-07
867 15.051 2.44048e-07
868 15.0509 2.42461e-07
869 15.0509 2.40883e-07
870 15.0509 2.39316e-07
871 15.0509 2.37759e-07
872 15.0509 2.36212e-07
873 15.0509 2.34675e-07
874 15.0509 2.33149e-07
875 15.0509 2.31632e-07
876 15.0509 2.30125e-07
877 15.0509 2.28628e-07
878 15.0509 2.2714e-07
879 15.0509 2.25662e-07
880 15.0509 2.24194e-07
881 15.0509 2.22735e-07
882 15.0509 2.21286e-07
883 15.0509 2.19846e-07
884 15.0509 2.18416e-07
885 15.0509 2.16994e-07
886 15.0509 2.15582e-07
887 15.0509 2.14179e-07
888 15.0509 2.12785e-07
889 15.0509 2.11401e-07
890 15.0509 2.10025e-07
891 15.0509 2.08658e-07
892 15.0509 2.073e-07
893 15.0509 2.0595e-07
894 15.0509 2.0461e-07
895 15.0509 2.03278e-07
896 15.0509 2.01954e-07
897 15.0509 2.0064e-07
898 15.0508 1.99333e-07
899 15.0508 1.98036e-07
900 15.0508 1.96746e-07
901 15.0508 1.95465e-07
902 15.0508 1.94192e-07
903 15.0508 1.92927e-07
904 15.0508 1.91671e-07
905 15.0508 1.90423e-07
906 15.0508 1.89182e-07
907 15.0508 1.8795e-07
908 15.0508 1.86725e-07
909 15.0508 1.85509e-07
910 15.0508 1.843e-07
911 15.0508 1.83099e-07
912 15.0508 1.81906e-07
913 15.0508 1.80721e-07
914 15.0508 1.79543e-07
915 15.0508 1.78373e-07
916 15.0508 1.7721e-07
917 15.0508 1.76055e-07
918 15.0508 1.74907e-07
919 15.0508 1.73766e-07
920 15.0508 1.72633e-07
921 15.0508 1.71507e-07
922 15.0508 1.70389e-07
923 15.0508 1.69277e-07
924 15.0508 1.68173e-07
925 15.0508 1.67076e-07
926 15.0508 1.65986e-07
927 15.0508 1.64903e-07
928 15.0508 1.63826e-07
929 15.0508 1.62757e-07
930 15.0508 1.61695e-07
931 15.0508 1.60639e-07
932 15.0508 1.5959e-07
933 15.0508 1.58548e-07
934 15.0508 1.57513e-07
935 15.0507 1.56484e-07
936 15.0507 1.55462e-07
937 15.0507 1.54446e-07
938 15.0507 1.53437e-07
939 15.0507 1.52434e-07
940 15.0507 1.51438e-07
941 15.0507 1.50448e-07
942 15.0507 1.49464e-07
943 15.0507 1.48487e-07
944 15.0507 1.47516e-07
945 15.0507 1.46551e-07
946 15.0507 1.45593e-07
947 15.0507 1.4464e-07
948 15.0507 1.43694e-07
949 15.0507 1.42753e-07
950 15.0507 1.41819e-07
951 15.0507 1.40891e-07
952 15.0507 1.39968e-07
953 15.0507 1.39052e-07
954 15.0507 1.38141e-07
955 15.0507 1.37236e-07
956 15.0507 1.36337e-07
957 15.0507 1.35444e-07
958 15.0507 1.34556e-07
959 15.0507 1.33674e-07
960 15.0507 1.32798e-07
961 15.0507 1.31927e-07
962 15.0507 1.31062e-07
963 15.0507 1.30202e-07
964 15.0507 1.29348e-07
965 15.0507 1.28499e-07
966 15.0507 1.27656e-07
967 15.0507 1.26818e-07
968 15.0507 1.25985e-07
969 15.0507 1.25158e-07
970 15.0507 1.24336e-07
971 15.0507 1.23519e-07
972 15.0507 1.22708e-07
973 15.0507 1.21901e-07
974 15.0507 1.211e-07
975 15.0507 1.20304e-07
976 15.0507 1.19513e-07
977 15.0507 1.18726e-07
978 15.0507 1.17945e-07
979 15.0507 1.17169e-07
980 15.0507 1.16398e-07
981 15.0507 1.15632e-07
982 15.0507 1.1487e-07
983 15.0507 1.14114e-07
984 15.0507 1.13362e-07
985 15.0506 1.12615e-07
986 15.0506 1.11873e-07
987 15.0506 1.11136e-07
988 15.0506 1.10403e-07
989 15.0506 1.09675e-07
990 15.0506 1.08951e-07
991 15.0506 1.08232e-07
992 15.0506 1.07518e-07
993 15.0506 1.06808e-07
994 15.0506 1.06103e-07
995 15.0506 1.05402e-07
996 15.0506 1.04706e-07
997 15.0506 1.04014e-07
998 15.0506 1.03326e-07
999 15.0506 1.02643e-07
1000 15.0506 1.01964e-07
1001 15.0506 1.0129e-07
1002 15.0506 1.00619e-07
1003 15.0506 9.99534e-08
1004 15.0506 9.92916e-08
1005 15.0506 9.8634e-08
1006 15.0506 9.79806e-08
1007 15.0506 9.73314e-08
1008 15.0506 9.66863e-08
1009 15.0506 9.60452e-08
1010 15.0506 9.54083e-08
1011 15.0506 9.47753e-08
1012 15.0506 9.41464e-08
1013 15.0506 9.35215e-08
1014 15.0506 9.29005e-08
1015 15.0506 9.22835e-08
1016 15.0506 9.16704e-08
1017 15.0506 9.10612e-08
1018 15.0506 9.04558e-08
1019 15.0506 8.98543e-08
1020 15.0506 8.92566e-08
1021 15.0506 8.86626e-08
1022 15.0506 8.80725e-08
1023 15.0506 8.7486e-08
1024 15.0506 8.69033e-08
1025 15.0506 8.63243e-08
1026 15.0506 8.5749e-08
1027 15.0506 8.51773e-08
1028 15.0506 8.46092e-08
1029 15.0506 8.40447e-08
1030 15.0506 8.34838e-08
1031 15.0506 8.29264e-08
1032 15.0506 8.23726e-08
1033 15.0506 8.18223e-08
1034 15.0506 8.12755e-08
1035 15.0506 8.07321e-08
1036 15.0506 8.01922e-08
1037 15.0506 7.96557e-08
1038 15.0506 7.91225e-08
1039 15.0506 7.85928e-08
1040 15.0506 7.80664e-08
1041 15.0506 7.75433e-08
1042 15.0506 7.70236e-08
1043 15.0506 7.65071e-08
1044 15.0506 7.5994e-08
1045 15.0506 7.5484e-08
1046 15.0506 7.49773e-08
1047 15.0506 7.44738e-08
1048 15.0506 7.39735e-08
1049 15.0506 7.34763e-08
1050 15.0506 7.29823e-08
1051 15.0506 7.24914e-08
1052 15.0506 7.20036e-08
1053 15.0506 7.1519e-08
1054 15.0506 7.10373e-08
1055 15.0506 7.05588e-08
1056 15.0506 7.00832e-08
1057 15.0506 6.96107e-08
1058 15.0506 6.91411e-08
1059 15.0506 6.86745e-08
1060 15.0506 6.82109e-08
1061 15.0505 6.77502e-08
1062 15.0505 6.72924e-08
1063 15.0505 6.68375e-08
1064 15.0505 6.63855e-08
1065 15.0505 6.59364e-08
1066 15.0505 6.549e-08
1067 15.0505 6.50466e-08
1068 15.0505 6.46059e-08
1069 15.0505 6.4168e-08
1070 15.0505 6.37328e-08
1071 15.0505 6.33005e-08
1072 15.0505 6.28708e-08
1073 15.0505 6.24439e-08
1074 15.0505 6.20197e-08
1075 15.0505 6.15981e-08
1076 15.0505 6.11793e-08
1077 15.0505 6.0763e-08
1078 15.0505 6.03495e-08
1079 15.0505 5.99385e-08
1080 15.0505 5.95301e-08
1081 15.0505 5.91243e-08
1082 15.0505 5.87211e-08
1083 15.0505 5.83204e-08
1084 15.0505 5.79223e-08
1085 15.0505 5.75266e-08
1086 15.0505 5.71335e-08
1087 15.0505 5.67429e-08
1088 15.0505 5.63547e-08
1089 15.0505 5.5969e-08
1090 15.0505 5.55857e-08
1091 15.0505 5.52049e-08
1092 15.0505 5.48265e-08
1093 15.0505 5.44504e-08
1094 15.0505 5.40767e-08
1095 15.0505 5.37054e-08
1096 15.0505 5.33365e-08
1097 15.0505 5.29699e-08
1098 15.0505 5.26056e-08
1099 15.0505 5.22436e-08
1100 15.0505 5.18839e-08
1101 15.0505 5.15265e-08
1102 15.0505 5.11713e-08
1103 15.0505 5.08184e-08
1104 15.0505 5.04677e-08
1105 15.0505 5.01192e-08
1106 15.0505 4.9773e-08
1107 15.0505 4.94289e-08
1108 15.0505 4.9087e-08
1109 15.0505 4.87473e-08
1110 15.0505 4.84097e-08
1111 15.0505 4.80743e-08
1112 15.0505 4.7741e-08
1113 15.0505 4.74098e-08
1114 15.0505 4.70807e-08
1115 15.0505 4.67537e-08
1116 15.0505 4.64287e-08
1117 15.0505 4.61058e-08
1118 15.0505 4.5785e-08
1119 15.0505 4.54662e-08
1120 15.0505 4.51494e-08
1121 15.0505 4.48346e-08
1122 15.0505 4.45218e-08
1123 15.0505 4.4211e-08
1124 15.0505 4.39021e-08
1125 15.0505 4.35952e-08
1126 15.0505 4.32903e-08
1127 15.0505 4.29873e-08
1128 15.0505 4.26862e-08
1129 15.0505 4.2387e-08
1130 15.0505 4.20897e-08
1131 15.0505 4.17943e-08
1132 15.0505 4.15008e-08
1133 15.0505 4.12092e-08
1134 15.0505 4.09193e-08
1135 15.0505 4.06314e-08
1136 15.0505 4.03452e-08
1137 15.0505 4.00609e-08
1138 15.0505 3.97783e-08
1139 15.0505 3.94976e-08
1140 15.0505 3.92186e-08
1141 15.0505 3.89415e-08
1142 15.0505 3.8666e-08
1143 15.0505 3.83923e-08
1144 15.0505 3.81204e-08
1145 15.0505 3.78502e-08
1146 15.0505 3.75817e-08
1147 15.0505 3.73149e-08
1148 15.0505 3.70498e-08
1149 15.0505 3.67863e-08
1150 15.0505 3.65246e-08
1151 15.0505 3.62645e-08
1152 15.0505 3.60061e-08
1153 15.0505 3.57493e-08
1154 15.0505 3.54941e-08
1155 15.0505 3.52406e-08
1156 15.0505 3.49887e-08
1157 15.0505 3.47384e-08
1158 15.0505 3.44896e-08
1159 15.0505 3.42425e-08
1160 15.0505 3.39969e-08
1161 15.0505 3.37529e-08
1162 15.0505 3.35104e-08
1163 15.0505 3.32695e-08
1164 15.0505 3.30301e-08
1165 15.0505 3.27922e-08
1166 15.0505 3.25559e-08
1167 15.0505 3.2321e-08
1168 15.0505 3.20877e-08
1169 15.0505 3.18558e-08
1170 15.0505 3.16254e-08
1171 15.0505 3.13965e-08
1172 15.0505 3.1169e-08
1173 15.0505 3.0943e-08
1174 15.0505 3.07184e-08
1175 15.0505 3.04953e-08
1176 15.0505 3.02736e-08
1177 15.0505 3.00533e-08
1178 15.0505 2.98344e-08
1179 15.0505 2.96169e-08
1180 15.0505 2.94007e-08
1181 15.0505 2.9186e-08
1182 15.0505 2.89726e-08
1183 15.0505 2.87606e-08
1184 15.0505 2.855e-08
1185 15.0505 2.83407e-08
1186 15.0505 2.81327e-08
1187 15.0505 2.7926e-08
1188 15.0505 2.77207e-08
1189 15.0505 2.75167e-08
1190 15.0505 2.7314e-08
1191 15.0505 2.71126e-08
1192 15.0505 2.69124e-08
1193 15.0505 2.67136e-08
1194 15.0505 2.6516e-08
1195 15.0505 2.63197e-08
1196 15.0505 2.61246e-08
1197 15.0505 2.59308e-08
1198 15.0505 2.57383e-08
1199 15.0505 2.55469e-08
1200 15.0505 2.53568e-08
1201 15.0505 2.51679e-08
1202 15.0505 2.49802e-08
1203 15.0505 2.47938e-08
1204 15.0505 2.46085e-08
1205 15.0505 2.44244e-08
1206 15.0505 2.42414e-08
1207 15.0505 2.40597e-08
1208 15.0505 2.38791e-08
1209 15.0505 2.36997e-08
1210 15.0505 2.35214e-08
1211 15.0505 2.33443e-08
1212 15.0505 2.31683e-08
1213 15.0505 2.29935e-08
1214 15.0505 2.28197e-08
1215 15.0505 2.26471e-08
1216 15.0505 2.24756e-08
1217 15.0505 2.23052e-08
1218 15.0505 2.21359e-08
1219 15.0505 2.19676e-08
1220 15.0505 2.18005e-08
1221 15.0505 2.16344e-08
1222 15.0505 2.14694e-08
1223 15.0505 2.13055e-08
1224 15.0505 2.11426e-08
1225 15.0504 2.09808e-08
1226 15.0504 2.082e-08
1227 15.0504 2.06602e-08
1228 15.0504 2.05015e-08
1229 15.0504 2.03438e-08
1230 15.0504 2.01871e-08
1231 15.0504 2.00314e-08
1232 15.0504 1.98767e-08
1233 15.0504 1.97231e-08
1234 15.0504 1.95704e-08
1235 15.0504 1.94187e-08
1236 15.0504 1.9268e-08
1237 15.0504 1.91182e-08
1238 15.0504 1.89694e-08
1239 15.0504 1.88216e-08
1240 15.0504 1.86748e-08
1241 15.0504 1.85289e-08
1242 15.0504 1.83839e-08
1243 15.0504 1.82399e-08
1244 15.0504 1.80968e-08
1245 15.0504 1.79546e-08
1246 15.0504 1.78134e-08
1247 15.0504 1.7673e-08
1248 15.0504 1.75336e-08
1249 15.0504 1.73951e-08
1250 15.0504 1.72575e-08
1251 15.0504 1.71207e-08
1252 15.0504 1.69849e-08
1253 15.0504 1.68499e-08
1254 15.0504 1.67159e-08
1255 15.0504 1.65826e-08
1256 15.0504 1.64503e-08
1257 15.0504 1.63188e-08
1258 15.0504 1.61882e-08
1259 15.0504 1.60584e-08
1260 15.0504 1.59295e-08
1261 15.0504 1.58014e-08
1262 15.0504 1.56741e-08
1263 15.0504 1.55477e-08
1264 15.0504 1.5422e-08
1265 15.0504 1.52973e-08
1266 15.0504 1.51733e-08
1267 15.0504 1.50501e-08
1268 15.0504 1.49277e-08
1269 15.0504 1.48062e-08
1270 15.0504 1.46854e-08
1271 15.0504 1.45654e-08
1272 15.0504 1.44462e-08
1273 15.0504 1.43278e-08
1274 15.0504 1.42101e-08
1275 15.0504 1.40932e-08
1276 15.0504 1.39771e-08
1277 15.0504 1.38617e-08
1278 15.0504 1.37471e-08
1279 15.0504 1.36333e-08
1280 15.0504 1.35202e-08
1281 15.0504 1.34078e-08
1282 15.0504 1.32962e-08
1283 15.0504 1.31853e-08
1284 15.0504 1.30751e-08
1285 15.0504 1.29657e-08
1286 15.0504 1.2857e-08
1287 15.0504 1.27489e-08
1288 15.0504 1.26416e-08
1289 15.0504 1.25351e-08
1290 15.0504 1.24291e-08
1291 15.0504 1.23239e-08
1292 15.0504 1.22194e-08
1293 15.0504 1.21156e-08
1294 15.0504 1.20125e-08
1295 15.0504 1.191e-08
1296 15.0504 1.18083e-08
1297 15.0504 1.17071e-08
1298 15.0504 1.16067e-08
1299 15.0504 1.15069e-08
1300 15.0504 1.14078e-08
1301 15.0504 1.13093e-08
1302 15.0504 1.12115e-08
1303 15.0504 1.11144e-08
1304 15.0504 1.10178e-08
1305 15.0504 1.0922e-08
1306 15.0504 1.08267e-08
1307 15.0504 1.07321e-08
1308 15.0504 1.06381e-08
1309 15.0504 1.05447e-08
1310 15.0504 1.0452e-08
1311 15.0504 1.03598e-08
1312 15.0504 1.02683e-08
1313 15.0504 1.01774e-08
1314 15.0504 1.00871e-08
1315 15.0504 9.9974e-09
1 17.214 16.214
2 16.5791 0.0368811
3 16.0317 0.0330207
4 15.576 0.0284266
5 15.1991 0.0241924
6 14.8847 0.02069
7 14.6187 0.0178662
8 14.3909 0.0155866
9 14.1933 0.0137288
10 14.0202 0.0121969
11 13.8671 0.0109187
12 13.7307 0.00984034
13 13.6082 0.00892146
14 13.4975 0.00813129
15 13.397 0.00744621
16 13.3053 0.00684782
17 13.2212 0.00632166
18 13.1437 0.00585619
19 13.0722 0.00544213
20 13.0059 0.00507194
21 12.9443 0.00473946
22 12.8868 0.00443956
23 12.8331 0.00416799
24 12.7828 0.0039212
25 12.7355 0.00369617
26 12.6911 0.00349034
27 12.6492 0.00330153
28 12.6096 0.00312786
29 12.5722 0.00296772
30 12.5367 0.00281969
31 12.5031 0.00268256
32 12.4711 0.00255525
33 12.4408 0.00243683
34 12.4118 0.00232648
35 12.3842 0.00222345
36 12.3579 0.00212711
37 12.3327 0.00203687
38 12.3086 0.00195222
39 12.2856 0.0018727
40 12.2635 0.00179789
41 12.2423 0.00172743
42 12.222 0.00166098
43 12.2024 0.00159823
44 12.1837 0.00153892
45 12.1656 0.00148279
46 12.1482 0.00142961
47 12.1314 0.00137918
48 12.1153 0.00133131
49 12.0997 0.00128584
50 12.0847 0.00124259
51 12.0702 0.00120143
52 12.0561 0.00116222
53 12.0426 0.00112484
54 12.0295 0.00108918
55 12.0168 0.00105513
56 12.0045 0.0010226
57 11.9926 0.000991499
58 11.981 0.000961741
59 11.9699 0.000933252
60 11.959 0.00090596
61 11.9485 0.000879799
62 11.9383 0.000854707
63 11.9284 0.000830627
64 11.9187 0.000807505
65 11.9094 0.000785292
66 11.9003 0.000763939
67 11.8914 0.000743404
68 11.8828 0.000723645
69 11.8744 0.000704624
70 11.8663 0.000686305
71 11.8584 0.000668654
72 11.8506 0.000651639
73 11.8431 0.000635229
74 11.8358 0.000619398
75 11.8286 0.000604118
76 11.8216 0.000589363
77 11.8148 0.000575112
78 11.8082 0.00056134
79 11.8017 0.000548028
80 11.7954 0.000535154
81 11.7893 0.000522701
82 11.7832 0.00051065
83 11.7774 0.000498985
84 11.7716 0.000487689
85 11.766 0.000476748
86 11.7605 0.000466146
87 11.7552 0.00045587
88 11.7499 0.000445907
89 11.7448 0.000436245
90 11.7398 0.000426872
91 11.7349 0.000417776
92 11.7301 0.000408948
93 11.7254 0.000400376
94 11.7208 0.000392052
95 11.7163 0.000383966
96 11.7119 0.000376109
97 11.7076 0.000368472
98 11.7033 0.000361049
99 11.6992 0.00035383
100 11.6951 0.00034681
101 11.6912 0.00033998
102 11.6873 0.000333335
103 11.6834 0.000326867
104 11.6797 0.000320571
105 11.676 0.00031444
106 11.6724 0.00030847
107 11.6689 0.000302655
108 11.6654 0.000296989
109 11.662 0.000291468
110 11.6587 0.000286086
111 11.6554 0.000280841
112 11.6522 0.000275726
113 11.649 0.000270738
114 11.6459 0.000265872
115 11.6429 0.000261126
116 11.6399 0.000256495
117 11.637 0.000251975
118 11.6341 0.000247564
119 11.6313 0.000243257
120 11.6285 0.000239053
121 11.6258 0.000234946
122 11.6231 0.000230936
123 11.6204 0.000227018
124 11.6178 0.00022319
125 11.6153 0.00021945
126 11.6128 0.000215794
127 11.6103 0.000212221
128 11.6079 0.000208728
129 11.6055 0.000205313
130 11.6032 0.000201974
131 11.6009 0.000198708
132 11.5986 0.000195513
133 11.5964 0.000192387
134 11.5942 0.000189329
135 11.592 0.000186337
136 11.5899 0.000183409
137 11.5878 0.000180543
138 11.5857 0.000177737
139 11.5837 0.00017499
140 11.5817 0.0001723
141 11.5797 0.000169666
142 11.5778 0.000167086
143 11.5759 0.00016456
144 11.574 0.000162084
145 11.5722 0.000159659
146 11.5704 0.000157283
147 11.5686 0.000154954
148 11.5668 0.000152672
149 11.5651 0.000150435
150 11.5634 0.000148242
151 11.5617 0.000146093
152 11.56 0.000143985
153 11.5584 0.000141918
154 11.5567 0.000139891
155 11.5551 0.000137903
156 11.5536 0.000135953
157 11.552 0.00013404
158 11.5505 0.000132164
159 11.549 0.000130322
160 11.5475 0.000128516
161 11.546 0.000126743
162 11.5446 0.000125002
163 11.5432 0.000123294
164 11.5418 0.000121618
165 11.5404 0.000119972
166 11.539 0.000118356
167 11.5377 0.000116769
168 11.5363 0.000115211
169 11.535 0.000113681
170 11.5337 0.000112178
171 11.5325 0.000110701
172 11.5312 0.000109251
173 11.53 0.000107827
174 11.5287 0.000106427
175 11.5275 0.000105052
176 11.5263 0.000103701
177 11.5251 0.000102373
178 11.524 0.000101069
179 11.5228 9.9786e-05
180 11.5217 9.85253e-05
181 11.5206 9.72861e-05
182 11.5195 9.60678e-05
183 11.5184 9.48701e-05
184 11.5173 9.36925e-05
185 11.5162 9.25345e-05
186 11.5152 9.13958e-05
187 11.5141 9.0276e-05
188 11.5131 8.91746e-05
189 11.5121 8.80914e-05
190 11.5111 8.70258e-05
191 11.5101 8.59776e-05
192 11.5091 8.49465e-05
193 11.5082 8.39319e-05
194 11.5072 8.29337e-05
195 11.5063 8.19515e-05
196 11.5053 8.0985e-05
197 11.5044 8.00339e-05
198 11.5035 7.90978e-05
199 11.5026 7.81764e-05
200 11.5017 7.72696e-05
201 11.5008 7.63769e-05
202 11.5 7.54981e-05
203 11.4991 7.4633e-05
204 11.4983 7.37813e-05
205 11.4974 7.29427e-05
206 11.4966 7.21169e-05
207 11.4958 7.13038e-05
208 11.495 7.0503e-05
209 11.4942 6.97144e-05
210 11.4934 6.89377e-05
211 11.4926 6.81727e-05
212 11.4918 6.74192e-05
213 11.491 6.6677e-05
214 11.4903 6.59458e-05
215 11.4895 6.52254e-05
216 11.4888 6.45157e-05
217 11.4881 6.38164e-05
218 11.4873 6.31274e-05
219 11.4866 6.24484e-05
220 11.4859 6.17794e-05
221 11.4852 6.112e-05
222 11.4845 6.04702e-05
223 11.4838 5.98298e-05
224 11.4831 5.91985e-05
225 11.4825 5.85763e-05
226 11.4818 5.79629e-05
227 11.4812 5.73582e-05
228 11.4805 5.67621e-05
229 11.4799 5.61744e-05
230 11.4792 5.5595e-05
231 11.4786 5.50237e-05
232 11.478 5.44603e-05
233 11.4773 5.39048e-05
234 11.4767 5.3357e-05
235 11.4761 5.28167e-05
236 11.4755 5.22839e-05
237 11.4749 5.17584e-05
238 11.4743 5.124e-05
239 11.4738 5.07287e-05
240 11.4732 5.02244e-05
241 11.4726 4.97269e-05
242 11.472 4.92361e-05
243 11.4715 4.87519e-05
244 11.4709 4.82741e-05
245 11.4704 4.78028e-05
246 11.4698 4.73377e-05
247 11.4693 4.68788e-05
248 11.4688 4.64259e-05
249 11.4682 4.5979e-05
250 11.4677 4.5538e-05
251 11.4672 4.51027e-05
252 11.4667 4.46732e-05
253 11.4662 4.42492e-05
254 11.4657 4.38307e-05
255 11.4652 4.34176e-05
256 11.4647 4.30098e-05
257 11.4642 4.26072e-05
258 11.4637 4.22098e-05
259 11.4632 4.18175e-05
260 11.4628 4.14301e-05
261 11.4623 4.10477e-05
262 11.4618 4.067e-05
263 11.4614 4.02972e-05
264 11.4609 3.9929e-05
265 11.4605 3.95654e-05
266 11.46 3.92063e-05
267 11.4596 3.88517e-05
268 11.4591 3.85015e-05
269 11.4587 3.81556e-05
270 11.4583 3.78139e-05
271 11.4578 3.74765e-05
272 11.4574 3.71432e-05
273 11.457 3.68139e-05
274 11.4566 3.64886e-05
275 11.4561 3.61673e-05
276 11.4557 3.58499e-05
277 11.4553 3.55362e-05
278 11.4549 3.52264e-05
279 11.4545 3.49202e-05
280 11.4541 3.46177e-05
281 11.4537 3.43188e-05
282 11.4533 3.40234e-05
283 11.453 3.37316e-05
284 11.4526 3.34431e-05
285 11.4522 3.3158e-05
286 11.4518 3.28763e-05
287 11.4514 3.25979e-05
288 11.4511 3.23227e-05
289 11.4507 3.20507e-05
290 11.4503 3.17818e-05
291 11.45 3.1516e-05
292 11.4496 3.12533e-05
293 11.4493 3.09936e-05
294 11.4489 3.07369e-05
295 11.4486 3.04831e-05
296 11.4482 3.02321e-05
297 11.4479 2.9984e-05
1 24.7651 23.7651
2 22.9503 0.0732805
3 21.1508 0.0784096
4 19.6385 0.0715025
5 18.3923 0.0634534
6 17.3561 0.0563414
7 16.4815 0.0503904
8 15.7324 0.045448
9 15.0824 0.0413183
10 14.5118 0.0378334
11 14.0059 0.0348612
12 13.5535 0.0323003
13 13.1459 0.0300729
14 12.7763 0.028119
15 12.4391 0.0263917
16 12.1299 0.0248542
17 11.8451 0.023477
18 11.5817 0.0222362
19 11.3372 0.0211128
20 11.1094 0.0200907
21 10.8966 0.0191569
22 10.6972 0.0183004
23 10.5099 0.0175119
24 10.3335 0.0167837
25 10.167 0.016109
26 10.0096 0.0154822
27 9.86049 0.0148983
28 9.71896 0.0143531
29 9.58442 0.0138428
30 9.45634 0.0133641
31 9.33421 0.0129142
32 9.21762 0.0124906
33 9.10617 0.012091
34 8.99951 0.0117134
35 8.89731 0.011356
36 8.79929 0.0110173
37 8.70517 0.0106959
38 8.61472 0.0103903
39 8.52772 0.0100996
40 8.44395 0.00982256
41 8.36324 0.00955832
42 8.28541 0.009306
43 8.21031 0.0090648
44 8.13778 0.00883401
45 8.06769 0.00861296
46 7.99991 0.00840105
47 7.93433 0.00819773
48 7.87084 0.00800248
49 7.80933 0.00781484
50 7.74971 0.00763437
51 7.69189 0.00746066
52 7.63579 0.00729335
53 7.58133 0.00713209
54 7.52844 0.00697655
55 7.47705 0.00682645
56 7.42709 0.0066815
57 7.37851 0.00654144
58 7.33124 0.00640604
59 7.28523 0.00627505
60 7.24044 0.00614829
61 7.19682 0.00602553
62 7.15431 0.00590661
63 7.11287 0.00579134
64 7.07248 0.00567957
65 7.03307 0.00557113
66 6.99463 0.00546588
67 6.95711 0.00536368
68 6.92049 0.00526441
69 6.88472 0.00516795
70 6.84979 0.00507417
71 6.81566 0.00498297
72 6.7823 0.00489425
73 6.74969 0.00480791
74 6.71781 0.00472385
75 6.68662 0.004642
76 6.65612 0.00456225
77 6.62627 0.00448455
78 6.59705 0.0044088
79 6.56846 0.00433495
80 6.54046 0.00426291
81 6.51303 0.00419264
82 6.48617 0.00412405
83 6.45986 0.00405711
84 6.43407 0.00399174
85 6.4088 0.0039279
86 6.38403 0.00386554
87 6.35974 0.0038046
88 6.33592 0.00374504
89 6.31256 0.00368682
90 6.28965 0.00362988
91 6.26717 0.0035742
92 6.24511 0.00351973
93 6.22346 0.00346644
94 6.20221 0.00341428
95 6.18135 0.00336323
96 6.16087 0.00331325
97 6.14076 0.00326431
98 6.12101 0.00321637
99 6.10161 0.00316941
100 6.08255 0.00312341
101 6.06383 0.00307832
102 6.04543 0.00303414
103 6.02735 0.00299082
104 6.00958 0.00294836
105 5.99211 0.00290671
106 5.97494 0.00286587
107 5.95805 0.00282581
108 5.94145 0.00278651
109 5.92512 0.00274794
110 5.90907 0.0027101
111 5.89327 0.00267295
112 5.87773 0.00263649
113 5.86245 0.0026007
114 5.84741 0.00256555
115 5.83261 0.00253103
116 5.81804 0.00249713
117 5.80371 0.00246383
118 5.7896 0.00243112
119 5.77571 0.00239898
120 5.76204 0.00236739
121 5.74857 0.00233636
122 5.73532 0.00230585
123 5.72227 0.00227586
124 5.70941 0.00224638
125 5.69675 0.00221739
126 5.68428 0.00218888
127 5.672 0.00216085
128 5.6599 0.00213328
129 5.64798 0.00210617
130 5.63623 0.00207949
131 5.62466 0.00205324
132 5.61326 0.00202742
133 5.60202 0.00200201
134 5.59094 0.001977
135 5.58003 0.00195239
136 5.56927 0.00192816
137 5.55866 0.00190432
138 5.54821 0.00188084
139 5.5379 0.00185772
140 5.52774 0.00183496
141 5.51772 0.00181255
142 5.50784 0.00179048
143 5.4981 0.00176874
144 5.48849 0.00174733
145 5.47902 0.00172624
146 5.46967 0.00170546
147 5.46046 0.00168499
148 5.45137 0.00166482
149 5.4424 0.00164495
150 5.43355 0.00162536
151 5.42483 0.00160606
152 5.41622 0.00158704
153 5.40772 0.00156829
154 5.39934 0.00154981
155 5.39107 0.00153159
156 5.38291 0.00151363
157 5.37486 0.00149593
158 5.36691 0.00147847
159 5.35907 0.00146125
160 5.35133 0.00144428
161 5.34369 0.00142754
162 5.33615 0.00141103
163 5.32871 0.00139475
164 5.32136 0.00137869
165 5.31411 0.00136284
166 5.30695 0.00134722
167 5.29988 0.0013318
168 5.29291 0.00131659
169 5.28602 0.00130158
170 5.27921 0.00128678
171 5.2725 0.00127217
172 5.26587 0.00125775
173 5.25932 0.00124353
174 5.25285 0.00122949
175 5.24647 0.00121563
176 5.24016 0.00120195
177 5.23393 0.00118845
178 5.22778 0.00117513
179 5.22171 0.00116198
180 5.21571 0.00114899
181 5.20978 0.00113617
182 5.20393 0.00112352
183 5.19815 0.00111102
184 5.19244 0.00109869
185 5.18679 0.00108651
186 5.18122 0.00107448
187 5.17572 0.0010626
188 5.17028 0.00105087
189 5.1649 0.00103929
190 5.15959 0.00102785
191 5.15435 0.00101655
192 5.14917 0.00100539
193 5.14405 0.000994367
194 5.13899 0.000983479
195 5.13399 0.000972724
196 5.12905 0.0009621
197 5.12417 0.000951605
198 5.11935 0.000941236
199 5.11458 0.000930993
200 5.10987 0.000920872
201 5.10522 0.000910873
202 5.10062 0.000900994
203 5.09607 0.000891232
204 5.09158 0.000881586
205 5.08714 0.000872054
206 5.08275 0.000862636
207 5.07841 0.000853328
208 5.07412 0.000844129
209 5.06989 0.000835039
210 5.0657 0.000826054
211 5.06156 0.000817175
212 5.05747 0.000808399
213 5.05342 0.000799724
214 5.04943 0.000791151
215 5.04547 0.000782676
216 5.04157 0.000774299
217 5.03771 0.000766018
218 5.03389 0.000757832
219 5.03011 0.00074974
220 5.02638 0.000741741
221 5.02269 0.000733832
222 5.01905 0.000726013
223 5.01544 0.000718284
224 5.01188 0.000710641
225 5.00835 0.000703085
226 5.00487 0.000695614
227 5.00143 0.000688227
228 4.99802 0.000680923
229 4.99465 0.000673701
230 4.99132 0.00066656
231 4.98803 0.000659499
232 4.98478 0.000652516
233 4.98156 0.00064561
234 4.97838 0.000638782
235 4.97523 0.000632029
236 4.97212 0.000625351
237 4.96904 0.000618746
238 4.966 0.000612214
239 4.96299 0.000605754
240 4.96002 0.000599365
241 4.95708 0.000593047
242 4.95417 0.000586797
243 4.95129 0.000580616
244 4.94845 0.000574502
245 4.94563 0.000568454
246 4.94285 0.000562473
247 4.9401 0.000556556
248 4.93738 0.000550704
249 4.93469 0.000544915
250 4.93203 0.000539189
251 4.9294 0.000533524
252 4.9268 0.000527921
253 4.92422 0.000522378
254 4.92168 0.000516894
255 4.91916 0.00051147
256 4.91667 0.000506103
257 4.91421 0.000500795
258 4.91177 0.000495543
259 4.90936 0.000490347
260 4.90698 0.000485206
261 4.90463 0.000480121
262 4.9023 0.00047509
263 4.89999 0.000470112
264 4.89771 0.000465187
265 4.89546 0.000460314
266 4.89323 0.000455493
267 4.89102 0.000450723
268 4.88884 0.000446004
269 4.88668 0.000441334
270 4.88455 0.000436714
271 4.88244 0.000432142
272 4.88035 0.000427619
273 4.87828 0.000423144
274 4.87624 0.000418715
275 4.87422 0.000414333
276 4.87222 0.000409997
277 4.87025 0.000405707
278 4.86829 0.000401461
279 4.86636 0.00039726
280 4.86444 0.000393103
281 4.86255 0.00038899
282 4.86068 0.000384919
283 4.85883 0.000380891
284 4.857 0.000376905
285 4.85519 0.000372961
286 4.85339 0.000369058
287 4.85162 0.000365195
288 4.84987 0.000361373
289 4.84813 0.00035759
290 4.84642 0.000353847
291 4.84472 0.000350142
292 4.84304 0.000346476
293 4.84138 0.000342848
294 4.83974 0.000339258
295 4.83812 0.000335705
296 4.83651 0.000332189
297 4.83492 0.000328709
298 4.83335 0.000325265
299 4.83179 0.000321857
300 4.83025 0.000318484
301 4.82873 0.000315145
302 4.82722 0.000311842
303 4.82573 0.000308572
304 4.82426 0.000305336
305 4.8228 0.000302134
306 4.82136 0.000298965
307 4.81993 0.000295828
308 4.81852 0.000292723
309 4.81713 0.000289651
310 4.81575 0.00028661
311 4.81438 0.0002836
312 4.81303 0.000280622
313 4.81169 0.000277674
314 4.81037 0.000274756
315 4.80906 0.000271869
316 4.80777 0.000269011
317 4.80649 0.000266182
318 4.80523 0.000263383
319 4.80397 0.000260612
320 4.80273 0.000257869
321 4.80151 0.000255155
322 4.8003 0.000252469
323 4.7991 0.00024981
324 4.79791 0.000247178
325 4.79674 0.000244574
326 4.79558 0.000241996
327 4.79443 0.000239445
328 4.79329 0.000236919
329 4.79217 0.00023442
330 4.79106 0.000231946
331 4.78996 0.000229498
332 4.78887 0.000227074
333 4.78779 0.000224676
334 4.78673 0.000222302
335 4.78568 0.000219952
336 4.78464 0.000217626
337 4.78361 0.000215324
338 4.78259 0.000213046
339 4.78158 0.000210791
340 4.78058 0.000208559
341 4.77959 0.00020635
342 4.77862 0.000204164
343 4.77765 0.000202
344 4.7767 0.000199858
345 4.77575 0.000197738
346 4.77482 0.00019564
347 4.7739 0.000193563
348 4.77298 0.000191507
349 4.77208 0.000189473
350 4.77118 0.000187459
351 4.7703 0.000185466
352 4.76942 0.000183493
353 4.76856 0.00018154
354 4.7677 0.000179608
355 4.76685 0.000177695
356 4.76601 0.000175802
357 4.76519 0.000173928
358 4.76437 0.000172073
359 4.76355 0.000170238
360 4.76275 0.000168421
361 4.76196 0.000166622
362 4.76117 0.000164843
363 4.7604 0.000163081
364 4.75963 0.000161337
365 4.75887 0.000159611
366 4.75812 0.000157903
367 4.75737 0.000156213
368 4.75664 0.00015454
369 4.75591 0.000152883
370 4.75519 0.000151244
371 4.75448 0.000149622
372 4.75378 0.000148016
373 4.75308 0.000146427
374 4.75239 0.000144854
375 4.75171 0.000143297
376 4.75104 0.000141756
377 4.75037 0.000140231
378 4.74971 0.000138721
379 4.74906 0.000137227
380 4.74842 0.000135749
381 4.74778 0.000134285
382 4.74715 0.000132837
383 4.74652 0.000131403
384 4.74591 0.000129984
385 4.7453 0.00012858
386 4.74469 0.00012719
387 4.7441 0.000125815
388 4.74351 0.000124453
389 4.74292 0.000123106
390 4.74235 0.000121772
391 4.74177 0.000120452
392 4.74121 0.000119146
393 4.74065 0.000117853
394 4.7401 0.000116573
395 4.73955 0.000115307
396 4.73901 0.000114053
397 4.73848 0.000112813
398 4.73795 0.000111585
399 4.73742 0.00011037
400 4.73691 0.000109168
401 4.7364 0.000107978
402 4.73589 0.0001068
403 4.73539 0.000105634
404 4.73489 0.00010448
405 4.73441 0.000103338
406 4.73392 0.000102208
407 4.73344 0.00010109
408 4.73297 9.99831e-05
409 4.7325 9.88877e-05
410 4.73204 9.78037e-05
411 4.73158 9.67308e-05
412 4.73113 9.5669e-05
413 4.73068 9.46182e-05
414 4.73024 9.35782e-05
415 4.7298 9.2549e-05
416 4.72937 9.15305e-05
417 4.72894 9.05225e-05
418 4.72852 8.95249e-05
419 4.7281 8.85377e-05
420 4.72768 8.75607e-05
421 4.72727 8.65938e-05
422 4.72687 8.5637e-05
423 4.72647 8.469e-05
424 4.72607 8.37529e-05
425 4.72568 8.28255e-05
426 4.72529 8.19077e-05
427 4.72491 8.09995e-05
428 4.72453 8.01007e-05
429 4.72416 7.92112e-05
430 4.72379 7.8331e-05
431 4.72342 7.74599e-05
432 4.72306 7.65979e-05
433 4.7227 7.57449e-05
434 4.72235 7.49007e-05
435 4.722 7.40653e-05
436 4.72165 7.32386e-05
437 4.72131 7.24205e-05
438 4.72097 7.1611e-05
439 4.72064 7.08099e-05
440 4.72031 7.00171e-05
441 4.71998 6.92326e-05
442 4.71966 6.84563e-05
443 4.71934 6.76881e-05
444 4.71902 6.69279e-05
445 4.71871 6.61757e-05
446 4.7184 6.54313e-05
447 4.7181 6.46947e-05
448 4.7178 6.39658e-05
449 4.7175 6.32446e-05
450 4.7172 6.25309e-05
451 4.71691 6.18246e-05
452 4.71662 6.11258e-05
453 4.71634 6.04342e-05
454 4.71606 5.975e-05
455 4.71578 5.90729e-05
456 4.7155 5.84029e-05
457 4.71523 5.77399e-05
458 4.71496 5.70839e-05
459 4.71469 5.64347e-05
460 4.71443 5.57924e-05
461 4.71417 5.51569e-05
462 4.71391 5.4528e-05
463 4.71366 5.39058e-05
464 4.71341 5.32901e-05
465 4.71316 5.26809e-05
466 4.71292 5.2078e-05
467 4.71267 5.14816e-05
468 4.71243 5.08914e-05
469 4.7122 5.03075e-05
470 4.71196 4.97297e-05
471 4.71173 4.9158e-05
472 4.7115 4.85924e-05
473 4.71127 4.80327e-05
474 4.71105 4.74789e-05
475 4.71083 4.6931e-05
476 4.71061 4.63889e-05
477 4.71039 4.58525e-05
478 4.71018 4.53218e-05
479 4.70997 4.47968e-05
480 4.70976 4.42772e-05
481 4.70956 4.37632e-05
482 4.70935 4.32547e-05
483 4.70915 4.27515e-05
484 4.70895 4.22537e-05
485 4.70876 4.17612e-05
486 4.70856 4.12739e-05
487 4.70837 4.07918e-05
488 4.70818 4.03148e-05
489 4.70799 3.98428e-05
490 4.70781 3.93759e-05
491 4.70762 3.8914e-05
492 4.70744 3.8457e-05
493 4.70726 3.80049e-05
494 4.70709 3.75576e-05
495 4.70691 3.7115e-05
496 4.70674 3.66772e-05
497 4.70657 3.62441e-05
498 4.7064 3.58156e-05
499 4.70623 3.53917e-05
500 4.70607 3.49723e-05
501 4.70591 3.45574e-05
502 4.70575 3.41469e-05
503 4.70559 3.37408e-05
504 4.70543 3.33391e-05
505 4.70527 3.29417e-05
506 4.70512 3.25486e-05
507 4.70497 3.21596e-05
508 4.70482 3.17749e-05
509 4.70467 3.13943e-05
510 4.70453 3.10178e-05
511 4.70438 3.06453e-05
512 4.70424 3.02768e-05
513 4.7041 2.99123e-05
514 4.70396 2.95518e-05
515 4.70382 2.91951e-05
516 4.70369 2.88422e-05
517 4.70355 2.84932e-05
518 4.70342 2.81479e-05
519 4.70329 2.78064e-05
520 4.70316 2.74686e-05
521 4.70303 2.71344e-05
522 4.70291 2.68038e-05
523 4.70278 2.64768e-05
524 4.70266 2.61534e-05
525 4.70254 2.58334e-05
526 4.70242 2.5517e-05
527 4.7023 2.52039e-05
528 4.70218 2.48943e-05
529 4.70207 2.4588e-05
530 4.70195 2.4285e-05
531 4.70184 2.39854e-05
532 4.70173 2.3689e-05
533 4.70162 2.33958e-05
534 4.70151 2.31058e-05
535 4.7014 2.2819e-05
536 4.7013 2.25353e-05
537 4.70119 2.22548e-05
538 4.70109 2.19772e-05
539 4.70099 2.17027e-05
540 4.70089 2.14313e-05
541 4.70079 2.11627e-05
542 4.70069 2.08972e-05
543 4.70059 2.06345e-05
544 4.7005 2.03747e-05
545 4.7004 2.01178e-05
546 4.70031 1.98636e-05
547 4.70022 1.96123e-05
548 4.70012 1.93637e-05
549 4.70003 1.91179e-05
550 4.69995 1.88748e-05
551 4.69986 1.86343e-05
552 4.69977 1.83965e-05
553 4.69969 1.81613e-05
554 4.6996 1.79288e-05
555 4.69952 1.76987e-05
556 4.69944 1.74713e-05
557 4.69936 1.72463e-05
558 4.69928 1.70238e-05
559 4.6992 1.68038e-05
560 4.69912 1.65862e-05
561 4.69904 1.63711e-05
562 4.69897 1.61583e-05
563 4.69889 1.59479e-05
564 4.69882 1.57398e-05
565 4.69874 1.5534e-05
566 4.69867 1.53306e-05
567 4.6986 1.51294e-05
568 4.69853 1.49304e-05
569 4.69846 1.47336e-05
570 4.69839 1.45391e-05
571 4.69833 1.43467e-05
572 4.69826 1.41565e-05
573 4.69819 1.39684e-05
574 4.69813 1.37824e-05
575 4.69807 1.35984e-05
576 4.698 1.34166e-05
577 4.69794 1.32368e-05
578 4.69788 1.3059e-05
579 4.69782 1.28832e-05
580 4.69776 1.27093e-05
581 4.6977 1.25375e-05
582 4.69764 1.23675e-05
583 4.69758 1.21995e-05
584 4.69753 1.20334e-05
585 4.69747 1.18691e-05
586 4.69742 1.17067e-05
587 4.69736 1.15462e-05
588 4.69731 1.13874e-05
589 4.69726 1.12305e-05
590 4.6972 1.10753e-05
591 4.69715 1.09219e-05
592 4.6971 1.07702e-05
593 4.69705 1.06203e-05
594 4.697 1.04721e-05
595 4.69696 1.03255e-05
596 4.69691 1.01806e-05
597 4.69686 1.00374e-05
598 4.69681 9.89578e-06
599 4.69677 9.7558e-06
600 4.69672 9.61742e-06
601 4.69668 9.48062e-06
602 4.69663 9.34539e-06
603 4.69659 9.2117e-06
604 4.69655 9.07955e-06
605 4.69651 8.94892e-06
606 4.69646 8.81979e-06
607 4.69642 8.69214e-06
608 4.69638 8.56596e-06
609 4.69634 8.44124e-06
610 4.69631 8.31795e-06
611 4.69627 8.19609e-06
612 4.69623 8.07564e-06
613 4.69619 7.95658e-06
614 4.69615 7.8389e-06
615 4.69612 7.72258e-06
616 4.69608 7.60761e-06
617 4.69605 7.49398e-06
618 4.69601 7.38166e-06
619 4.69598 7.27066e-06
620 4.69594 7.16094e-06
621 4.69591 7.05251e-06
622 4.69588 6.94534e-06
623 4.69585 6.83942e-06
624 4.69582 6.73474e-06
625 4.69578 6.63129e-06
626 4.69575 6.52905e-06
627 4.69572 6.42801e-06
628 4.69569 6.32816e-06
629 4.69566 6.22948e-06
630 4.69564 6.13196e-06
631 4.69561 6.03559e-06
632 4.69558 5.94035e-06
633 4.69555 5.84624e-06
634 4.69552 5.75325e-06
635 4.6955 5.66135e-06
636 4.69547 5.57054e-06
637 4.69545 5.48081e-06
638 4.69542 5.39215e-06
639 4.6954 5.30454e-06
640 4.69537 5.21797e-06
641 4.69535 5.13244e-06
642 4.69532 5.04792e-06
643 4.6953 4.96441e-06
644 4.69528 4.88191e-06
645 4.69526 4.80039e-06
646 4.69523 4.71985e-06
647 4.69521 4.64027e-06
648 4.69519 4.56165e-06
649 4.69517 4.48398e-06
650 4.69515 4.40724e-06
651 4.69513 4.33143e-06
652 4.69511 4.25653e-06
653 4.69509 4.18254e-06
654 4.69507 4.10945e-06
655 4.69505 4.03724e-06
656 4.69503 3.96591e-06
657 4.69501 3.89544e-06
658 4.69499 3.82584e-06
659 4.69498 3.75708e-06
660 4.69496 3.68916e-06
661 4.69494 3.62207e-06
662 4.69493 3.5558e-06
663 4.69491 3.49035e-06
664 4.69489 3.4257e-06
665 4.69488 3.36184e-06
666 4.69486 3.29877e-06
667 4.69485 3.23648e-06
668 4.69483 3.17495e-06
669 4.69482 3.11419e-06
670 4.6948 3.05418e-06
671 4.69479 2.99491e-06
672 4.69478 2.93638e-06
673 4.69476 2.87857e-06
674 4.69475 2.82149e-06
675 4.69474 2.76512e-06
676 4.69472 2.70945e-06
677 4.69471 2.65448e-06
678 4.6947 2.60019e-06
679 4.69469 2.54659e-06
680 4.69467 2.49367e-06
681 4.69466 2.44141e-06
682 4.69465 2.3898e-06
683 4.69464 2.33885e-06
684 4.69463 2.28855e-06
685 4.69462 2.23888e-06
686 4.69461 2.18985e-06
687 4.6946 2.14143e-06
688 4.69459 2.09364e-06
689 4.69458 2.04645e-06
690 4.69457 1.99987e-06
691 4.69456 1.95388e-06
692 4.69455 1.90848e-06
693 4.69454 1.86367e-06
694 4.69454 1.81944e-06
695 4.69453 1.77577e-06
696 4.69452 1.73267e-06
697 4.69451 1.69013e-06
698 4.6945 1.64813e-06
699 4.6945 1.60669e-06
700 4.69449 1.56578e-06
701 4.69448 1.52541e-06
702 4.69447 1.48556e-06
703 4.69447 1.44624e-06
704 4.69446 1.40743e-06
705 4.69445 1.36914e-06
706 4.69445 1.33134e-06
707 4.69444 1.29405e-06
708 4.69444 1.25725e-06
709 4.69443 1.22094e-06
710 4.69442 1.18511e-06
711 4.69442 1.14975e-06
712 4.69441 1.11487e-06
713 4.69441 1.08045e-06
714 4.6944 1.0465e-06
715 4.6944 1.013e-06
716 4.69439 9.79951e-07
717 4.69439 9.47349e-07
718 4.69439 9.15187e-07
719 4.69438 8.8346e-07
720 4.69438 8.52165e-07
721 4.69437 8.21295e-07
722 4.69437 7.90846e-07
723 4.69437 7.60814e-07
724 4.69436 7.31193e-07
725 4.69436 7.01979e-07
726 4.69436 6.73167e-07
727 4.69435 6.44753e-07
728 4.69435 6.16733e-07
729 4.69435 5.89101e-07
730 4.69435 5.61853e-07
731 4.69434 5.34985e-07
732 4.69434 5.08494e-07
733 4.69434 4.82373e-07
734 4.69434 4.56619e-07
735 4.69433 4.31229e-07
736 4.69433 4.06197e-07
737 4.69433 3.8152e-07
738 4.69433 3.57193e-07
739 4.69433 3.33213e-07
740 4.69433 3.09576e-07
741 4.69432 2.86277e-07
742 4.69432 2.63313e-07
743 4.69432 2.4068e-07
744 4.69432 2.18374e-07
745 4.69432 1.96392e-07
746 4.69432 1.74729e-07
747 4.69432 1.53382e-07
748 4.69432 1.32347e-07
749 4.69432 1.11621e-07
750 4.69432 9.12006e-08
751 4.69432 7.10813e-08
752 4.69432 5.126e-08
753 4.69432 3.17334e-08
754 4.69432 1.2498e-08
755 4.69432 6.44968e-09
